ID,p_Action,p_Adventure,p_Animation,p_Biography,p_Comedy,p_Crime,p_Documentary,p_Drama,p_Family,p_Fantasy,p_Film-Noir,p_History,p_Horror,p_Music,p_Musical,p_Mystery,p_News,p_Romance,p_Sci-Fi,p_Short,p_Sport,p_Thriller,p_War,p_Western
1,0.1430298669024567,0.10195959370094614,0.024453562155333307,0.02993804076719862,0.354551607190489,0.13882961807062769,0.0307872728447387,0.49014000407751446,0.07315886850178223,0.10133900769867399,0.011415280199594197,0.026011019079969756,0.09088854827238169,0.08416404710333464,0.025069075245515292,0.06320827660299354,0.0,0.36281754575993974,0.056648111045486386,0.008970470764922958,0.017522412856104282,0.2026048429492899,0.033988535301113496,0.01811703772145132
4,0.12262390961378447,0.08578646422442182,0.024213218849365007,0.08479516815821006,0.37094895517853665,0.21665652373670086,0.08035856956200278,0.5156841612995425,0.06297616579345866,0.06701850038777463,0.010105374351405062,0.031994778986541864,0.08905911469970308,0.03472296783722031,0.02473354433477572,0.06093452017730744,0.00047654094126190177,0.1497030335264524,0.05818960886228469,0.014248218908813037,0.020098564548927687,0.2047936345575544,0.030438286429843347,0.018505864446011294
5,0.15136351024035935,0.11028405961649573,0.013762334248271956,0.07533405845610668,0.3048372358206808,0.4487356469980673,0.02100992807342842,0.6115444664142435,0.08174081833659796,0.16912080576877378,0.1224549224048507,0.04095141517041159,0.15185975087782713,0.031472710828847686,0.04453799080359235,0.26137200420228934,0.0,0.3359865562837178,0.12850524863689217,0.0010159739370452635,0.04865833190719905,0.4232424934544574,0.05269297089344886,0.02535113384801402
6,0.1544481307771899,0.12577208679921723,0.020991347298119262,0.06412411298595426,0.3407786718693078,0.14089233679388302,0.009133397322362138,0.6320375284858821,0.06828708275069938,0.06363061199085256,0.023087902202962852,0.0419742393336311,0.12673190823552882,0.04728766354658844,0.13107430972434064,0.08841814302041551,0.0,0.1972236743759361,0.13220789550443868,0.001432257698561908,0.03974271848598653,0.26938488494743734,0.07760719585349929,0.017862038878494996
7,0.1751425483835249,0.21006924246602487,0.03547554071682026,0.03250471043514512,0.3138499192710085,0.2431499442207157,0.021792945029287605,0.4278849488558913,0.07978083674162571,0.14387869569598985,0.02548109147010248,0.025039860952387166,0.27687322001772635,0.023089478057385825,0.023859413214792537,0.09035902971099252,4.800604506141463e-05,0.20511705062929628,0.24166300302095195,0.0026336977339087853,0.018403172280594595,0.25946480056345644,0.02156936810865995,0.01758515780301307
9,0.13451974590827315,0.09447526211344749,0.023489485621866903,0.040456652466539136,0.37692597063842703,0.13120982127575126,0.04996253365479805,0.4990129539500227,0.06568487697038322,0.06886306919889612,0.014904682833245688,0.03372666802987593,0.0960201401014358,0.026159269773411997,0.024512596718192434,0.06334318553976463,4.800604506141463e-05,0.16056982937531497,0.05917498688001175,0.00831476908093735,0.03902415311677087,0.20953902500003788,0.023987458589244098,0.019166378217789305
11,0.16272649716318785,0.16277530967369558,0.03931492623543828,0.059453040877990485,0.3732192301479172,0.14371642547002525,0.41509008642448797,0.4326354768572708,0.13397397677996659,0.12158246297312568,0.010560204915011634,0.05164330441280798,0.09387369618960836,0.12150277239216761,0.07294849456264048,0.0846605604679836,0.001086466165413534,0.19739660332955428,0.08263575611176383,0.008576222959355192,0.029992441322791247,0.21976599281088102,0.022838790662934885,0.02821614760725477
13,0.2112414238718781,0.12427737955616598,0.02280559519212126,0.029639512600699178,0.4635551528778435,0.2959751736931601,0.024368147063539312,0.45239566788484,0.06479281822480573,0.06545372438748526,0.013113091620890874,0.026607025413123046,0.0945839953864715,0.033683058044500086,0.023750129343657736,0.06171826097501209,0.0,0.22008958522301858,0.06448987780619123,0.0076312358307480555,0.02127704718884454,0.27843985579168445,0.024231677826794078,0.019102018281737975
16,0.11789210483010311,0.07982253749956386,0.024297837272457327,0.038002105123536994,0.36977592129198145,0.13028750352880947,0.08363890232547976,0.5421254811248827,0.06372417295050763,0.06406730421832384,0.010383678544081665,0.025753554364196844,0.09244229122288333,0.0438271853939485,0.025149193131039024,0.06955790875503778,0.00013210048945706758,0.21116140848073883,0.05573966395502124,0.012557084084535854,0.019871026695396764,0.19895271282962504,0.021611763713010424,0.017722896574319615
21,0.11934651907076602,0.09925272787010252,0.04666273050717404,0.03496779988777989,0.41045881350339647,0.11941869326312894,0.06361623362159903,0.4837921749096129,0.06682708816693966,0.06312811226500793,0.010714161027699308,0.025902234171214414,0.08755931548046217,0.027937031463846393,0.026491074016581476,0.06203415241278373,0.00018018018018018018,0.24030256979423592,0.059805041001945,0.009957744292819452,0.020639771101005677,0.1668384004237787,0.024227472400511672,0.018909810145111908
22,0.17803750692065257,0.14858753479790773,0.032641347984349214,0.027560303538445997,0.4162848416090006,0.10840321193033567,0.025145102575819585,0.5240153455923735,0.1503921754819212,0.21340511257273853,0.012648117691720315,0.025410849142091622,0.18667160007379985,0.02239911427767204,0.03850685683889078,0.08790678213258561,0.0,0.39898468790280456,0.09991369274709166,0.017537576627162488,0.027005067464431525,0.19810637032583217,0.0478347655672086,0.016493583612570036
24,0.20453644336056617,0.08280844396254729,0.01906981581753478,0.047279720196685415,0.4021773308924641,0.3918859766874294,0.04093781082688394,0.4887174998270229,0.06884128628471839,0.09218398089003074,0.026948442625416513,0.0200576605115621,0.15453147821366772,0.022762479824745472,0.027608622611026576,0.24526571716224402,0.0,0.40877008280987454,0.07711168399190414,0.0033630968922900768,0.01737704226708377,0.5277310572889129,0.02031506713478902,0.027324807882055446
25,0.161191083904104,0.12666250747340688,0.023371827268955477,0.058063741594952624,0.354105433939364,0.14602480786284502,0.02081086463615551,0.5919415365427385,0.06525128933697628,0.07040642868645816,0.011157042994569242,0.02652317863641769,0.11006576534744601,0.022753202142183664,0.025343581689680462,0.07764038829068545,0.0,0.16910331085159416,0.08358009609313206,0.004295501541041792,0.028382179995553054,0.2797895361443279,0.03170453469785116,0.019531208205230816
32,0.10720208342618934,0.09693764581203877,0.02082224871671434,0.05157742789660266,0.4471280015767799,0.1350039880826688,0.023865841509253197,0.4971951566588345,0.06323858137246666,0.06476103921447414,0.010656817312065187,0.030477845026880505,0.09224103443126981,0.03281642274961438,0.026650048394960976,0.08834973112257138,0.0,0.3669521350787061,0.04937728721059913,0.005596929687059122,0.025148963244524154,0.207662988200273,0.04360914602458517,0.017124340261892745
38,0.10385838622482531,0.09313436295804266,0.024971334866172548,0.030228256388244893,0.3898258502942219,0.13566459976804804,0.034702221735409905,0.5906436111678374,0.06566144566889498,0.06136030622879136,0.010226542751504555,0.033318501345722645,0.0835576613285005,0.025250724263339675,0.024973588266986247,0.07784572131403017,0.0,0.28845460473185996,0.04671702617142341,0.0063070273376999485,0.01676973371258608,0.2032573804272763,0.03472927236363565,0.026459895267638235
40,0.17223623341726288,0.09236663659660588,0.022343277063153755,0.038570388801012226,0.41233275380966733,0.19037632202409582,0.03513562112484638,0.4797729195561879,0.07362381617796875,0.06445333569499645,0.016706907777749653,0.029609158637352705,0.09279501577179561,0.02730342832111442,0.02585739139305227,0.06504636253457692,3.189298577185037e-05,0.1641069103244875,0.057306284492670584,0.022224779962972563,0.02067193577314654,0.23008591906213766,0.05966094661985844,0.02882365111698404
54,0.1365718425227731,0.12120922554291123,0.022702636306035674,0.029203375132410225,0.43289967202838237,0.13109191624514518,0.021302472644299728,0.4446094620260036,0.07543540265052823,0.06544569312987594,0.01113780918476502,0.025520078530128578,0.09923982344887641,0.0629806394204896,0.024535794956869215,0.0704229091107766,1.034126163391934e-05,0.2055702876168473,0.05866542744659627,0.0073353820068955055,0.019066776814449467,0.20516178323770987,0.024776652426750298,0.019726743625271288
55,0.12082585307525409,0.10350935824149947,0.020738993103974524,0.029808947903562144,0.3200602569398421,0.1287928674535019,0.011469052376835083,0.5689455058656566,0.06407523813785494,0.0681004744895119,0.011778449022347481,0.02360633377388572,0.11866468314791001,0.02777219781591189,0.025718595550045742,0.06892746431189964,0.0,0.22070498577501196,0.05294335932952915,0.004298468355370146,0.020839539752100945,0.20641601559730077,0.027907115851255618,0.01693530800411035
60,0.12919898219130763,0.10641721911840372,0.03732257958917093,0.029812261588032976,0.43103950567092975,0.1314433709937856,0.019639976257051706,0.4743170443874507,0.06355907444691819,0.06553263100405933,0.011482855793894839,0.02441913968364906,0.12783890560311817,0.02367341665804073,0.024825815770868252,0.07586323147296893,0.01,0.19216615967100256,0.07759364089868412,0.015219723588468032,0.02645727090160172,0.26278407584329666,0.023100862810453596,0.018362430318176158
64,0.09740325160040271,0.09483022227467719,0.029918811532627897,0.04611517785411835,0.4144188418813078,0.1301219776719668,0.028739528807121602,0.5937987325973348,0.0888007862335156,0.07436247331076447,0.054782890183372276,0.020669623920944836,0.135778935707014,0.029410184990392055,0.10172499278972252,0.1302940092470749,0.0,0.45865786707015294,0.07395850356312336,0.022112850284074517,0.016944781605644953,0.2432409632459818,0.06955853151114334,0.018738205839049813
72,0.11667638576762568,0.08964513915698197,0.023187090192938034,0.05217179677532325,0.3764653463259293,0.12676899538558545,0.20603240649701168,0.4800920097727822,0.06535958431177186,0.06500632280887576,0.011632864797072224,0.027139651563580794,0.08728260512529368,0.030931000967650255,0.02372571000426176,0.06150294892291834,0.00019465196020912372,0.18511785319067936,0.058260273438342274,0.012536255199411246,0.022066491210104483,0.19967616745555172,0.023957150943903504,0.019991707043845813
74,0.10405595555013647,0.11886504246965746,0.01783452042637365,0.031956327717164876,0.40796079291389903,0.1389301100922257,0.013345705519169228,0.5533939583411553,0.07137909652749247,0.0774763831450052,0.01247910324223392,0.019642704122302478,0.13240680956068382,0.07488884392368876,0.05247250738637,0.0941006276053123,0.0,0.3469500078936834,0.048078568913193356,0.01297742982176874,0.03395541037533151,0.22423712354660263,0.028666711415005097,0.018699023204713026
77,0.18363525253569304,0.10855812853531528,0.025366007069928198,0.04601393503555775,0.3869367645703155,0.31555287024739975,0.03965811899781409,0.48574283654956557,0.06630224767370053,0.06415247947732734,0.011274607722070853,0.032998647057652916,0.19405108223830886,0.035022989640525644,0.024411515668039514,0.13482097410128627,0.0,0.15406559471015505,0.05888860551780309,0.009153431512033789,0.03372421030635151,0.3267872897470566,0.026867053004309235,0.018006811621596085
78,0.16306648396651297,0.1312517001456685,0.03583926398190028,0.04789783174103903,0.48042415170508695,0.20144461817220852,0.024406888328687936,0.6203426340640998,0.0805967915635883,0.10473101585449072,0.012540471119792505,0.017756821104095263,0.11834901808061402,0.04682087689274567,0.02627048365441538,0.12149232667314472,0.0,0.35548131292072555,0.06922036243449622,0.0027701093144883284,0.021650129497104133,0.2739507999052082,0.021033764567723413,0.02617035236276174
89,0.18878225407219598,0.2822685105804455,0.0909266455567244,0.04022345813845844,0.3209613910043086,0.12648072817154657,0.03488448331327187,0.641082946870028,0.1266066399314982,0.17893877589689264,0.012264071723935501,0.04347521171240287,0.06991741982436632,0.02940073247480029,0.10788012681816188,0.1008149257855332,0.0,0.5299111718309806,0.054524789968429355,0.013637494895992667,0.01811752628023484,0.18056514846077001,0.03188558680556453,0.12926081467389028
94,0.08706079946702416,0.10103241378505662,0.02088889675114525,0.034866871259547114,0.39371558910771043,0.1099766351847184,0.014708649871030306,0.6122398790667581,0.0666239372214779,0.065934353366537,0.023876804089348683,0.06902886040146618,0.15401139660222868,0.024616800448125854,0.040513373656821575,0.0996917191301072,1.034126163391934e-05,0.5220351876310045,0.07200289822836962,0.004167906007761742,0.026857075730254344,0.19981444526938943,0.022327576952262985,0.02417952128777553
97,0.22852053097845848,0.12321766699568444,0.020439501906386978,0.022910475536949502,0.24084695149249985,0.1619503796903885,0.02322891877731765,0.5583098910178098,0.09462545242906018,0.0852943071744931,0.013695748998404256,0.02062069105386127,0.14610394927343737,0.021814654942032732,0.03596590360729144,0.08636202604513908,0.0,0.23790144189576679,0.06004721601729095,0.007400421192336471,0.018512397253660825,0.26690703158559886,0.02396587749227893,0.02039461874625334
98,0.14978701548067985,0.09910134181860684,0.024724759002737514,0.04205710611812808,0.46073321123839533,0.12654083395371996,0.02850494942892545,0.5438703197480791,0.07191335999327894,0.06740067887825883,0.011048990496059756,0.028878273178987238,0.07899197809926563,0.025061415828602055,0.024128852998781713,0.06394496122630092,1.034126163391934e-05,0.16881187290699956,0.05897134371552868,0.014889514209411718,0.024811547311645064,0.22472014182188804,0.032775998843147774,0.01923365286320667
105,0.23949774783757108,0.10368946687703523,0.02883865822318203,0.036590888954554354,0.3954700781118483,0.2987804782354228,0.009329990212027506,0.539234277398512,0.05701262588263877,0.09916815223485964,0.06066868977608384,0.02249661227241184,0.13663627312157348,0.022026044649040996,0.025303223188592038,0.1219560525170896,0.0,0.23168700394832314,0.09090223637715755,0.002155358496931919,0.02619005604932361,0.3077613845863824,0.04426738213349994,0.0318703465159943
115,0.1245237243653222,0.0924234571075607,0.02393715078923723,0.037427558037160184,0.41385329865488724,0.12255692143531412,0.044392452042971514,0.49468778893420967,0.06641396059996367,0.06955668482718684,0.010738894419002696,0.02397931659511045,0.10621345010183467,0.03413723601945427,0.034276509135836554,0.06360647497211272,3.189298577185037e-05,0.18113061282543919,0.07152196913566664,0.010313018199682365,0.02086962638540713,0.2075205470191744,0.025743936863931786,0.0175607332355924
116,0.19516794588532332,0.16394334715760114,0.03357072446635922,0.038860576972034704,0.3773003093611182,0.12303187398925325,0.07517532800513321,0.5255141361339422,0.07606454499742994,0.09207045868531732,0.019797273085309593,0.028681690451122427,0.15634422234510287,0.03278808423737784,0.02405754641928113,0.07771901754188575,0.0005263157894736842,0.18669517980779318,0.06721048600808019,0.0049141092898210585,0.018744823503746955,0.23571458845991308,0.025127228788978932,0.038001358422481785
117,0.20752262685619635,0.11855724974496493,0.02723251738150084,0.026777123812995764,0.3799372660580896,0.28124205219785686,0.04361324556629389,0.37189344958247067,0.08422158772484789,0.10679438252792138,0.011122786451462,0.027216576642151644,0.1889989965856051,0.027963936886950154,0.024524918657919267,0.07644035572868291,4.3668122270742355e-05,0.17403405829431262,0.28866201748347914,0.007605975360176955,0.017124047650339435,0.2372977354375393,0.02532686389924186,0.02124621683752289
125,0.20363191088515487,0.1019628066016711,0.023053641218246716,0.03976170955474769,0.3897300355667897,0.1708958447052186,0.04952454883038441,0.5121843791533943,0.06323463976467021,0.06426478719405256,0.012920623778453821,0.025657092094602367,0.09410418232820421,0.024701233622556128,0.026344797123974643,0.06270986537256945,7.363240087442567e-05,0.279504104445008,0.07357905299489274,0.01872706191434196,0.021027310522437823,0.1967497099829694,0.025727875148605257,0.01940774598720247
126,0.20217689286617596,0.09889938848261061,0.022651653448538752,0.03815177277086883,0.37622815942774473,0.26616539927015115,0.01996117982726225,0.5346018447909526,0.06462040185270305,0.06365965936980697,0.010845337919528299,0.027036562413154407,0.09061176889705706,0.025271439093733833,0.0240282962130645,0.06484107977401006,0.0,0.16069161766597406,0.060047908733408865,0.0063537727607604665,0.021109525362323644,0.2899123008503343,0.026655927974844985,0.024375337082012824
130,0.1232068945708391,0.10281159928995931,0.02206516505526282,0.034844851430287066,0.3971586170582536,0.1962590221071193,0.020254158967441826,0.5473291945268732,0.061927106527656824,0.06987107419500387,0.015247792579011496,0.026661085246241716,0.09403268933622297,0.034507617540627894,0.02461565668098424,0.062484809751095695,0.0,0.23445286596122897,0.05480590726849594,0.017093058654073425,0.0187320905446115,0.21040373277027263,0.022696000024300247,0.01962598012125056
133,0.13761075525716815,0.10250023133025409,0.021383030375070923,0.036760478152778005,0.4107180770576354,0.12646438671236765,0.022456573627480172,0.49548350469812336,0.061981245840677476,0.06919568336837424,0.011653283606169256,0.0239760832448097,0.1404554633119836,0.024915637357649234,0.024303431030765873,0.07350209892389918,0.010015037593984963,0.2309528662865319,0.06423613276176793,0.0343093608780092,0.020088284343094745,0.21333471613793786,0.023504438112785565,0.01897182968678305
137,0.15808412580402323,0.11691483019735097,0.03198391253621652,0.036398131925815515,0.42474768880226316,0.12909249799674033,0.01513076881907715,0.567578802033498,0.12233323444706262,0.08712321225994307,0.014365877584406817,0.023519716882653502,0.07595307067191309,0.03305798850584563,0.04442183593323307,0.0716440631891312,0.0,0.19826771446861494,0.07373414766347416,0.00490243468388168,0.07934683422235347,0.2120110768497106,0.02327954705920653,0.028685919390119295
138,0.2024047711142155,0.11761750391680366,0.022355572492834964,0.03333386681751037,0.3438973336088125,0.3393357244018132,0.029321035972596266,0.450739631906316,0.061763014790930965,0.06791101105087595,0.043761569001171424,0.025895748781308747,0.17084601691339135,0.028056651405815897,0.046568361445065945,0.171941490177825,0.0,0.15297467255575006,0.11584931680103516,0.010175766000065391,0.02403757729265221,0.3514706109987648,0.023342215214370507,0.0187706262461685
140,0.134573457181447,0.17097582188482896,0.02120333854009644,0.038840479444200784,0.4194406720173147,0.1293787693993595,0.01658928427051411,0.49374897524430034,0.06447031889156983,0.06869612857091492,0.012621797231752161,0.021545345042159315,0.08724890685118425,0.02508167542464718,0.028690669699948032,0.08401776547687585,0.0,0.206690075007985,0.07291913412443123,0.005327175410730114,0.02039777494455316,0.21062391713639994,0.021999843612371797,0.027989866445792707
141,0.3312200113650666,0.1576787936432742,0.03855612009014151,0.032685906521094224,0.37008814109700106,0.2292123406040946,0.004773625373217112,0.4264738341513283,0.07248700804423973,0.07981620978759411,0.014345137313126604,0.09242780798311974,0.15832875098330898,0.02016523326928964,0.024256141010991005,0.1481185537437446,0.0,0.22773972650606886,0.13332426167892433,0.0017220034079902802,0.027355563759005455,0.46120283363627407,0.02333020224220247,0.03981533428130702
145,0.114180969637262,0.1299383422590477,0.024520936438497936,0.030037707206027435,0.3324353023951248,0.11010760469135526,0.025278697018524535,0.6260199602354762,0.0760544101940935,0.07583187067108792,0.011100685955852658,0.022762323648399252,0.10764978477163949,0.04336180928126358,0.03441634112213177,0.07778864131482244,0.0,0.335520046494865,0.24559181975320246,0.002180003406970931,0.01933259862232275,0.1899858882811686,0.02563535424310691,0.07756575198304085
147,0.12440314754659176,0.09619881243806536,0.025785584256038333,0.07739695630758318,0.3596143661453186,0.1268257663407189,0.028261703554519894,0.5257773813928025,0.06513234522466622,0.06720877402891338,0.028692047058258233,0.02681856422062707,0.11475661509341331,0.1231696861653378,0.030527662575061353,0.06356609108615181,0.0005263157894736842,0.17639445842410456,0.08164903588217375,0.009063669741092285,0.021311453240533105,0.21013824503320297,0.026729946035953796,0.019507204782190642
148,0.1297792531671813,0.0932988483069221,0.023015319572116288,0.0390148067902137,0.539433277877334,0.13022186299953206,0.08404365195264042,0.515961302381534,0.06446511157261411,0.06453046500949279,0.010102202174484414,0.027056503967156562,0.09059525216168103,0.029806857064871514,0.026729785524403783,0.06093452017730744,4.6930579756812775e-05,0.15657894207225267,0.05710608143752202,0.012490809276647133,0.020024822176702123,0.19487206551624706,0.023944953698397,0.05109153278424579
153,0.12906051369117924,0.08739027724091496,0.024115749869840303,0.06414132832555249,0.38774112443881664,0.12695227126923198,0.11461396151783826,0.461230955088535,0.06544036179080423,0.06354382983928283,0.01003925072746217,0.02768816419435589,0.09216406253179402,0.032866658794456,0.024512596718192434,0.06074667470112271,0.0002370688107469609,0.14902012566030762,0.057583292504756696,0.016437329317045595,0.02082917708915871,0.19533020370459714,0.02407578682629114,0.018679284256983286
154,0.11678881069189113,0.08539320703624483,0.020670592434468827,0.035354556639058225,0.41977760355968413,0.1293473243152974,0.05287422406264764,0.5140996723511102,0.06322133980396245,0.0654334020223084,0.010412843499164038,0.03268577712587296,0.13228491283932886,0.02935120248736537,0.025051141654532007,0.07271796566042776,2.1551724137931033e-05,0.24520324124300777,0.060371839274200874,0.008965176137099361,0.01881846825157601,0.2194339512853025,0.021778216827127234,0.019079269476212652
155,0.11444001014503905,0.09190431455529119,0.02156312340077753,0.08338549658137269,0.4112639412341869,0.1275366912294997,0.021042419447598885,0.49779338415808694,0.06517353827492395,0.06455855323964292,0.01042401989384509,0.030218666949598405,0.09095908467326343,0.025054607806269856,0.024709153079986942,0.06346978552088556,3.766478342749529e-05,0.21801492683848878,0.05201425330365729,0.009810445946917939,0.018491278721806028,0.20280461414867668,0.02302501459297539,0.01873867868151382
158,0.2711444803578154,0.23917590849856865,0.06448314913001756,0.03518495348627714,0.3012213312519081,0.14440183645523536,0.06122211347509774,0.5129722489123547,0.07143855138581934,0.11768456531400542,0.010340595351791467,0.03684568666069619,0.2919166354831836,0.024625388465137784,0.024443704540044946,0.09489837561053632,1.034126163391934e-05,0.2861533862555037,0.3248912418636489,0.004801105148154321,0.02951203367427177,0.28281517409559387,0.03472673415696472,0.016925445202365882
159,0.2499020122699895,0.10871789663773225,0.02146673608888497,0.03226572125627328,0.3337096685455681,0.1744921238508911,0.027624511684076564,0.48772051534503336,0.12863846273836113,0.06468086393590324,0.012711359259465984,0.028549270158968437,0.25513515101080064,0.02222079881091339,0.02422481041903536,0.06819558303765162,1.034126163391934e-05,0.1784143609366264,0.05424090083656481,0.00689436602609221,0.020410133403549947,0.2570772056109723,0.023581797685544435,0.022160389830093566
161,0.11496097289683892,0.1181006040537232,0.022692405852712958,0.03434003049436719,0.3688289714909693,0.12840900867214908,0.024925236903827773,0.4713329628404969,0.07372745690181517,0.06442084716653382,0.01081734663026523,0.024795807246279056,0.12111951954975765,0.02744897333673972,0.027300634672411426,0.07099711975630009,0.0,0.2146114593245308,0.04899249531949668,0.008487551158129384,0.01680278990601514,0.20030100812304674,0.02292347565417739,0.020929186037635352
162,0.09442181051978084,0.09020861065522658,0.02183658400755375,0.0300758060732333,0.39898069395253516,0.1243806143438724,0.020982505195181172,0.5629591849858968,0.06266342779733741,0.06823791414074507,0.011297292018728276,0.0233531456114856,0.09111280151723365,0.024533204295512406,0.02548249601630104,0.07670816283737335,0.0,0.42689278561527516,0.057684532208041005,0.0030972507271147683,0.025814661695551334,0.20277807863472297,0.021607282470455336,0.028242800294615372
163,0.17372114377323758,0.09636090216958217,0.022795263044464508,0.07668699426014763,0.3824538003347655,0.16218231028686236,0.13352544907432665,0.5072226452542946,0.0647383404720633,0.07475701964237637,0.010576949046549855,0.031777512541172094,0.08652014570723257,0.051557354631963,0.026890714564719045,0.061677276575030915,0.0013364828971497238,0.17353368338707445,0.06331837108343849,0.015820539403454494,0.04544044439129683,0.2384308448166301,0.02387151190471513,0.018364972570746586
182,0.12268058574134173,0.16017008738752622,0.03308018277361528,0.020155470701959163,0.3958668781455989,0.1496259387026818,0.008054068872229224,0.6100676705316883,0.12185388739415004,0.2314083503431547,0.015202969534159037,0.01891878103188748,0.11948756013537225,0.020944311980024076,0.06460994555146407,0.09917484303223705,0.0,0.5147982056102847,0.09021727674175371,0.001460239565072729,0.014078430523079848,0.1939657974649288,0.04329237799198651,0.08009674178670984
187,0.17026512732123147,0.0983812400261572,0.06405366113297511,0.03645572468728387,0.3733581310877911,0.20667647552870108,0.01018241492027373,0.5719040066027886,0.11207992652884237,0.08574585088234152,0.02215943013494129,0.03135112143182166,0.1924639912546751,0.0376078723542867,0.023148432862580334,0.10431960352699475,0.0,0.21991593765395348,0.060696421535005915,0.002495704530368586,0.020705524495717005,0.3080024720044053,0.02228422699835259,0.018471091719948485
189,0.14334791529825416,0.09473494218052907,0.02329283111159763,0.03145237780432589,0.41993214780532595,0.14257790706917214,0.03750669454748563,0.4747041384426195,0.06381626605362341,0.06714342484672256,0.011297492399859778,0.024763217974013617,0.1624449007029372,0.025773409208256545,0.024397936666541793,0.06836896018760552,4.800604506141463e-05,0.15761689074162055,0.06050674626884728,0.020029413131389843,0.023179763348331522,0.212429787057338,0.023109979602708507,0.01934589759317151
190,0.14316256828409077,0.1651279518563075,0.05354853987370888,0.03439144982396363,0.5202487275464935,0.12410270993027062,0.026512287953662415,0.5020539591375821,0.09977893486685258,0.07914067055463252,0.02097951649551052,0.02257702399172298,0.12758771806424804,0.02260469348283044,0.06314773116513873,0.08556417789586972,0.0,0.3672084498165025,0.08066470656908675,0.004918083411722031,0.08711124529199026,0.2116249150066811,0.04804773755918625,0.12832931431244524
193,0.10691369904065803,0.085240405542852,0.021917762368320153,0.03243606254637568,0.4068374516285724,0.1360126398600751,0.021977595074871917,0.6699397262468929,0.062447827367947885,0.06386375888424607,0.013385554129034588,0.02534715128978715,0.0842360717632306,0.02731198007982792,0.02418738323716366,0.07177956268359999,0.01,0.2601104699372062,0.05567334351741288,0.006894867037932762,0.019779452677650907,0.20750621476336614,0.02297203027876479,0.019559640840608714
194,0.20989309229481065,0.14428029481355728,0.02572575683838183,0.022616966140410897,0.364278735433198,0.15547165783978925,0.02479709177395948,0.41688733412137713,0.08775227403840695,0.12757579441375533,0.02339868404491374,0.02040742293617029,0.30936012048928285,0.08125786898915191,0.024709153079986942,0.11028082469573007,0.0,0.20114811359584223,0.1766971258148755,0.005091305257982795,0.01597089746195057,0.26564655913084095,0.02213305291427806,0.03953950240855848
197,0.12116278007522518,0.08890716384887423,0.023108536009264234,0.038859372557588714,0.4930374137982345,0.12552696420746726,0.07247732253062633,0.4999881060469574,0.0627468092745937,0.06517363150355628,0.01041463462871135,0.02789051093338925,0.0903034576623077,0.029196095028530267,0.025246241937672793,0.060946853810050675,0.0001929652966819076,0.22144553661957975,0.056062669571754514,0.011187294753280367,0.02077981629450831,0.19312791381339095,0.02318337101026392,0.019403786019989377
201,0.15240476026090619,0.08504311467249581,0.022131714570733457,0.0360797283507028,0.4042409988988372,0.3382373981246203,0.045235956432952536,0.5129483779611427,0.06312155736719395,0.06543399174033865,0.010537264674731652,0.026522482366320183,0.0957658934027628,0.030301552822029575,0.026230583135319813,0.1370425869366693,7.17571497950965e-05,0.24778680937224462,0.054298241106561215,0.010416613374821533,0.01879750197365656,0.3024124811292391,0.023779507040885484,0.018500175734323568
202,0.1383539740107008,0.10432660011444543,0.02666545871308444,0.030503425729610935,0.4373422976768402,0.1529510512072156,0.044372674925855546,0.4626551340146125,0.06431647272457115,0.06277658155328078,0.010183726946971386,0.026375588508433176,0.09095705665844431,0.02582140640202955,0.02958369665316426,0.06164191804827704,1.5037593984962407e-05,0.23437284326233285,0.061365087740676935,0.006502492453030996,0.019398367804290904,0.2053884277308091,0.036711222065099795,0.019402807621807613
204,0.1875531809849051,0.11084122713476752,0.019840120507042203,0.0569587456692074,0.3427115588467011,0.159186174961489,0.023804479524749875,0.45804919713068903,0.061280955703571956,0.07055986684867206,0.012323951595734507,0.04373425232221704,0.09635363874856295,0.023519941372379276,0.024512596718192434,0.07290391818403628,1.034126163391934e-05,0.1825731912766275,0.056332227913571835,0.005585691401327747,0.01620397087931748,0.2526397370868699,0.13984955482738243,0.023340706022576697
206,0.10059896020246219,0.11325343795775256,0.021830252643090145,0.05889724430641039,0.38777128748888534,0.13382780199433053,0.11606416748849113,0.6007450012414344,0.06685947754468542,0.07863746469808575,0.03232169938475224,0.025239810204188945,0.11237072794726469,0.028883517120558234,0.026601369967734708,0.10835621144384815,0.0,0.2606965770369507,0.05134578715036402,0.00959535804784919,0.016479301705756677,0.24190481460350907,0.04325349103409323,0.049721533469131655
207,0.14190126945383957,0.09544585889821992,0.02323838177860612,0.03707895362924103,0.4131543888722543,0.13293811484042786,0.08676003780066116,0.443909856344952,0.09814795974097774,0.07128766015881494,0.011786280226878222,0.027809801261842557,0.09248025087595367,0.030640657298564043,0.024973487057882823,0.06476221438803466,9.637049968320006e-05,0.15642006155856836,0.071177608596473,0.011565232358775754,0.023374887831403564,0.21001710996197212,0.02385782607579482,0.025093441859428852
213,0.12743981759155967,0.0895466437988158,0.022761580244485137,0.032185147830245286,0.4450731259519123,0.12655122126234183,0.050911364548269604,0.5396292115462777,0.09069534617082496,0.06558915492383269,0.011104981065517787,0.024750912088665228,0.08402847781589483,0.028569195180002588,0.024121684145320503,0.0602136883063754,4.1841004184100415e-05,0.20390367768230128,0.06729213640103794,0.014676417799963643,0.02110483668329291,0.19935859470653652,0.02220879957096976,0.018481149487258687
224,0.11947032726960723,0.11630877150172074,0.032806163470380706,0.03764665568561044,0.4229813585676511,0.1464538229785618,0.021048778542260123,0.5855062554299889,0.06921108385589027,0.07108505986160911,0.016559211878812725,0.02350732392225424,0.07161810801466749,0.033800580493210705,0.024445483310264485,0.09161243044149243,0.0,0.20581044353313951,0.12599977538556237,0.005592537226149966,0.03224002490832994,0.22303717256936767,0.024405410341365424,0.02416775565506824
225,0.16907219719164657,0.18597213321234793,0.0301428293032506,0.022050422066092857,0.39348232217270984,0.14347406777470004,0.008296509238541094,0.5020559078901228,0.07756169238534119,0.07228116383685249,0.0125308481948301,0.06845226193508043,0.06512334568134032,0.021080915556494603,0.03763024654929478,0.08153990406016101,0.0,0.3648611325006186,0.0860663508511579,0.0022675422347439834,0.016806464921724985,0.23850596986015715,0.11313001373075635,0.017923080810789166
226,0.12844515667550335,0.15972616653998636,0.049661704903537725,0.032573496917459324,0.4425471135966584,0.14903882580390668,0.020097947548829483,0.5259919712462269,0.07485843421100416,0.11065941265403469,0.013000861427206231,0.024960864756224672,0.08344281451639816,0.024480139847962032,0.02444217433122768,0.07230427011794088,6.24778250903582e-05,0.20879229675262514,0.053406703167709214,0.006299467620491247,0.019252824487733203,0.2102744647072788,0.02211409162029995,0.029998289867476435
232,0.2179164139584362,0.2981752601838499,0.08095692654752593,0.045437116657682186,0.37168792629511316,0.1365584309315946,0.016992466224299264,0.47658386959566795,0.15683500977036213,0.22881950778294857,0.01208879659268528,0.061824025258749964,0.09882716386881851,0.025153962138612287,0.040069787692176444,0.06497367489514408,4.1841004184100415e-05,0.2563631862062576,0.07856922378141727,0.014326023181251422,0.043655751602935194,0.2206263633757222,0.16669407691801294,0.01828509625937658
234,0.13841153457708782,0.09817490551658326,0.020940086495108697,0.04204443013749658,0.41777322899239144,0.16036591382090065,0.05596263187087245,0.5033455587707976,0.06483342382826747,0.06406497569074456,0.021143565527099777,0.024132515659056122,0.10135089110345526,0.02620487777655922,0.02866679025527081,0.073019711531696,0.0,0.32442931283136417,0.06472818023221624,0.04458914540314601,0.019837799330794284,0.21786977499824076,0.02403602637728333,0.018804284891548766
235,0.13473957390067473,0.08828754058770727,0.022946129708749704,0.039776835035920007,0.3758075295486119,0.13386597513290469,0.10179451375573499,0.45788414675885464,0.06383075956300786,0.06494691047778875,0.010700004958868421,0.027642073881295057,0.09270224768583424,0.03448772719940162,0.025622961503154195,0.06074667470112271,0.00023881225077418696,0.14731533095967303,0.06309909488238606,0.017121298888458272,0.020507737445653217,0.201947647101722,0.024045930509366292,0.01880978628292469
236,0.2956411919437814,0.2565457434246157,0.06101422551864473,0.10829360786270578,0.3233553636379737,0.15650461888502437,0.11630506530039028,0.38492176696629143,0.09251082843236948,0.1474166061957565,0.01075459435217632,0.07212912638450833,0.16214474210100693,0.09228480454156143,0.02618489717284638,0.0963101605845747,0.0,0.19831796546998862,0.3809295248543083,0.0015355415802565597,0.09998131625936266,0.24710926934738087,0.14261667826608332,0.019980141468051313
249,0.26575332321396267,0.17330688503209626,0.024192808725975245,0.03493257803644719,0.33856734041230957,0.26626573517589963,0.03838696093517135,0.5049200191830715,0.06466302722740297,0.08196262874541244,0.021246089650554897,0.029158964661990666,0.0851859928022842,0.026085072306259827,0.02475699196898124,0.06928340401225719,0.0,0.16686309306898434,0.09257873659716503,0.006680449729941704,0.08848548392922305,0.2949504935203632,0.02584816292492263,0.018292606780734577
255,0.11705352565789207,0.09893174297121438,0.03679448197748684,0.034566025419383625,0.37207114243939643,0.1270393703487528,0.043073098137755436,0.49784106912467535,0.09756780859488573,0.10261314195011698,0.016646981790893307,0.022478245803089103,0.13435918160687604,0.02590323276423951,0.02537579973154896,0.06553287654532784,0.0,0.2723327921482766,0.14547795595685628,0.034127984260771974,0.016536133281974397,0.22402783147880098,0.022013667221030504,0.016905140927564025
258,0.19814290140310906,0.1311920152844984,0.0216520863315796,0.026176040551008365,0.3422930805355626,0.3086432358363572,0.032307157229241844,0.4907362932576697,0.06222949752448236,0.06925860827206853,0.010130408274683455,0.0333881166980147,0.17802410734809535,0.03060097549327976,0.02617862781293694,0.15501913960277794,0.0,0.2535326730140448,0.06115142511846512,0.00569839680790574,0.016356259560486405,0.26500666138901435,0.02080978481048038,0.04620366459958376
260,0.15632198910652895,0.09368556215613259,0.024488258760860884,0.06779392621714873,0.37257574575990127,0.1290940112930417,0.08953230645703393,0.46160367808073494,0.06436323502953925,0.06408269544025996,0.010660454634520913,0.02859001509155161,0.09224011270168951,0.03555313926954792,0.024301082760124552,0.06343041928147163,5.2136563456438846e-05,0.1453434692542562,0.057913917596388774,0.012132058893108802,0.02165445743981315,0.1933196219732887,0.026297850779019097,0.020768133580454005
262,0.21788252194518587,0.22295264189909555,0.022445564744233443,0.05283608374272539,0.3601057365502951,0.12900281909245778,0.07666014593971993,0.5035625206148788,0.09971239514593601,0.07633282472234888,0.010543651016400262,0.031878479653438256,0.09493564358344737,0.0484755964015409,0.04501937380346755,0.06175907177805728,0.0,0.15880519209997096,0.08935170878580517,0.01686318927042257,0.031080408695367327,0.19547942133353466,0.1407129406283457,0.019450291227267453
264,0.12766594567201905,0.11282722837674458,0.030689647293158893,0.10300226797494746,0.3482607531761536,0.1276157035572293,0.07758284277002629,0.4970774739354774,0.0800726020245046,0.06572858833250834,0.010166439497140689,0.03354892603641875,0.09393685361035058,0.02986476385990078,0.024512596718192434,0.06219323689259619,0.01710811861443135,0.1606386354478376,0.05674522658899848,0.01579306944449099,0.3157570162834944,0.18882772964686914,0.039411496936502255,0.02589269103436171
269,0.07408689193721266,0.09143652251074537,0.03466854278649576,0.037379415386567874,0.46385792578957813,0.15468449624240801,0.01288224981371934,0.5913842361406637,0.07874663263858099,0.06937574394826744,0.03231465893558337,0.01890554445208187,0.10128062242222341,0.028864000524803174,0.04638858739265289,0.08899825525108235,0.0,0.5647538583309409,0.04452341263617643,0.011887931822249431,0.017660675290001513,0.19316318366270138,0.023018459671314925,0.02796373576996815
271,0.11643410346671013,0.17799320800992097,0.019019119618434756,0.04447842109497062,0.44193526916790576,0.1297761140364713,0.010252048251789164,0.5269037290167885,0.1087253511851123,0.06780259992649175,0.01969858680644095,0.02100780293079939,0.11023995370756462,0.021400640285161966,0.02527264220105012,0.08080312529364733,0.0,0.25883001195874206,0.05735312480899389,0.004432275823458303,0.027735238321829045,0.2162022260369688,0.026534582377399855,0.01662680308330975
276,0.16502327950181706,0.27615191680722906,0.06421017979168162,0.03311088275925904,0.29291410023487385,0.1428069139033546,0.023481679048801624,0.4847787019531383,0.10128836418440891,0.21751478579438266,0.012364897187629849,0.03755356993832514,0.10491970151072792,0.022759667405194244,0.0384912668790016,0.06812933950910739,0.0,0.41439762653002604,0.09460352573921908,0.003535142105690427,0.019635609899642744,0.17611153564954798,0.106516959880544,0.022491359237795508
277,0.10190164526628996,0.08075196396762367,0.020479292701428092,0.03273507974469078,0.4562668641920262,0.13443519673941925,0.01419272985276411,0.5519632982820799,0.0967631239537346,0.06911905144403713,0.011463165280476171,0.02162976594269077,0.09649657802421238,0.02368897748855185,0.024817197029587047,0.06734522228993364,0.0,0.24730124281308252,0.057728445874258565,0.005078919308715139,0.018370045329417415,0.21808331510587992,0.019589349643943977,0.01823135592972425
281,0.1258077396445045,0.16484505954062498,0.05027276355973477,0.04171717821113353,0.4355400905824559,0.1359351616208234,0.04707646661184381,0.6344996271279362,0.12312651883097883,0.12384948165593287,0.032457844038000776,0.02706114467287308,0.07563856646788078,0.1687629642969144,0.035468690639644945,0.10753155939820584,0.0,0.3358653380819835,0.09618610855119501,0.011891970430322857,0.018296361436996596,0.24498792552297857,0.02180653368251681,0.014586160122606565
282,0.1166223783671503,0.12366508948218412,0.02127236794540482,0.03876702544169781,0.3549936698459248,0.21832810512444842,0.0307050901897782,0.525033763372338,0.07014882341305777,0.0684966346166836,0.02156874061696391,0.02564095383963911,0.09936086951681199,0.026424076882385662,0.02771827367693923,0.08842621966772406,0.0,0.4386964115843608,0.053029701846496365,0.007154744465067817,0.020554154497132163,0.24878531140082427,0.035318445907355354,0.0210287219632643
285,0.13052654837732494,0.21466291857984943,0.023602296063325662,0.038482369146036345,0.37624101960626655,0.1288435442562663,0.08193782523110864,0.4712180212724949,0.07767162720152526,0.06531426666930035,0.010504041899044136,0.0266894152395964,0.12236166489258192,0.03230284353846017,0.024512596718192434,0.06383532106378946,0.00019534890843985202,0.17472073972563534,0.0694714870182639,0.014918862288903292,0.020841164823913193,0.2214707553780299,0.02337398081731569,0.01827661279979092
294,0.16280247760422448,0.09947592874782751,0.021520754309769997,0.03441328524252748,0.3974853084420022,0.26742627212417797,0.022948814523292928,0.5047781213983351,0.059483007066003867,0.06419119657442102,0.016607227313884896,0.023125217701293704,0.08318297726666074,0.02391476795365395,0.02427726342252477,0.0991923400549756,0.0,0.15943260981475474,0.06375195673018695,0.007176229984935129,0.020075825803087005,0.28173503629999674,0.021050820655904755,0.01834749242551144
301,0.13872600548405717,0.1567749407368801,0.025624375021128416,0.039747978156767345,0.3945947705507992,0.12579631856079973,0.07134790061977252,0.47900140180826,0.07224046899661053,0.09400952695125499,0.010929664486431534,0.029075513763461576,0.09052600280072222,0.02967824730399717,0.024512596718192434,0.060788575637021454,5.2136563456438846e-05,0.19443759608796574,0.05856158096129774,0.013244431345998408,0.021394508628358407,0.20042543882039154,0.024454240218541087,0.019334053365320333
302,0.17500249959935754,0.11661785777716528,0.03566816915819823,0.049290041655703554,0.3606277430505934,0.14977195645596303,0.023021009618440242,0.5583458799391593,0.05805096758177017,0.11381401821938347,0.012641375685791007,0.0776024219606678,0.17831011219992962,0.029581390454918366,0.025586380727116324,0.1738834578232704,0.0,0.35716121185367206,0.09160586702922713,0.001373462429970977,0.029333173490908738,0.23757525164005805,0.19356017152636315,0.01704157459277179
306,0.15131260122196533,0.09835692890688452,0.023305431546356368,0.05344881668554469,0.4072085403275784,0.1466478571657486,0.010339754545810521,0.562457165233023,0.07325971140132057,0.06428376933283253,0.015023780555172301,0.023763057999569945,0.07724376814681992,0.04239753065256569,0.02345253195700765,0.08887543433012424,0.0,0.2150559606067554,0.06538617973159824,0.014045923825270264,0.02110492273015988,0.24564060828610168,0.025404725865755057,0.0236651944552641
317,0.18643993214221222,0.1024818584817362,0.022266236267500284,0.05831291107362309,0.42187178145729937,0.18060764960773118,0.07108063651038274,0.4928293063797529,0.06492873853234293,0.06904960763772904,0.011303685647250282,0.0363396928349266,0.0894146955424313,0.04465878208674967,0.03402970556415917,0.0612993604598956,9.171631590479866e-05,0.19962044018180428,0.06296410669480063,0.008583698391385551,0.027260301004510216,0.20366249102590295,0.027079432346073427,0.0194679600314748
329,0.23691595264528104,0.14848547239552615,0.02666599286431902,0.028204256125263772,0.40392490948154836,0.19583128927836013,0.01788770439939371,0.5076179011399953,0.06334130189572161,0.08771705076782833,0.0106519602812707,0.024630878285124683,0.12527623889793263,0.03306250195075507,0.024231245476170362,0.11297140081835748,0.0,0.2108979903708944,0.08289480038564426,0.0026941780474468453,0.019805737294352133,0.24101094470913145,0.04031335884714812,0.019433907043936265
331,0.13190770790255135,0.14533904910137901,0.022017209536963928,0.041141880368119894,0.2973455965598984,0.13950295752444453,0.044018514521910815,0.495980475860812,0.06492620742648123,0.15534919911511552,0.011247062423421684,0.032884532350790356,0.09454032010950666,0.026736338979689765,0.02418119588364695,0.06491841422412219,1.034126163391934e-05,0.27985515580760234,0.07371748881650406,0.020366457615507084,0.01767486654080447,0.22614780108643434,0.023080704081963135,0.019243093157864766
338,0.12077148159762544,0.07970132818431001,0.021815906166499602,0.03694586871734995,0.38519221921251506,0.12670510771583735,0.026251945959997726,0.57594984202823,0.06312696877137405,0.06463263451405338,0.010518201389751802,0.02265064488163073,0.12059883413457266,0.026547249623518298,0.02701022916208995,0.06616501739819808,0.0,0.3051666564564645,0.04826122566993051,0.020070974000396927,0.017589849568071688,0.21963574679179945,0.029839372764935413,0.01807738302130746
340,0.12850035757779998,0.09914012769857898,0.022186450612793854,0.03305805223769006,0.35678303000612266,0.1322411763951779,0.02998238682970826,0.5118620674838427,0.06267718388681284,0.06212173756709381,0.010426693134926892,0.02434585374734145,0.09143690891956735,0.027347396528679232,0.024512596718192434,0.0676788460751819,9.98195165640053e-05,0.19096942074470577,0.05620625325729875,0.008421784646864898,0.018726121186450582,0.21867128498533742,0.029392542618145924,0.018607581404948736
341,0.10527811287347476,0.08703410103913817,0.020559351926235682,0.025262043935977488,0.5668830500928427,0.16079228833014284,0.054063913335551265,0.4964060789235294,0.06235317906190915,0.07943551740913207,0.012717049964748102,0.022402436473433908,0.09738587879529531,0.023627508852241588,0.037616662790035685,0.07352695015779047,0.0,0.2988069602368994,0.05060371006146507,0.0058010329544332705,0.0187425607250861,0.21098853614316876,0.02092454906668287,0.017035180158237382
342,0.09600299401518207,0.0848326650877849,0.023052920249305945,0.046517841090584586,0.41909991060542995,0.12090120437985044,0.10570255477979539,0.5774106603478207,0.06282282232333944,0.06354382983928283,0.01003925072746217,0.03221364773942581,0.08999830190899855,0.03069824822342033,0.025684421754585324,0.07506543482332985,0.0006993823620462998,0.20031185464698262,0.05644507070986318,0.01502067004814745,0.029554321151290294,0.20310009171310692,0.024094320869346174,0.01775337248035858
345,0.21494792684103273,0.15536374667865124,0.033562722425311976,0.08462860408849786,0.3409083889029438,0.14984859304987685,0.061147615009403536,0.3577828116582636,0.10588221538161344,0.1833659023956264,0.011963393308454305,0.04854473298424208,0.26445074756020687,0.023640025565472997,0.024532510421069503,0.08491170205462366,0.0,0.1444120544592645,0.08283643122545416,0.016434898301128584,0.029867654090552656,0.2171829455309744,0.1311956218969066,0.047654375585960806
352,0.13161887721122395,0.09029428614613279,0.024390034203708253,0.037413884561469324,0.3749426345895335,0.12814804560054235,0.10784741229553094,0.4265829183448001,0.06406561896015395,0.06596518049942755,0.01003925072746217,0.026204034054078056,0.09331866146306131,0.033347936044477194,0.024440695366523383,0.06074667470112271,0.00019809192808197988,0.146833193047281,0.059442511094146694,0.01594502235218356,0.02084706235311624,0.2004659772088706,0.024613001472436533,0.019793904915778825
355,0.13975232769869528,0.12211399855758881,0.022534364687773572,0.04641777192543652,0.31897454923708246,0.134600154181886,0.10329188767808674,0.5896176125905958,0.07040480628991222,0.060956086118580034,0.011014555795565572,0.06615366493383391,0.0838315406742219,0.02894698031259838,0.02897379807056776,0.06775981473707601,0.0,0.22778393719215248,0.07634874635160335,0.004698815215120306,0.03153625303366464,0.18788448567696558,0.22571869799921182,0.02991247503906922
358,0.13258522131630016,0.09497127324237783,0.02954908039088221,0.08054160391703385,0.2705326682025116,0.35714639235100876,0.45940201185770924,0.461533620192941,0.06302800869324382,0.06098987155906427,0.015372205135877559,0.03366782668005051,0.1091579519045502,0.07342960897032098,0.02442470412107746,0.12816558881384318,0.0027485380116959064,0.14520436139861814,0.07340738708606125,0.01389180155043207,0.02236480842720328,0.34994967677644145,0.041501796005475135,0.043422490640844885
359,0.2256702055775546,0.2155015982746734,0.019439967104374126,0.024486156049049537,0.36141728575767573,0.23150962393276764,0.01822113769914442,0.5557487776392829,0.05930652123743758,0.06527825676160628,0.05977216642380663,0.02153954002591207,0.23253030878489817,0.022525319868266593,0.023479926408002033,0.20187504235149284,0.0,0.29027431879573556,0.2642369035163532,0.0016246021195356827,0.08685384076885558,0.2851535938770738,0.022814592740455608,0.016726415120923335
362,0.17935046454083403,0.11009452023248655,0.03781695916681026,0.04775848502783349,0.33998937680825064,0.15785660165919826,0.022918974415516692,0.5737073047528511,0.06582613340144153,0.1277632290717466,0.022115892679968153,0.024965417639921772,0.102847743510119,0.02511106795886898,0.06728587146588684,0.08346947689221444,0.00036144578313253013,0.4537838746141793,0.06450944194485196,0.009119484310149523,0.01888336028366232,0.2625300184955338,0.033115972589622324,0.018175166431940722
364,0.17001170203068441,0.123083992974737,0.02162596808937791,0.04830353523129255,0.3924022440524542,0.1274303060406723,0.024481590757237152,0.5136049199393673,0.06541159498213235,0.08111289980309745,0.01204743302574699,0.08630994087465663,0.09242597181421712,0.023076552650979795,0.023957898122124024,0.06867313972292616,0.0,0.20823387407807722,0.08169353005199548,0.004734311177187191,0.023858458397793544,0.20988863310171765,0.026430415497780243,0.02049982481643074
365,0.12605550307823313,0.09998128710528453,0.024919272110167482,0.03629705420185962,0.38885120911264887,0.1316972208937393,0.030292764539903018,0.524102953020327,0.11374243284488231,0.06351245757431945,0.011262871438015243,0.025704570641089615,0.08174449512520811,0.027972014456817774,0.024155153592833004,0.06325961005526476,1.034126163391934e-05,0.17115399315467747,0.06740048158574782,0.009220406912461072,0.20064018405473633,0.21096996638043994,0.03202642665520367,0.018644692898690838
374,0.23153577613503667,0.14740578973734306,0.01940288740294978,0.05887661003333729,0.2830576186474577,0.555823054083622,0.029231444576488266,0.5258857995911315,0.09687630991530191,0.14894143216249198,0.11141015055169723,0.05194431627456326,0.21167656478109517,0.061108722566314964,0.054125804359225864,0.33823923390711164,0.0,0.2545487960244665,0.08219849884472209,0.008646992056339424,0.016817447605039202,0.5621880326791748,0.15235694716541037,0.028728739120402965
382,0.12266702328513622,0.0887323174621001,0.027845006907232114,0.051526179468404126,0.3794510890481251,0.126305991681545,0.05153261656748143,0.5029083013701924,0.06824128261168301,0.0696350967684006,0.011195774141112369,0.030851175755101323,0.07779582857652471,0.029893697896079242,0.024623029626107393,0.06270882802806868,6.434709174964182e-05,0.1679580873935533,0.12745463210193983,0.031106600319156956,0.0249392264726361,0.20016661888458195,0.02184292860260975,0.01897564882066935
384,0.1860479669788744,0.11720192231947366,0.021790345934362867,0.03800086860993621,0.29881416789899884,0.3954634216154382,0.02016352530597116,0.5930958264013191,0.05576301955444594,0.11280621560861505,0.05012761585228212,0.023840344672795662,0.16514722639286877,0.12014130388855185,0.038269308525505814,0.19704446405535803,0.0,0.2434796513098502,0.07256999794267222,0.012824558144963574,0.01833197297503816,0.3760047575690985,0.023740013292946838,0.017049377738885537
386,0.12522391078349643,0.09570549804221949,0.042404033527588945,0.041087447941169995,0.36424027027938455,0.14827768784563733,0.027541744249748232,0.5765067074783855,0.12679063843243746,0.06814028387318959,0.010907326429422104,0.025913401179488756,0.0885546463797487,0.024995127284249474,0.02358208281069225,0.07108314908529566,0.0,0.15247073448080972,0.07606651725291065,0.00756137724940378,0.020910604342598952,0.20596658944698676,0.02352595914991791,0.02114433973771818
390,0.35638802875770137,0.47200959667605247,0.21939338945834025,0.05115840634120041,0.3686667768239641,0.13617413614782764,0.011478056030128128,0.2998915524450731,0.22428210357783715,0.4536330290315629,0.014383643902070573,0.05403080482717348,0.1877329193151964,0.033080621777237876,0.06790744795374473,0.06938504265084947,0.0,0.232553752181665,0.3957435050313932,0.004820365508925852,0.018164830352908223,0.23853277623983438,0.11295665073786894,0.020079339712206993
391,0.21014550425846282,0.10837158396226108,0.023740435601591656,0.033478323133499785,0.3996693630235255,0.35788205961593944,0.0685248389356206,0.4665024403463001,0.0635389734051909,0.06455610620472277,0.015578567372363199,0.026555359877222223,0.10027795778484945,0.0346361632803352,0.023942923899308643,0.1314510867382933,4.987531172069825e-05,0.1472742123937374,0.05799901851619353,0.013658259810189158,0.01946205484442319,0.43455427672777275,0.02387151190471513,0.019246290156456333
392,0.2511675239611841,0.2334058236712995,0.029075001445153018,0.02292741254274225,0.29038138479425585,0.4106915649590021,0.04343979011253016,0.5127792154016713,0.05935962718110468,0.07065800087018903,0.02834330288041547,0.03605851029707944,0.15481555841864839,0.02741843862242811,0.024643548273488004,0.354722161743898,0.0,0.2838301022012434,0.08005394529920115,0.0008939245818276842,0.016961101414061028,0.5349347066186436,0.047614056645102876,0.015825336365138318
395,0.34547737124550343,0.1464778901598027,0.03938544787831648,0.0322158777146408,0.4484845758067595,0.14975058857485996,0.026543498791640637,0.485965013193426,0.16585581035612157,0.11711105555352097,0.013221977939312417,0.018784391634344283,0.13939446904754718,0.019693892238920215,0.02284940793940017,0.08897042628157804,0.0,0.22697042116077704,0.10899279402558021,0.0028852661848240892,0.019961438211152698,0.3052866737150855,0.05857665134030187,0.016191845936585413
396,0.17454630763040582,0.20773053558683588,0.029823778519274563,0.11585184874222686,0.4313348181538997,0.1286557038402008,0.022235264910584755,0.5093832830472177,0.21550249940417526,0.0788945951497087,0.010644323678740422,0.04073787822532881,0.11148366673264615,0.021558988231955355,0.025041276979183107,0.06437661120202993,0.01,0.2725724699731146,0.38731679207079195,0.004815075022600231,0.024636841479936212,0.1947897574072644,0.036856911746278115,0.05047990044514137
404,0.23248131116239737,0.13899479545247362,0.016865924656404848,0.03847210371718247,0.31837000415035027,0.38180304437807366,0.021150723504490078,0.47845444875342413,0.07921389068551324,0.09255643915896822,0.02675140128537158,0.023892740576230014,0.24144272350209206,0.02983208200898009,0.024037231662293136,0.22736571032403996,0.0,0.24857385453500325,0.07699162987972578,0.013925727014605156,0.01703180575227327,0.47463535889339425,0.022632472642142753,0.03847222317364576
405,0.2501063011541783,0.11911901756883042,0.036495300114004564,0.034566227895944025,0.31864297884234455,0.46228352063524303,0.013779681828325594,0.5504535365973147,0.06746577884338803,0.06973614737326381,0.02275766963026768,0.03046862595282485,0.09071254369836003,0.02297910216181514,0.02421883488538717,0.07973972016321552,0.0,0.16478095258130981,0.12596095551115039,0.0034389961627151223,0.021951374366549883,0.3820282379664839,0.07667058891408375,0.02064380538081491
406,0.16783528328009203,0.1155130569427957,0.026822518755639832,0.08290067653871847,0.28920049328379077,0.3901560926391887,0.11534949020698589,0.497368254395281,0.06345751444567015,0.11468074415654299,0.041560374118992625,0.04460301515422233,0.08969048132485258,0.03982114140797378,0.027147277024521715,0.16914342173272803,0.0,0.15712333360808534,0.09016893672331315,0.014100688830332523,0.032602921396227044,0.40898647278860223,0.025583747209007867,0.07436743125708804
412,0.17979006708386883,0.1310296748256791,0.023435528026707363,0.028185747979649897,0.37063232146603636,0.17313154780835835,0.03154389525862165,0.39335605750339636,0.06446809511858667,0.09792756691699779,0.010219956507383603,0.025041132186735298,0.13727120462463416,0.026129935000315532,0.02396381378138707,0.0654633438184124,1.5037593984962407e-05,0.1505170321953138,0.31582351493727034,0.009099539819132195,0.019377790490839895,0.3092145775329527,0.028179494867800314,0.02101473184255445
417,0.13232197728240316,0.10202951694206845,0.023865459894542335,0.03425650683837287,0.3954690319600525,0.12366255797386155,0.05558624908481563,0.451939216764953,0.06932279107954352,0.06460211294996761,0.020339417588394876,0.02845848348493155,0.09225361954506914,0.026940084725612636,0.026085492696289778,0.06344266899608965,1.5037593984962407e-05,0.15708292028646317,0.05880832980401965,0.008244617966683103,0.02063688586374492,0.19546121537867048,0.024538830395631202,0.019753864752441386
419,0.11249293858666277,0.08906691829876313,0.03011522996344932,0.02622176264694224,0.349058521493867,0.1415148642830277,0.007788695248780013,0.5313492089133154,0.06323200097240518,0.0663916969480072,0.012529359495378168,0.01960246264669253,0.12500586969115932,0.021793225626527704,0.024076134340370592,0.085315254483936,0.0,0.26167612424340875,0.08450847548250538,0.00279232521595821,0.015441171156546337,0.2636626125848281,0.019822477446457577,0.018361701444581366
423,0.13333061730558107,0.11890229879107235,0.02029249866373032,0.03009213442193457,0.45512427250151094,0.17001339413195443,0.011835391356810438,0.4970166816929882,0.06936668272275628,0.06579401333760634,0.013108211589229132,0.02585947302945456,0.1025243991666592,0.02225788728871221,0.028459602851097433,0.08182566962814512,0.0,0.18410682098411688,0.05642401442827802,0.004598565223584484,0.05883115034980628,0.2399873180825219,0.023708524800903796,0.07873193972600355
436,0.17948264363797128,0.2653850078144197,0.10937052728637488,0.03943208796419746,0.3436509993167213,0.1319376058876632,0.06412659169427362,0.5114974018496639,0.14132227021514068,0.16408787633923339,0.011810104583952062,0.03226988756300165,0.0958568144602414,0.03793904600550959,0.027366576533960196,0.07044120070065782,1.034126163391934e-05,0.16217210578717675,0.07132066954379486,0.021356063154584985,0.021250619115553274,0.20048764926353177,0.024986044958809347,0.0174235652929857
441,0.14506536789545782,0.11367831474530704,0.029375730711705437,0.034798228839078606,0.41692467117196175,0.16330126968594222,0.030104278943733815,0.5914019085402914,0.15449791775368069,0.07984588188167277,0.022029047120994134,0.05138110800394029,0.15305446628448938,0.04017427606099935,0.03990953152958102,0.2207552447270793,0.0,0.2952823398511114,0.06655597804014411,0.0019478093101481348,0.016718556009766156,0.264516476739696,0.029170261872658792,0.01854198179324114
442,0.25001252054417583,0.14916983074607043,0.03063568905713602,0.03002698035841465,0.36014712382168107,0.25477620671557566,0.012394969972693988,0.5852582204810972,0.07241679729032366,0.07612770458010598,0.012556501783599586,0.024919043149024978,0.31579691898519413,0.024957969339722517,0.024687576435745553,0.10731262412902715,1.034126163391934e-05,0.21362055413339753,0.07383869304968775,0.00524035239152258,0.04125538118223418,0.3257861694412106,0.022745456422085447,0.01881570438134714
448,0.10401829653393517,0.09504993485300839,0.020033801597055086,0.03645346790521113,0.4189526408088037,0.11609109932534924,0.021134038980894422,0.5085416041935239,0.06715887224210809,0.0662893150408755,0.012657601179288153,0.024508907786578465,0.08904435833008197,0.029526222396750634,0.026975622915127274,0.06061899401227928,5.921650756542633e-05,0.28996312234221333,0.057298825077997335,0.004356207429190741,0.019846879575258727,0.1899192593714253,0.024537506080603698,0.031546938556814876
454,0.17655250245777623,0.111747844926877,0.02015944160388746,0.0784004897409418,0.36957333766557765,0.1502787429020757,0.022577208642725704,0.64114137206979,0.10694778521410908,0.08506577377228741,0.06513021706204504,0.06087267264859635,0.12620586352365643,0.022450020834971968,0.05668799417337695,0.1153168214983093,0.0,0.29630541749316264,0.07512544706315227,0.0016348130098708035,0.057809932320137716,0.22686526613288152,0.04674686527696926,0.028029275652418098
458,0.12238550731464795,0.11063581183258529,0.024924964297208457,0.0363034076268226,0.4212146038897572,0.2747504121890274,0.0706544367712863,0.4487512385467148,0.06510450547197175,0.06646338518887382,0.011115396603438648,0.02724821728035094,0.09542807858403003,0.03134268082721288,0.024512596718192434,0.07442615967550245,0.0,0.15404947249256912,0.09989119428631582,0.01304439638738905,0.019625291603901526,0.2412492966145797,0.027085479369565485,0.017822825313666912
459,0.15777536220407112,0.09549566829259781,0.018645974687736905,0.03606082002940908,0.2867919693047338,0.6258860388048776,0.023120787595425334,0.6485711341440387,0.057307021286327926,0.06393400051689753,0.046388782127785515,0.03221032897341998,0.09010154500890855,0.02293915048225935,0.024389144980788334,0.4098489215912143,0.0,0.24684765837903502,0.06475217322226562,0.00252653529912712,0.02525909237476188,0.5675902958284038,0.028797723575698292,0.016355731557593775
460,0.15441339838724596,0.11861497699118834,0.022783694239230448,0.1484302258579037,0.34943078803737715,0.12829598826315292,0.022833715132238645,0.5295620481789151,0.06508139198799691,0.06390731859457074,0.010908253193183557,0.07363938034044663,0.10123971791497167,0.02350932263372252,0.024385127027869453,0.07143904525107032,0.011127565379492155,0.16964104039990413,0.06497821178388932,0.0047974050487489565,0.020365853004403273,0.21035081142025913,0.05748092835562507,0.02496659718482078
466,0.14096669377143856,0.07773586336234709,0.02174898169711366,0.038473164976051605,0.37946653028892774,0.20969387123314473,0.03796186509491515,0.506954309303242,0.06183952295994295,0.06589431121979929,0.010218156897300448,0.026927119935965547,0.09216406253179402,0.031158626860366447,0.025844761949211915,0.06389518350512412,0.00011542932883237319,0.24268941085140677,0.0490656600916515,0.018137654155613026,0.017988102500288358,0.20343868951675806,0.02946209250038194,0.02020214370189893
470,0.17542405602333166,0.16543860339468527,0.01973942376181993,0.029959471109776436,0.4839439835520439,0.1362570130974667,0.017847654236737707,0.45688993319699295,0.07724146919038455,0.1019625229075597,0.012192952023358334,0.024414379082378493,0.08710686992064672,0.022527328272404338,0.04560028752526359,0.06573193908902121,0.01018018018018018,0.19262021781260708,0.18065863980329727,0.005195925608930895,0.029608110266598354,0.1937350224458826,0.024256647251972276,0.018234867088740624
475,0.2631147131582363,0.23507443866511582,0.02150854123370302,0.029333047264368715,0.33451425914647026,0.17995651011382183,0.033994964989314806,0.4910120252648828,0.07138627926510256,0.06496930749913349,0.011677219239665573,0.046247555578012134,0.0902225592289228,0.025931982110333193,0.02544080832145104,0.07465492169834817,5.1813471502590674e-05,0.20105090374614792,0.07037006812676228,0.020912065451994078,0.02913532381750644,0.22486991942210924,0.17320967028359444,0.036381107190141766
481,0.24087845052322038,0.17279207154492332,0.02301758871173837,0.025073601406990012,0.38700681583167545,0.18473883712162653,0.03510559442489132,0.47550338798300745,0.13862602555354847,0.10571002220529603,0.01266055905755447,0.04294675922378924,0.11161045004077273,0.020071467890429663,0.024715943851935068,0.11114927698809553,0.0,0.18499868418850188,0.08681651711860752,0.01455255765757865,0.04536411801852197,0.3003228290261904,0.050759208331320825,0.05048037562404548
482,0.4202638598483184,0.22662647604737654,0.09649248768673999,0.04019728403250089,0.353843169146856,0.26816912206376814,0.00446514726862717,0.4724540944684993,0.11778280130610222,0.11944417810780056,0.034255497355865555,0.13750484467843332,0.1566636068964958,0.029933225970040098,0.029716127322540083,0.14194742244012892,0.0,0.17175270406023738,0.12985339487695052,0.011462848365105787,0.10804521210692807,0.4469222532401526,0.04115587107019041,0.03578403443391061
488,0.09356976326085167,0.07848196200440136,0.020765472590966824,0.0377766710468015,0.4808570982557485,0.12949989506255558,0.04058263339475785,0.5219804319396113,0.0640367151617197,0.06376276639529671,0.011455756717194907,0.025613393233503576,0.07839562515626486,0.033652012084310685,0.026715204816706983,0.06089794246497085,3.189298577185037e-05,0.41727832561083533,0.04865000132907595,0.012494224692390836,0.01814074246596625,0.17084946870036222,0.022253904763918683,0.017323943746066613
490,0.15253216520001972,0.11756812459409378,0.022438045668878727,0.038012925899622886,0.33796073017286893,0.1867150613503266,0.09051965517714185,0.44271633802480487,0.06387150174577408,0.06820179173339375,0.012229938483511277,0.03768274922151757,0.11948691225392477,0.025950644346804382,0.024481273776226855,0.13524397550873213,2.4813041662862895e-05,0.1547021129064469,0.3022245110113475,0.008872263534158636,0.03270441182402999,0.27578131453063687,0.03733268560798252,0.02518902117896102
502,0.11689235387796654,0.08851650634717761,0.04200961926189928,0.03445836933119052,0.41786220754319653,0.12802160064923818,0.0735753584058784,0.45859677550138384,0.12307292339949988,0.08460527133857988,0.01048451700062973,0.025477596135289323,0.09554681449973074,0.031134177732455682,0.02532706037461193,0.06181771910797458,7.142703585862929e-05,0.24688194815300007,0.05536589297183567,0.00977380882625972,0.01962583022458414,0.21091459665629436,0.022625408402756585,0.0298972642105334
504,0.18581713170775926,0.15989318330286506,0.08843659091249614,0.0342747921901185,0.4157290605309571,0.1234892547084344,0.04997878820084818,0.5121624177751162,0.14025469852245942,0.10461023285829076,0.011479131841941452,0.035432277114946176,0.08804584797724009,0.08288104349510603,0.025559575564409083,0.07552998336490245,0.0,0.23612693488463296,0.09623736761736053,0.003396867707517858,0.03366472810554813,0.204507437584485,0.03822939404285515,0.019238989506512635
512,0.18733257100517897,0.08872137498078411,0.019884614615299036,0.03403888554440586,0.3347884987422605,0.43081275162760607,0.03176097410035108,0.5906121125403804,0.07243071480231461,0.07098557985955216,0.016977635365304996,0.02983429755469864,0.14289530093043282,0.025115428891800205,0.03568332283990022,0.13343045935098524,0.01,0.18819795995864966,0.056808999007558085,0.007072264582843915,0.02072996815219728,0.3280072438430419,0.02882513269151029,0.029010508122469903
514,0.09011757477585736,0.0799668884746817,0.021287939682311526,0.07454189627909379,0.4593641620986133,0.13786590704466628,0.09723816527318771,0.5702616685589276,0.06177863149832301,0.06546373566149742,0.02145100928158899,0.036468741083911155,0.10711229302631876,0.044707105711180806,0.026680693499870706,0.06487751418259846,0.0,0.3514667422570605,0.06453870117017935,0.029866536520610686,0.018044278869273477,0.23063826281233551,0.041891592379538836,0.04283827394043824
515,0.09988566296042482,0.08481730472540473,0.0204027819715765,0.032383451117333976,0.4053805798501716,0.13514571141081855,0.016278981868582943,0.549027856862366,0.06349240308654122,0.06379634518907891,0.010813844691482,0.023377663439816135,0.09560024465373193,0.02587554270662402,0.028676431093775018,0.06334586136589569,0.0,0.3976181628445948,0.04973477581432003,0.008987984380465676,0.01763039812670014,0.19616573139349622,0.02175007938357478,0.018100950341490632
521,0.1673653025078742,0.13633391343801957,0.02206051284546562,0.03385043451421229,0.407373738920941,0.1618347533047779,0.03974592388647243,0.44996042232058514,0.07411626847817808,0.08353385594531584,0.010693144013323537,0.04188417544330061,0.16391241454110844,0.030878315794934358,0.0272146286520071,0.07114566475357732,2.188183807439825e-05,0.21701585974372645,0.06081013178677835,0.005609228957224336,0.026165153148731073,0.26067244193730965,0.035136654020893714,0.02304220214785686
522,0.2918979207016684,0.13335048112811243,0.029783611641411724,0.028673389551688667,0.36651682542616576,0.38812707351695475,0.03006982139956588,0.5390238652921033,0.07700024397316613,0.0849777355638366,0.032171523427058736,0.024357452087805778,0.11492241346784646,0.024528147209849936,0.04379493283781184,0.10070223475041501,0.0,0.21203161481901858,0.09622546323708103,0.0016460984171771985,0.029502084556844475,0.28354968053322704,0.06357601947723988,0.0314733137808443
523,0.1529748729347993,0.13169210083145894,0.024021114472660553,0.049648613398890346,0.3747530133992932,0.15285682786349275,0.06076086404713804,0.5071276155056944,0.06436323502953925,0.06534112118211746,0.021315694432607963,0.04600654984548705,0.08977348034528931,0.03871231829714749,0.02519016818148783,0.06470717626493189,4.800604506141463e-05,0.16654423536132487,0.05940562988593625,0.00830871111945793,0.019324783242209168,0.2318378873982287,0.05980976985933821,0.019067008735852303
525,0.10184709263110038,0.08537093316861986,0.02309157855645939,0.04865581193288813,0.5619386817558907,0.11702526949366587,0.08533655669610701,0.5820306180196195,0.063044425343979,0.06509087928520285,0.014939491852114638,0.027292589558276813,0.07432602119965727,0.02958800422787389,0.02897032974508014,0.0631705759510597,0.00026834069882716546,0.4261317800693941,0.0514448388918276,0.014092936460243765,0.021108455648904064,0.18853006317971022,0.025756405678587467,0.0183668764254037
526,0.16529429120402156,0.1000593199443391,0.02261613584717668,0.03006986855083469,0.3375648316165303,0.2845402769043378,0.016296661551888057,0.4789108953992939,0.06297567701555272,0.06744630892596053,0.018619136191655023,0.022912163739828757,0.10001366596450335,0.025014626015700987,0.024623029626107393,0.08503867834163772,0.0,0.1500469087450897,0.060924342729237545,0.003442508365404303,0.020172595177331044,0.3024552740672366,0.023918507215497757,0.019741116388702528
529,0.11409806602062478,0.09212171844463174,0.02395747221715823,0.0477386017591852,0.48180480169332973,0.15068644752203753,0.0351047249926764,0.5549192444760447,0.07733041944681146,0.0639454172629996,0.01209098129922121,0.03256727002711261,0.12299813439636523,0.02774876408140717,0.02609806360786363,0.07339188507565748,1.034126163391934e-05,0.3004908849689828,0.07783179214316958,0.03464355398925787,0.021476635893158166,0.25635727600401326,0.03652908922043394,0.01817203935177434
536,0.10401468746737752,0.11048238214633097,0.018405138463280055,0.030456691438094038,0.4438439335052656,0.12106125814592468,0.008135758711744396,0.5887106514045094,0.08725595203854018,0.0662265441797307,0.03473761376484344,0.020771298388405284,0.13690627919569487,0.024831204992699613,0.037966471879811,0.11065551012606062,0.0,0.48879562111961866,0.07058916908633091,0.002737884263167686,0.07849182625507553,0.2158143455856199,0.03566753859763344,0.01591169944995651
537,0.3068226932470866,0.12191094503436599,0.01899358729616548,0.05570927931642329,0.3138331210875989,0.35465481768582363,0.023967713864638793,0.43980062668967645,0.06311202862474681,0.07458543838475717,0.01792415536519535,0.02178548266905895,0.2657289156820454,0.02178310595177745,0.024413290284250416,0.3317563534715887,0.0,0.22058611523643162,0.12496341914728504,0.0038104563376668604,0.026591661919063033,0.5189014428259997,0.13296942517174462,0.0169063491270504
539,0.18788337637564126,0.14059185973126756,0.020769414900829678,0.032097418743690785,0.3604311770801001,0.14452708686187196,0.025376822065346794,0.5497528347663512,0.0669868115607782,0.0643243123670299,0.023165864480110755,0.0487373306183958,0.089692957792325,0.03541678602031669,0.026401788424127662,0.06524779084296353,0.0,0.2133917108070922,0.06089549412735473,0.003148136409384928,0.02989072680433824,0.2122571520106768,0.2631093104842775,0.1069660295309472
541,0.14219836653857507,0.09270548953442434,0.02303854573530717,0.04035433479198547,0.24924680153381393,0.3827258676860723,0.08073840089202414,0.5729535610130434,0.061171121422537764,0.06438132242636307,0.011859809111826072,0.045577749421203614,0.13799215487673672,0.03253307398347528,0.02396381378138707,0.15302931462062827,0.00030858942708776707,0.15117714354868628,0.060312752188329516,0.014154422867234957,0.02086100345084552,0.36572848712755957,0.12546579117640164,0.020806675203061554
545,0.1245326400196058,0.08105364649597163,0.019637355078475877,0.03046973397986836,0.4203513197396546,0.12075370227780667,0.025070675840288516,0.5625901571871642,0.06453966911375959,0.06271594428497286,0.01344727955411673,0.022576588979341002,0.10906000592663138,0.03910741969254844,0.03667817142502928,0.07286777577789466,0.0,0.4058829775779194,0.051002505241417875,0.003440268664970343,0.0230244261248812,0.1948469229094519,0.031230422012554947,0.022741489906729247
552,0.10150000798212694,0.07875652948054666,0.01952312661999336,0.03202860189474069,0.43011876015920436,0.29346526642852927,0.010956631071062347,0.5246457228651246,0.05750731205925419,0.06830616951858694,0.024314193959083935,0.031140039823960953,0.13634019117113563,0.026208698012303532,0.028537831658796177,0.12129971582902907,1.034126163391934e-05,0.2789980684005357,0.048953657402550144,0.008699192056654833,0.016409298523489938,0.36711629141947566,0.02011078035082405,0.027214912809730856
556,0.13193602324134054,0.10165357819332249,0.024531466673572755,0.042724852766526614,0.3731771926729297,0.12072732305662147,0.051808993401429505,0.4642098402775739,0.06583196579925076,0.06768189088934419,0.01014344541522531,0.025029674041134552,0.12555102299970344,0.026897571657342093,0.024303431030765873,0.06450768105674926,0.01,0.20155242456884634,0.08102516859017976,0.010971084758230281,0.02058892460199043,0.1980433417140661,0.02630973611090112,0.019275649311202115
557,0.26868109304537535,0.24175989151388788,0.040324175556795974,0.05982138505923034,0.3628233659978809,0.11816652896158673,0.039579687879693994,0.3791921156970335,0.1453743297243059,0.20365644976696476,0.020572945201240644,0.04270373551571745,0.16369386348368298,0.04484416788653044,0.040661401781198286,0.07369161028280082,0.0,0.20361379524530457,0.11389743247132018,0.014025285851403916,0.022006493999563035,0.23597719558912786,0.07451928549272416,0.01970937983851621
559,0.2702613630799119,0.11424647151505671,0.022636875175052754,0.033198349573895544,0.3588874833341652,0.15447034646655894,0.028452198575191438,0.47214441206052077,0.06489343238768525,0.06422452672707833,0.014058743996009895,0.025273038897164368,0.10875427430341246,0.024297501180950733,0.024090847246800773,0.06846560891611318,0.00018018018018018018,0.15133764388591037,0.08970975594976627,0.004524304082019397,0.019702060529345696,0.4256265040163437,0.02372445245814899,0.02915660863163708
560,0.15289115435738926,0.12454640633511643,0.02185430501356635,0.034443011348655496,0.37314033379018047,0.12915496741349577,0.019219702190213503,0.5169326781059599,0.06715077434846693,0.06634072874059288,0.012060343840683685,0.02623997540691836,0.10951167083887484,0.023448258152079262,0.02344774584134183,0.07433749867179251,0.0,0.15870105636483406,0.06509038907582183,0.0059186160623790375,0.0500285230182789,0.22422485957354904,0.0324457174422037,0.01752384426479152
569,0.21906591140376863,0.12200210343968922,0.02115872382905431,0.02832644359018046,0.3503396031981626,0.2858214654366192,0.03723991481354302,0.4744261387692469,0.10825170410635819,0.06996119164039916,0.02509487284881395,0.025397082304704482,0.09092079854638718,0.02157443584460028,0.023390507463904725,0.07471007621430939,0.0,0.20829769844903587,0.06394910467050424,0.002030768451904233,0.03792906269924781,0.32189018279691395,0.03032336116920989,0.021411099382132183
571,0.11629640908658763,0.08828754058770727,0.024115749869840303,0.05952664864648324,0.36218793624234963,0.11957570622129522,0.13692987967836642,0.5095022652944948,0.06406561896015395,0.06453046500949279,0.01003925072746217,0.03301721988453369,0.08428888684205671,0.0374828883302974,0.026700239704008033,0.06074667470112271,0.00631500953618174,0.2444898403646714,0.0571227243418949,0.0172855670249259,0.020841164823913193,0.17387334038795618,0.024045930509366292,0.01841319378975218
572,0.08563668445255533,0.07535182398826107,0.02665358475003562,0.06012624036026965,0.5102024420715762,0.1396526694046219,0.020425428175507413,0.6348966032947952,0.06712053146072312,0.07412490311572575,0.013637298327473837,0.04762506358559616,0.10792410970318295,0.02466067251785424,0.02459499106695489,0.08108862028517283,0.0,0.41893848454277327,0.0726346622392863,0.012811343249194663,0.04543685564086325,0.20542235439953005,0.04078030657088303,0.018291850535917625
574,0.1439702262828958,0.10669212829449765,0.03335262368377145,0.08516843700510167,0.31759779338137534,0.13547863276950722,0.10112729423249864,0.4750049264412237,0.0648623869121465,0.07210240017552447,0.011786703108292882,0.03470599247021382,0.08482596562031854,0.037321544919262734,0.024155153592833004,0.06369778547726128,0.0,0.1744731678899431,0.061964453558385334,0.005211499587421713,0.02020702338575704,0.20420876206006153,0.022986665174247092,0.01871830295757465
575,0.16063849407807393,0.10130359483470944,0.02180344309657188,0.032844766557849125,0.32877127011426555,0.15882079722363274,0.0639762013202003,0.45804433218341634,0.0634698744850554,0.08790992732465129,0.01078240691743461,0.026072977908838665,0.21869115468962227,0.025470513995594572,0.024533667407475934,0.11196437043389144,0.0,0.1840843701369373,0.07042302310219462,0.00943686091912985,0.018342739306484404,0.3568692311230341,0.026147950277468694,0.018948851427623523
580,0.15263178930482052,0.13232824820783617,0.01515694987630593,0.025779609815648575,0.41298221797157275,0.14389384965943625,0.0187653686405265,0.5686784340931971,0.07062271583351257,0.1419886560281517,0.023964997614267652,0.052047082950432616,0.3156866719365123,0.033999453430882856,0.02402418757620113,0.19602890749677343,0.0,0.37811961567409946,0.2304333659811325,0.010820854147225683,0.016765844372179727,0.2805055309493466,0.05486891394385858,0.02711765548002854
581,0.12549241467604136,0.10207888731720502,0.02298386070998923,0.026025918251306183,0.4545278274587342,0.134495956262913,0.015097156528222237,0.4966080045581092,0.06916359747353043,0.06505383482991386,0.011207571220708378,0.023852051305295642,0.08435596172993418,0.024710384794122398,0.02508391996579779,0.06703712670431995,0.0,0.1926770148211372,0.055807883455906024,0.034139511120886694,0.018285186616555683,0.20997785597012686,0.022089346545289268,0.019678748402448334
583,0.13432059149364423,0.08871138721900791,0.03158418733950976,0.03759758058855266,0.4335298765980879,0.13315806396012886,0.04852157602148169,0.5117539953497249,0.06459581631829991,0.0648712461035271,0.011570446435512081,0.02700407396629894,0.07691158890374707,0.02582018692655565,0.024512596718192434,0.06640472275313627,1.447178002894356e-05,0.15337195895566283,0.06089651078177595,0.008029350833694547,0.019806920425150667,0.20726059690152668,0.023539355969642187,0.019041090902227265
587,0.11473600990506153,0.09001635402871394,0.021312419191196176,0.05424125093018646,0.35024719936830884,0.12772334439828914,0.023483679875067272,0.558806423962706,0.06232873854908332,0.06477661678860565,0.010226363917627419,0.02788910518463499,0.09614409390410464,0.0269338152276619,0.024817219823723854,0.06721130647407937,0.0007407407407407407,0.22945889782791223,0.0501786596109664,0.011608680109994496,0.016493131268636763,0.21383997449612768,0.024791407033157856,0.018034894668904747
593,0.12483113832579094,0.08748373299978912,0.02194362003776548,0.03932339866128771,0.41012323984002563,0.16673295190798793,0.056990969678755235,0.5314228579772283,0.060808959181348765,0.0652750976330044,0.026779656725025594,0.024478731860339668,0.09342382562517859,0.0284081112415171,0.02474873859407795,0.10877988379819475,6.434709174964182e-05,0.17029774594462593,0.05690158457473202,0.010772177128230706,0.020907848108317514,0.23380180444162185,0.023171042281889678,0.019205668082788604
597,0.17173893228293408,0.14342049480354768,0.03031957205074217,0.036416296339798836,0.3905672413553305,0.17675400332589156,0.008896342029733223,0.558647330747018,0.07071352029311928,0.09267368689724885,0.040217843058353415,0.02198017187746634,0.07511109394325728,0.025490994137359824,0.03465443283175245,0.068584266342676,0.0,0.31119427251260495,0.07218936038200832,0.013627947648393897,0.026031414834701252,0.22013574623969895,0.028204612115972017,0.0376411004617101
600,0.12239726800779714,0.14642192306130405,0.019020475294888754,0.05171749370472498,0.38967865550282615,0.17636593304681192,0.03603290992947674,0.46457250936757427,0.08989277828006484,0.16884130300322447,0.016893629144151746,0.023050124918958415,0.24565776245090387,0.0340036793600794,0.037707334852436804,0.07308200188141091,1.447178002894356e-05,0.36824893207746145,0.07201960187428504,0.005699044511027658,0.04285420754960658,0.20693603502141136,0.022573124860329252,0.025771366989916288
606,0.1708964619136925,0.10847610506120901,0.02558318258953606,0.036163967704264124,0.3442042737063995,0.22158658685871135,0.08208383719754231,0.4911040239450471,0.0681332831853325,0.06490960063924908,0.027860608799067266,0.02792965373806695,0.10092709487191166,0.03039850050701462,0.02388643958131669,0.10318565565964519,3.691943205936066e-05,0.16329003714070275,0.05968482602318991,0.01998334391315046,0.018659370612445145,0.31604805432056604,0.029891685167970278,0.028851475676090435
610,0.19286983811561131,0.10901329731213837,0.02140704046625582,0.05508488325192883,0.3447259336190178,0.14520273011140575,0.05184972997032486,0.509362609784949,0.06184379435487342,0.07434688425958477,0.010600337657698102,0.05550385819134438,0.08773864273568019,0.02962046863585759,0.025271301783103762,0.06771869079973623,0.0,0.21780859703068775,0.08478335711313718,0.00925930139644298,0.022804864228232274,0.21743134310563167,0.17402201650059992,0.018637225303830007
612,0.183329220948004,0.1073658106749078,0.028552028746836423,0.062491394175383796,0.3348965913957382,0.4030219391631653,0.10974711286479419,0.4853755688326064,0.06671442297332898,0.06524250443718632,0.01083076789375508,0.03159693469927984,0.09711184222076952,0.030522602557152455,0.024155153592833004,0.06286306349268368,0.011274110728194975,0.1514778001889382,0.06583226690498457,0.014444324533427066,0.021897212167175294,0.27910501504162416,0.04064420100126109,0.018613891362250987
614,0.14249444981380688,0.09759377978706954,0.02489141067895468,0.03171917921103601,0.45127232736246436,0.31833757045813643,0.03924948796514691,0.4663098378523921,0.061493717479884726,0.06371910953861468,0.01151497982278898,0.025739528478955234,0.08621047790922617,0.024665357701477878,0.02399265746357696,0.24914448073847095,1.447178002894356e-05,0.15655497523003356,0.058272837572440776,0.012538571708497315,0.01967603828729979,0.3349373877378469,0.024536137209240985,0.02897693312179881
619,0.1499758637842794,0.10009656157254719,0.020155395695659706,0.02816642035277289,0.37526281641386805,0.27813910602413733,0.00815324359681132,0.5687473289232634,0.06908983924266965,0.07565294246080777,0.03963478205671813,0.02194926821400822,0.08875409150148801,0.024106233674107466,0.03833250716026524,0.1277871986110509,0.0,0.4412207456771781,0.05887757210893576,0.002163511187207084,0.018265950077926835,0.33929205741005397,0.031678146051156195,0.03629849543161344
629,0.10996151691769257,0.09329961381505203,0.021049372430887846,0.04178109741231646,0.37146509540165357,0.11679268918070326,0.02791685374163376,0.6004798010124719,0.062357668933736135,0.061021677239856124,0.010736849927042078,0.02897500988993211,0.08609646279493115,0.029018243398652496,0.032219258702385255,0.06438132490536583,0.0,0.3608836477424679,0.053736941337825084,0.00481455128314489,0.01946019254819708,0.17224738152225044,0.030475369678072354,0.01943700133730966
630,0.17838523156355737,0.10283067048040444,0.023766528809952798,0.05600162541762816,0.3286683047901646,0.12327836926372364,0.0721626049790561,0.5836466206706218,0.06411755742572132,0.0717486504649271,0.010757781869137627,0.07242960747180512,0.07937483559292689,0.028958171880843705,0.03662479754317306,0.06278774195545855,1.447178002894356e-05,0.16283765011226833,0.07176943727589669,0.019486891209398737,0.02139331214642208,0.22222798458978155,0.12646323042492755,0.019288838445455286
631,0.14183187895598728,0.10394333519928749,0.017124142387376817,0.06638620988044656,0.4084999284964944,0.16036795431874368,0.015213314102981948,0.6940403331688624,0.06956148971938941,0.06393024499663352,0.0367020860294953,0.04580209198117811,0.06582496675238678,0.08595105657884763,0.05235743117409653,0.09503127822743304,0.0,0.4327955617481454,0.0646421260089406,0.00040471873224927297,0.030478317752143696,0.30270369564172095,0.028973416122171473,0.01982537354561321
632,0.19007500153006907,0.1861639390478188,0.05762974006104596,0.09197408966333924,0.571958398324181,0.2530268019512947,0.028712295691460516,0.5190147981803913,0.14898886438688105,0.19156273630780565,0.04870884635441653,0.05162179211904196,0.1576709475808022,0.11711092521480984,0.11860094942151099,0.13007189617646436,0.0,0.47373428964686803,0.16251874393385443,0.04182552334111863,0.07906431272067256,0.28373263708006946,0.03235942026791672,0.028862241447182763
634,0.17776224854342293,0.12064778596497565,0.031543777701119116,0.0449687682798026,0.4182934865957953,0.13137688063984834,0.059954237523291536,0.582050133922173,0.06284294362087342,0.10502727985929841,0.012658295231500881,0.03493047372424611,0.07779350081368169,0.03475102049159496,0.025550035736803277,0.07520258706621442,0.0,0.2728412832218361,0.05700052352281153,0.005401525277717012,0.031787551135647234,0.2315457837686362,0.023504325758250125,0.027915975050376948
635,0.1319552154951967,0.09174909254791146,0.02314902373854041,0.04700659624476452,0.33391943117506256,0.2667629580716541,0.06408017375247615,0.46068912018973884,0.07395004530976804,0.06452705567044881,0.03977587990126037,0.03294301062958967,0.10283854294540044,0.030882083703171973,0.025404883130274968,0.12887498555939364,0.00014375291641514042,0.1503861660876417,0.06835237216017123,0.012880635877096059,0.02049763526666239,0.3257047696864741,0.02353203295962666,0.02016217569392628
638,0.16279475029924664,0.15129425614816194,0.0805907805769489,0.0907015683124544,0.4235003929964508,0.15671556944534906,0.04954603791888797,0.5690814631507533,0.13399258680968884,0.15160468489237788,0.04730856218759704,0.058401378326404185,0.2162075768671489,0.06803591900476205,0.07716720199372237,0.11174468722172595,0.01,0.5120804751869824,0.14792468496077357,0.026375167175107527,0.0825848630279785,0.20457965030614747,0.11322878029105451,0.06211405394354616
643,0.12604149110802923,0.17786207222719963,0.02009953163370122,0.030319372923424952,0.2784576117673529,0.3694095205417595,0.03751100463115281,0.48175807371732143,0.07979444735397426,0.06743279423803643,0.03325851007753835,0.02465172611797599,0.20639273746515582,0.022950408430328736,0.02539628536900171,0.21898952996828225,0.0,0.20752471659534386,0.07653186673505301,0.00396008772992717,0.01654326467802488,0.4104444354182926,0.036521597196699174,0.01903235675712902
645,0.14601991094336766,0.08874665102134731,0.02242173860308748,0.0403891273436753,0.40777371579698185,0.13069260067337657,0.021733009438599297,0.530015997855419,0.06193761105950808,0.06454656805510427,0.010016231983627905,0.03993683250085276,0.1482537887810037,0.02850505398644227,0.027563112232195527,0.0778597963562512,3.189298577185037e-05,0.26138434606330113,0.06097448118143285,0.011834305705328053,0.020470801717149132,0.23833541824911614,0.0657698850472362,0.0184032107146627
646,0.14143406587807258,0.11331139923239757,0.023433057620798045,0.03673909135653742,0.339103015626543,0.1284215237186083,0.04876610338172779,0.5168819303642476,0.06184512516690449,0.09301410936603169,0.012077688913274326,0.026639239529099124,0.10364956249411557,0.02912821371253651,0.02428045537374961,0.06322748283477564,1.034126163391934e-05,0.17014712946606442,0.06586162763971394,0.008850349359919239,0.023228315207212087,0.20169636767947824,0.02936802537595153,0.019587368887672228
659,0.16526661934876102,0.16507809735691706,0.02149584411060701,0.04949343513590585,0.2850037011277752,0.13267341644563596,0.028282025955442304,0.5922605473165592,0.1084909522678293,0.14314351224220967,0.011471693189462012,0.032537734704920995,0.0834334132944719,0.022488520342204592,0.02443260205752998,0.07558744434821951,0.0,0.18513066409435372,0.08559763935700486,0.004678213404794716,0.01779684805062447,0.22445255473673648,0.024771596851070346,0.02082150727254406
660,0.11331226130769086,0.08929706062872533,0.01966198817722548,0.02486236794226889,0.434963912069173,0.1272189757770929,0.018210625165047484,0.586705816249916,0.0635048095906814,0.06684985196507728,0.011025995509576631,0.02049544141527078,0.08623490859200832,0.021718408519562856,0.02627550266944185,0.07991761063879128,0.0,0.28554188563569144,0.05575146094633052,0.0022240430123773875,0.01967075707909822,0.21524932154780796,0.021508066863961877,0.017498291160224836
661,0.1556339100768403,0.11204566638314702,0.0204375307884,0.04107327435471124,0.44331606246175026,0.1554389388009715,0.020311882773294213,0.5156264818554199,0.11345310114671359,0.06348552808382307,0.011934360560408842,0.024755787534156345,0.08369704714923679,0.027947649262787134,0.024895161663002142,0.06487128967769032,0.0,0.21962783333117877,0.06293194445295894,0.019028986105997688,0.019641261202957106,0.2060173041662961,0.02487720901271513,0.019415564146408406
663,0.13672212201778136,0.11017706206164338,0.022572885180728003,0.027759752145092596,0.440825603241516,0.1267152034258827,0.028508833539983833,0.4831437215954984,0.06882427571288936,0.07220734529750399,0.011490654494069394,0.02461502412306453,0.08660827641406056,0.024269079503081863,0.03868791294777341,0.06794349627741443,0.01,0.17980369802132198,0.06872215472225908,0.004436392956730296,0.020645530712797528,0.21164285940606398,0.023244701289821434,0.01936403285857178
666,0.09802247378656176,0.09810694361833511,0.03107762843093289,0.03194899953299635,0.4265508983718497,0.1325750165277166,0.01801850600549811,0.6150648794785378,0.05860194856541478,0.07571739280392922,0.011149875825762814,0.025061040974671104,0.11313283621637715,0.025396870749554528,0.02578562333156989,0.0808060389196145,0.0,0.3477040248444952,0.058690295170728365,0.005225615820766357,0.017264677963541412,0.20382823585977927,0.03090043000950056,0.017567772322640614
667,0.12633386076172415,0.12354318492768385,0.02785819512236953,0.029483140775438614,0.3517199651559965,0.19330276267805402,0.02264332797473069,0.554858872171433,0.07488896280485478,0.09388078302058114,0.021982716840952158,0.02149464652592785,0.21416050892317537,0.023470567514845078,0.02554914969768815,0.10521196789130832,0.0,0.32603796765085286,0.056085635984762384,0.019037804954918552,0.02065278072878472,0.24511046139767342,0.02214504046947355,0.016732709277121356
669,0.14383762455830187,0.09962894659022586,0.021903957067646966,0.03856776900348029,0.41821122664975185,0.24622009090388236,0.019390492576635325,0.5312751943642258,0.07002585619871902,0.06524355682156596,0.01928933153295733,0.026929506249025126,0.08515744775351024,0.08889425885421982,0.031152685325603207,0.10251129596573008,5.218226581801976e-05,0.28462351138376146,0.05543003019846106,0.02683855017886297,0.03169965314492876,0.29582924611830846,0.023112890017233746,0.018504625566747587
671,0.1755993912750934,0.12715644205905643,0.023908523603049438,0.03842538859287688,0.3529519950164646,0.12794597025512194,0.06522633426404746,0.456470721701289,0.09343638604076436,0.0953525084740169,0.01022765643907505,0.03256630137734754,0.13678282598809008,0.02802363201509336,0.02537642198650857,0.0630782243192551,2.5378855618881745e-05,0.1653247682947821,0.0793315887768479,0.02250926872126623,0.020672636884862382,0.22560745284775344,0.03473287466763334,0.020602062639889885
674,0.1709792665422878,0.15881202957829657,0.051105539770079075,0.031456659439716414,0.3785881840645655,0.12492825237366939,0.031098531272090696,0.2823312107038108,0.07739508911090529,0.17699464123841743,0.011338595544328655,0.02411753494827868,0.2643058594072998,0.025670561768288334,0.023941469155103673,0.1173050407487092,0.0,0.15268946003615852,0.21628503967762405,0.015941179861067446,0.018658862548812827,0.22680561335866503,0.026075231487949765,0.019294240609490917
685,0.2932463114220727,0.2418226962799245,0.022989311964012934,0.03855552468312531,0.35095176869689204,0.12393122035776416,0.020863098316814262,0.3797841942376439,0.06416015469944768,0.09623309785596801,0.011120538343696744,0.0752516648828959,0.11128518661322664,0.03542761972789479,0.023567463110439335,0.08746542378451753,0.0,0.1678053869689128,0.3771321198766228,0.005722072334733212,0.0233698354545697,0.24817370594599555,0.03420173084464244,0.02210983223444614
686,0.291785798838467,0.2688245109752032,0.036433871913268995,0.03550709536229504,0.3767427060984208,0.14807094975614923,0.04181264997278602,0.41086101680436793,0.07979526145419755,0.1224325964300664,0.02370031275039579,0.06527003614495602,0.14425238820805958,0.0215136094521582,0.023826280159383137,0.07845553419000581,0.0,0.17662048282585757,0.24400861220438932,0.024208245350725813,0.021053249141259434,0.22261667026376958,0.12944850226511329,0.12513870226921175
687,0.14304629996763818,0.1029611212079474,0.021968601227989683,0.034197599292275414,0.3864825610263199,0.1413809732349335,0.022294976476122587,0.5647725286798342,0.16056114299608368,0.0758758852701184,0.010635488383910728,0.030406639892234785,0.11874665202406395,0.02992386446346532,0.040263506729815005,0.07101111076830584,0.0,0.32938487751213097,0.06169741729283808,0.0026790639454224515,0.1455788698175677,0.20610972739384217,0.035628548936946586,0.0193888526459814
688,0.14976100614225193,0.1023954905521084,0.025629110112747946,0.03688288237271111,0.3718246371041644,0.16032910817826912,0.04713532179595875,0.43076341283033903,0.06395808364852064,0.06378934348885024,0.010372209143200518,0.02687338041427552,0.10637819512026804,0.09017497044838745,0.07406293828617821,0.06492024166056953,0.0001148571105489677,0.14206097139037488,0.07450005280831008,0.009560366685285104,0.01986737188846494,0.2743104932301609,0.02627811559877473,0.019252159787372828
689,0.10012708993450449,0.09126573614505569,0.021745496739189244,0.04334088341473578,0.4814613969874826,0.14334935893193682,0.04202635424675655,0.5320502454089746,0.08709106009014628,0.07274538454024543,0.010777013925169965,0.023169718429469438,0.08337931159400591,0.03595054927543242,0.027177863424905375,0.07428330111346035,2.188183807439825e-05,0.32147089681453644,0.04873170510736135,0.019421747771374877,0.026936601087452775,0.1983590722806669,0.021488061128286204,0.02763254028840453
695,0.1307790017881653,0.10416306773296008,0.021662142615123763,0.03971552351093901,0.4096770789295477,0.1368199460903994,0.0685302594083815,0.4685621319773167,0.06406561896015395,0.08045515168046702,0.010044586824136644,0.02512461966734342,0.09131691952579934,0.03143531115186397,0.02548670616787983,0.06629867829318652,0.01,0.2813903699718363,0.05526130373949217,0.010768126021289617,0.020402771237355656,0.20172698907277958,0.022504903966923145,0.018214980143761664
697,0.18000376636062326,0.13957537728935038,0.0419974077387256,0.11934211193002556,0.3755929302428811,0.15394627116867882,0.07828793849276734,0.5866092939596667,0.06189100592326904,0.08774287530316366,0.011782996118900773,0.026422813064106473,0.09102902765202323,0.29641125964470144,0.03473166108204821,0.08231784895486303,0.0,0.22990278413360077,0.06777499073507415,0.024547561945185502,0.03999754310239143,0.22606135775612565,0.04393412817647038,0.01679916175687716
698,0.1714559626848245,0.1571914609882605,0.02124446813423653,0.02858992530483474,0.326279054952572,0.3210221011525149,0.020828551710258925,0.4840153226361506,0.0833643243572056,0.1384899610621126,0.012039300889682554,0.024339276646229476,0.1472618234543965,0.02449306919744464,0.03276659971224276,0.08856166539977972,0.0,0.1673923339168915,0.19248821429937774,0.004106328447300654,0.0410454181434293,0.3214848258981998,0.02244895815775245,0.027191528891981162
699,0.1335389869793298,0.10746715067860356,0.02726415003214671,0.03400437616537165,0.3886582053810032,0.12965167190102414,0.10435216060426246,0.44455978897027265,0.06333739405836279,0.06338524066639396,0.010183094647866636,0.028301676081378183,0.09134578935820377,0.028279400771868725,0.024512596718192434,0.07765437040057409,2.5378855618881745e-05,0.15125308138245896,0.05983015095039307,0.014754660955345143,0.019715485532253493,0.20287970128530086,0.030707174667862994,0.020770982965692818
703,0.14119149483957003,0.09064633864591942,0.02035788393746815,0.036606319611449036,0.4011968542150352,0.16678153322686803,0.0661475510922006,0.4703979754008828,0.06303505518155977,0.06344232839677452,0.011333670686384913,0.026200028465687114,0.09200803397801639,0.03784775308230168,0.024512596718192434,0.06098835505139315,0.000324752754366868,0.1748305670111729,0.055984725200678216,0.010698654191445842,0.01918667103434799,0.21540575897671568,0.02470094643630965,0.025413679021814666
707,0.15121595252995815,0.13606751395322791,0.05956084935065592,0.06055179348137146,0.38178698005477096,0.2200986305625313,0.02994547506075239,0.5516875747879382,0.07931068145121799,0.09108990856040919,0.011752200221319951,0.08670817964261783,0.08451648647745831,0.020150177084289247,0.07151217875961063,0.1297107402765249,0.0,0.37924622035929834,0.11173644094632489,0.010993700392269967,0.01536710336485793,0.29350530589548357,0.0825900592286808,0.03682575215818042
716,0.13754023742359245,0.20189035982641004,0.03306775996576294,0.04716096294440177,0.3849588558732085,0.12999627179836426,0.06746884490261296,0.46221084973261645,0.07218389448372318,0.06977485113856473,0.011380972804045429,0.028288121938683446,0.09133568016232088,0.03604179892831888,0.02579980547380996,0.0612187788872008,1.447178002894356e-05,0.21909135657460893,0.06378125861556339,0.020002667628060897,0.033607812278583594,0.20090759465129776,0.02279852799081318,0.01822789461854164
717,0.16124378595312375,0.09877918157351431,0.02335253588212727,0.1253398427891447,0.32109918675454113,0.13166118833890414,0.17789664911603822,0.48187793826781594,0.06569414085034216,0.0746738067980155,0.010967054797946336,0.032072811714636364,0.11465080396207102,0.04198731802475266,0.02507347197265126,0.07783017297496635,0.0008044635829992394,0.16514363504805246,0.06146783596297085,0.010779047207301455,0.019650751047221714,0.22930714636950783,0.026961053003338304,0.018956463775105393
719,0.11051466139337432,0.09571391298804839,0.020624104780664617,0.028000677429416726,0.3748724257658251,0.12561903070408978,0.014368088923892132,0.4336900835648299,0.06360147178301484,0.06816128150089848,0.01026785398913422,0.02340331716925042,0.15312699323954063,0.024667356765036175,0.03438125213453807,0.0827120774206445,0.0,0.28888817713097603,0.06426799774995297,0.004851203281783948,0.02493467225001153,0.22472128639079153,0.03133197983449287,0.018034900406541477
726,0.11573744713133916,0.10790734178156189,0.028139677415550478,0.021658497162731213,0.4212847183892986,0.16525842517732042,0.008858641341283599,0.6665880599297533,0.07845371624309791,0.08182021670796813,0.012465621256600104,0.018275896589414458,0.16574903630417734,0.05907647312957143,0.02506121873099392,0.12818799726841937,0.0,0.426059206559086,0.07492742257887505,0.0014870080833841372,0.01778711807372515,0.20592444580652905,0.016222638274062055,0.01901636798105215
727,0.15092619358862103,0.17812476464596927,0.050068086963052,0.061803131137300744,0.3815442713380962,0.13987080642410746,0.04259340874745484,0.5558863918597406,0.11078334513659815,0.10652938711327778,0.02060187685393005,0.03531070431051668,0.19696779364470726,0.0310291453582079,0.025948163170022114,0.12786735207929942,0.0,0.3326847730855721,0.08119990316919909,0.0033397440893133514,0.0162154095430276,0.20658712956193376,0.04252631371188764,0.03002548561076644
728,0.29327540689993303,0.19373876326479245,0.0262741233489031,0.08233102390446748,0.3883894239168006,0.2523827805484875,0.1993864423661588,0.5063058498639981,0.09276148439592728,0.07817052073860642,0.03017700050112223,0.11209274268906264,0.08860503407221529,0.11347250632589115,0.024638487643441228,0.12077363684349539,0.0,0.19296573495945674,0.09030083274644694,0.022370308906480636,0.07242301672353048,0.29782346618712036,0.05679529572451174,0.02599175230870527
739,0.23063424273081906,0.14969036998692808,0.03812579735616037,0.05840970971922989,0.33677908254409267,0.22315254467878837,0.0504805883956486,0.5040199086275855,0.0740413361696897,0.06752724303411957,0.05636761105366049,0.04622535603578662,0.0992799548773961,0.028926916844889444,0.03630839253889553,0.14845744769459868,0.0,0.2709706302880129,0.10964531013281267,0.01570413413546589,0.0300831226229189,0.3956020560257225,0.20936048955797149,0.02812950592016667
760,0.1225450026735967,0.15182746822068777,0.018808900674443064,0.026102246265274992,0.4962853226128507,0.12410345916947275,0.008948511058523102,0.5436771202219965,0.07122490329940633,0.09689098501067624,0.01389242972951999,0.03555652786103354,0.1141567679873421,0.022001145465961294,0.026421853115690546,0.07063008180518171,0.0,0.33113865238459267,0.07083421616191571,0.004820259874115816,0.016244089259766756,0.19768319160590103,0.02840755514077973,0.0186399969438137
767,0.14163537553433753,0.09653463162440618,0.02489720464246801,0.03712446571029378,0.37160290983192623,0.23606845749288966,0.07351250593229561,0.4200029345250009,0.05861195903662341,0.06945885670014387,0.01753764913760738,0.027920351064188192,0.11355487038062974,0.2946769788413313,0.024123491360601216,0.09412837910830736,2.9509374013905968e-05,0.1557743025926669,0.06173858847151994,0.015082419529325765,0.020215910076853846,0.28160398894606453,0.024210391666929815,0.02915741187989547
768,0.11463528034813418,0.0895876311880555,0.01978592798382223,0.0932940817619285,0.33227951432635044,0.35070180972754694,0.02694607963270681,0.5956862463000673,0.06907658115725247,0.05750320057968437,0.011261710953501149,0.024888792042205683,0.18242159784696096,0.024274603180753907,0.031265632058073575,0.2395390679584843,0.0,0.22443896161305527,0.04487093913642089,0.004246829218106817,0.016930822162440635,0.45985884197282234,0.036118355019891336,0.019874835492604704
769,0.11212311381491989,0.08785163894274499,0.021187341480889396,0.038840743961015514,0.33619077332934266,0.1261307682734634,0.021980686196775463,0.58404959625923,0.0632742404172858,0.06783915577112498,0.011405728053017993,0.026037431251953805,0.10828985911564548,0.024861765857548065,0.032046500087410286,0.08335128049176811,0.0,0.3396793042227662,0.04585194583183001,0.005156928970852135,0.017846449750369683,0.19633174861943947,0.022196054608881393,0.01835710303287682
770,0.29393343968426533,0.15490277186090312,0.04371564131253924,0.03265580153400701,0.3632615099458379,0.3522532329471106,0.06246970152878324,0.5102889511116544,0.1697426676768987,0.1520774818739063,0.08946863668644273,0.03304152871710531,0.20923800307492513,0.028355277054962977,0.0515848477318716,0.2540242239591518,0.0,0.28096239761696273,0.19338211525106597,0.03084003617975721,0.10759699960816502,0.494083640813437,0.06453539545288828,0.154406292348034
771,0.10697072455248026,0.12382027365939384,0.018345207763826886,0.05214067335910336,0.4219291714876976,0.16756318904592976,0.03792725438849471,0.6858886324160146,0.08636703065818972,0.08738279620327993,0.011664476404072636,0.02087235697536092,0.10223851910773848,0.039347519472661345,0.04785602641486962,0.06913126318943927,0.0,0.34711197327200544,0.07210064404925898,0.004668963773943411,0.018025736708371095,0.22446690732385588,0.0197437579683001,0.016565189744318164
775,0.14604932175798807,0.09865156776441975,0.02248679178371974,0.04216932339690879,0.36166410561037793,0.25089023254603793,0.03528778845019249,0.43207084508231636,0.07533846786299694,0.06457078171639732,0.014614921733672615,0.02501568306465969,0.11789952944748323,0.026940661533450826,0.025149193131039024,0.21286175421543824,1.034126163391934e-05,0.16909632264599522,0.060314370648711424,0.0072040052648709,0.018186965344429974,0.41910832826208283,0.02364006097581431,0.01876567260733321
778,0.17352967422838667,0.13944796575716406,0.024481694948698056,0.042206850932003104,0.4565994212107618,0.13588919179593767,0.025659150165673043,0.5279328334951802,0.10701163913682248,0.08096880813004166,0.022665246423110286,0.028034366539046004,0.1177579487632394,0.03071734659314497,0.02471166703564408,0.09816301451022078,0.0,0.27339407056762666,0.07652991875711336,0.05495642426964139,0.022483311867369852,0.22286019760566242,0.0451024450473366,0.01784075402986291
780,0.1264116332226708,0.10565399441842047,0.02142881335310325,0.030961837944618577,0.37687631091815554,0.3745079247247835,0.04488179282399691,0.5225481215497042,0.06844349395058212,0.06805016323744739,0.04095390066017697,0.022794490507482893,0.19803860514416768,0.03990583594112821,0.02458258431825304,0.08409193562297075,0.01005181347150259,0.25264242987774904,0.058836239587659475,0.012185215330818169,0.03115230005172756,0.30488490678131275,0.040915358342295684,0.024301280635963058
781,0.15318372846745568,0.1370690866155277,0.020978059942226818,0.033686044877763936,0.33093005995869423,0.31186566999643417,0.01636770563333516,0.5065257421303998,0.09044631825271936,0.10177587632035907,0.03377018576065709,0.022535778469338477,0.1872438581901759,0.0249489196156317,0.02418628447440966,0.22688407634449656,0.0,0.17606415976468567,0.11132971037980437,0.005472865099564692,0.021602840819512158,0.44866561901443136,0.02281987299983033,0.019024393729579047
784,0.14659554122726454,0.16348579244390574,0.024789638282588334,0.0353882301416117,0.36486465374714755,0.22051691824631106,0.021486689199129234,0.48541021798536477,0.06639312926450107,0.06928434645483045,0.021305351653773473,0.025040263002798616,0.3319624066231233,0.021739713500576335,0.02509822895844949,0.1806381330588669,0.0,0.16257763026538996,0.09069108488990278,0.003475346518891612,0.02013850737800111,0.2875042861320879,0.023416562001095036,0.023139026966549063
785,0.2880797037384826,0.10511671495113742,0.02089419676498721,0.04347649232898145,0.32815466230347995,0.47539240834582297,0.03355017715807108,0.48432598634737256,0.07352544040165349,0.07618544582001302,0.02598778563401386,0.023901342311015653,0.08985175678321389,0.02622800448103491,0.024251781642906218,0.14425755791114397,0.0,0.17654007194878577,0.09879111365271198,0.003967405597036997,0.029404099243050288,0.5154013349638572,0.023151792436040118,0.06220432664364723
791,0.1066624966753415,0.08622441392300505,0.022901140085461978,0.0355621875007416,0.43422357345936663,0.20200758934379873,0.027389936490878602,0.577387973989479,0.07024840593193732,0.07868089387567143,0.011898494943646221,0.02522219721606267,0.07275632439990652,0.028711043424204385,0.024779773137206983,0.10117345583572174,0.0,0.18536313359688428,0.055445993316245064,0.007877386940376228,0.02187506160479289,0.24130710477030715,0.024223259876639383,0.01819216642551588
793,0.14057286815914657,0.11109344639474296,0.02537502751946283,0.030622861664558326,0.38223209800327074,0.12908303207184363,0.012388610737420851,0.5441734050174547,0.07387589962111386,0.06832735213263504,0.012754743295763555,0.035554631722243685,0.12357682737142625,0.02253297506598092,0.02424463324062197,0.07070282747065725,0.0,0.1602274646722492,0.09646344879745655,0.0026061666777566534,0.02054303120049906,0.22170250966899455,0.023642837948338893,0.018620825263061472
804,0.111857985978305,0.09255898293613754,0.022652550424419927,0.04361681016986812,0.49896545625931443,0.12697741953849603,0.02217412219131998,0.5392220826314722,0.06275897418036683,0.06397899580850452,0.01127484282250505,0.02628389146393348,0.08700206956894686,0.039010421514344036,0.029728718425092105,0.08082772875758615,0.0008144747306966916,0.20444737372283645,0.05470087839058995,0.00852058427976635,0.02107081690994862,0.18168924117108604,0.023523756310318125,0.01624280115652099
806,0.16379006315188024,0.10737171717092199,0.023328453338919898,0.05731064463478417,0.36708554911769353,0.12213454600187447,0.16877086256788495,0.5103533646449904,0.12231585706261913,0.06473027728089532,0.010099579032024408,0.029518550437307393,0.10410790974803179,0.03134091954608292,0.02393354050369111,0.06349154692134894,2.188183807439825e-05,0.17133845933755573,0.06566950108962294,0.01968963976087901,0.026021456388982615,0.1974395414617183,0.04912908300668103,0.01990912530779968
814,0.14838804744013762,0.10466813031096199,0.021388881605272178,0.03199584303889167,0.4433995584833111,0.15140716192628992,0.017985903815911055,0.5060052004090947,0.11688569583394695,0.08607194650054244,0.012248738134325947,0.020941710592753335,0.10451467960232595,0.021163025620363582,0.024021697988994287,0.07942126591201179,0.0,0.24835595588403436,0.05932861583828744,0.003976479136589347,0.09644573832782405,0.23519486983730253,0.03024409667829767,0.020893076358544305
817,0.21357485234615922,0.11270241726552462,0.02627088483458949,0.035970320606749956,0.3729488667795157,0.35340167027635483,0.06383961901315631,0.4868159263251161,0.0642285210090469,0.06970615422807562,0.010587162023420107,0.024441539748387232,0.16645795094605303,0.027315483882469977,0.026121820349008056,0.1857905285519504,0.0,0.2349467824374763,0.06439011272179763,0.006591260839767093,0.01801673113917504,0.41820802283468844,0.027113806262711534,0.01870312004447958
818,0.10103785275824471,0.09066815274863906,0.02011870090480624,0.03734277209032497,0.3532091867021014,0.1435768175142259,0.015009318996624825,0.5339219052004681,0.09284592618127496,0.11440524038293277,0.011726033776997524,0.03056909401925905,0.24612409032723193,0.0228613876227976,0.02548960059812432,0.07573010564642012,0.0,0.2295672968008752,0.053023638950578766,0.004400099813952118,0.01679328793498861,0.23371818277253267,0.020942090831854478,0.01797034244331318
822,0.16853863526495425,0.10166693254682782,0.05343925706390987,0.03647106841300419,0.5107269848286003,0.16019830788804015,0.00632754002075449,0.6544874397203168,0.07224568373993621,0.065605537793867,0.012950045438920062,0.028108904755833452,0.11272597698998242,0.020666360508880804,0.04392307811542518,0.1257088800400946,0.0,0.3779489950379791,0.08111258913816607,0.00307944952428774,0.0371192258209747,0.20939475252257517,0.020451091673824008,0.015069046028845354
823,0.16291863867724848,0.24171087136692532,0.040808056728159306,0.03418257400942535,0.3943587803260403,0.12705541961514796,0.025621210069879673,0.42208759286392167,0.14917200366638292,0.14112904157766426,0.02054998529246713,0.033389692745444594,0.10638268899697884,0.02525916178828053,0.0607445425918199,0.06988023174650453,1.034126163391934e-05,0.3137898799852045,0.15114614318648673,0.004890974701003625,0.028247725855231994,0.1986677066751163,0.05459160489719712,0.017605274929007687
824,0.27178850460113196,0.1252103300666109,0.024595633851323382,0.03221326269543484,0.2908886586654928,0.15298005714486942,0.0554874331498326,0.4982530199607708,0.06404915721875554,0.07434894951508526,0.010566163625227186,0.03948205899401693,0.12411956417336144,0.03355562017918993,0.03223923377505777,0.06983659701514515,0.0,0.16096999806922496,0.07835143151084387,0.008091706057736035,0.03220975573439027,0.22888790523656405,0.14756262657250413,0.029476617511061783
825,0.16953946611985826,0.09907588631341822,0.021349881055242333,0.045971521265877786,0.3662727855809205,0.15786883363945262,0.05938300348281782,0.49828398446384553,0.09236121811670853,0.07097415068923536,0.012324622509674189,0.024704485197237062,0.16807547694549654,0.028477375136461477,0.02448149656966402,0.07416376955648424,1.034126163391934e-05,0.18705095392862056,0.16922160980041054,0.008627218159235436,0.04864580181375677,0.2938521094155241,0.024407324112988415,0.018571299026200985
827,0.15984152838569943,0.0924559684164135,0.02330698530772501,0.03741505549072452,0.37728736816597697,0.23305448262515108,0.0468480351103674,0.4559952759298042,0.06675280781200137,0.06522103430919253,0.010919156680095861,0.025837284769411564,0.10343442781133139,0.030624031081519832,0.025338829119472352,0.06121285366869864,3.6589318122893444e-05,0.1505299262881029,0.0607770469827327,0.012070043763580604,0.020510276727643925,0.23979348196213945,0.02367774369349409,0.023988744138043163
830,0.11813537264648565,0.08590008008417942,0.03440953985034781,0.04080786584991269,0.4470954807267756,0.1272558779856714,0.04626847327012272,0.5173589193643844,0.10681968709669197,0.06957689688429503,0.014597467556052322,0.024170930157639443,0.10857395160540902,0.02797995529618829,0.046590037060683154,0.06325452017656664,6.988788313581287e-05,0.20418788291488219,0.06068703096026618,0.02852540434283455,0.02318502786204548,0.21352012445836505,0.02441885230125651,0.01692377547597738
832,0.3203073681636656,0.1602483853765806,0.020589086445489638,0.03636652996753535,0.28531780167315235,0.4241833715478922,0.05034505959302882,0.4813119724721483,0.09105932904930128,0.09430682139606024,0.029154814788485476,0.024440194515730235,0.1388238572641358,0.02217709759560481,0.023102794764628617,0.2181169126748507,0.0,0.3028907875628765,0.1382262161786051,0.0027828960250218726,0.032805331139492265,0.4798132159158886,0.022896390089782566,0.039626052953502994
845,0.2034157145362721,0.09513467392145529,0.025416737259133012,0.017877463408209924,0.4277307423177465,0.21317139884932076,0.01520806095246708,0.5361813965309602,0.131254817971362,0.07659494604173728,0.0368090905838534,0.028023068931186043,0.18121363834546408,0.02268050233989635,0.05458108165346922,0.1178201089649329,0.0,0.29973587591250006,0.07212032279054792,0.0017285740862716995,0.01491446275423722,0.2731724409187283,0.02101214140809575,0.04789975811544583
846,0.1520221396746793,0.11424362811159736,0.02524810389152145,0.06316920928618729,0.32170549705393503,0.14015338303180533,0.17708032910507943,0.47808846751335055,0.0656146211922592,0.06438317639395372,0.010739146586333148,0.04495865672619195,0.0828971685960444,0.32813762620319814,0.07653111456266327,0.08576979289044764,0.0101905214418141,0.21690888620421472,0.06085375194236068,0.019036900099501618,0.022317229228525814,0.17541084442015822,0.02468774939262361,0.019372515862316225
851,0.1399498765868411,0.09752587032601465,0.02313273355145196,0.026086802883527656,0.4414751518287079,0.14516461110566112,0.05170960437186694,0.5237504438256866,0.11035912116789678,0.06554388463424397,0.011306148276619778,0.02761512005850472,0.09453741533254856,0.021838761726940832,0.022313972560863725,0.07933384623485011,0.0,0.16792955753650504,0.07599683928933025,0.004129884468478419,0.01927895181355047,0.21808965642449504,0.027901984980940164,0.05484448106082688
853,0.12839284560714131,0.0891760504015393,0.02430184594768954,0.04204018313548556,0.32885544795494526,0.12814804560054235,0.14022432211260935,0.4487718658287187,0.06126750277009445,0.06114021029044845,0.01003925072746217,0.028410502350472603,0.0894627128782123,0.036938174413028387,0.024512596718192434,0.06331333104961563,0.00023085460089821206,0.1477728235852735,0.05861679206867515,0.017263805891322658,0.020684624619616863,0.20855520799054295,0.029229229541132763,0.01951602981378061
854,0.11439693588220604,0.09902857277922297,0.030035778092892245,0.034608912763899546,0.340268734656572,0.13154170247819463,0.031014370464894744,0.5421594483353904,0.06517434745639329,0.07632547296990191,0.011146470306115024,0.027780099009273945,0.11126800938033694,0.02583560314429032,0.02767825150254506,0.1047896430213245,1.034126163391934e-05,0.23565778238133991,0.05117122444381862,0.004619288831909252,0.016979987006465632,0.24281399328395975,0.021607730720686082,0.01874921650893591
855,0.13918626423315414,0.09170054433675887,0.022829867119372717,0.032555207611628,0.3727613397752446,0.13143965479436107,0.01918364244102303,0.5066102524396822,0.06563528512687433,0.06472253113115876,0.012170309150713886,0.026206642889213642,0.08907489712206398,0.025894897566538053,0.02399265746357696,0.06621431150517815,0.0,0.15715550296876374,0.057985422769292125,0.004779504524278193,0.020749368453144217,0.21967993412895656,0.024439319537034064,0.01902919173601845
860,0.11154972259474448,0.08568161310802465,0.031135541168080882,0.03189724487599832,0.32970230617074364,0.12705376771466764,0.015311324997983442,0.5195312110212236,0.06236753985084112,0.0665614273418539,0.011791128174619301,0.022757204659206925,0.19241074571073413,0.023202880175327806,0.03232110103405151,0.06480075919783851,0.0,0.3088224697811762,0.049467913333206326,0.00800433657396416,0.01638421723351472,0.200510329367145,0.021350715712458807,0.018189733084186477
863,0.16451632100832636,0.13873218835301435,0.03670023416421231,0.03382525124355612,0.3595844250587609,0.16177141867293027,0.05259839788016143,0.42554750772844235,0.0959433212641261,0.07251480498554307,0.010188738939590835,0.024610994997852242,0.18561679757673627,0.027441468752807795,0.024616043932523396,0.08413686166157883,0.0005263157894736842,0.16359584346996273,0.07810485469740325,0.01160098194837654,0.024025239956168898,0.23271155925717743,0.03558226306387831,0.03981730443809348
867,0.09344939551750826,0.1586710441310532,0.048920576005247324,0.032082060405185145,0.36627823893395983,0.16551552397179517,0.02078452115025005,0.6226363961281827,0.09924010520999964,0.0751345684097312,0.022175712106602952,0.07367790981623433,0.21340577237962952,0.02425474400814828,0.0410066951659275,0.07810663351352774,0.0,0.43476385405116014,0.08004918492387078,0.0018278261139833849,0.03516561439063961,0.18760916486792228,0.03960572911787224,0.11585303134065025
874,0.22980620830024276,0.13043354533265356,0.02105577625701089,0.04666075859807434,0.32617535292677197,0.5345149128466256,0.03930047858740464,0.5043662269825346,0.06057091457111209,0.0790199065882612,0.012834576761236812,0.021830009466538763,0.14592840848343783,0.026065956982913044,0.023617142269159345,0.1995546082444088,0.0002857142857142857,0.32251406067298916,0.05382301192055148,0.042563252037175835,0.033973539123316306,0.48169673064635027,0.020231620075348764,0.021797714496719946
876,0.16017723868952513,0.09781460631219288,0.024346347006545747,0.04002600162157087,0.3872834360405764,0.12759557521446996,0.044659659153145494,0.5034845730623884,0.06394067194887003,0.06354382983928283,0.010192636436403437,0.027199866519650135,0.08605360209436902,0.03703444940028622,0.026810336078661123,0.06132178212382589,2.1551724137931033e-05,0.205330899263947,0.0613853669667455,0.01034594607616449,0.08493317804473616,0.20250608758360295,0.031099437482380678,0.020363116274288252
878,0.1119118859029819,0.18930128952363504,0.036765560435594244,0.03799629163286124,0.306797012348671,0.12741660041608152,0.028472839687344292,0.5262667986105124,0.07722578092742217,0.09478539351617299,0.020202431419326258,0.04800133806760569,0.10325481030738524,0.02781390280285704,0.02485278065198628,0.06574690480759098,1.034126163391934e-05,0.25322398195206053,0.05032113018743457,0.006180229977861309,0.017586359725939592,0.2170996940049986,0.023254334532055908,0.0185566934991961
882,0.09952076415642538,0.09297662555021553,0.02256698193387322,0.027411351263845227,0.26924711688484054,0.3530717082046524,0.015490824212343112,0.5135590591491774,0.06489232199646733,0.1206514950604976,0.053990490543572786,0.02280911784826096,0.26618682745718375,0.022251294958372712,0.025996396867807716,0.2966357412392018,0.0,0.2487821854205064,0.07136319195905896,0.00356800441199451,0.015182849223002108,0.49601736566446,0.019544204210671254,0.016385046033638235
888,0.3237268644060324,0.21593420613988912,0.023907338102929707,0.05110399186846851,0.3671137973205547,0.21933584833703162,0.03451271208116644,0.49900818225894694,0.07444315430170428,0.0656964260085484,0.01234703772902865,0.05692023190737401,0.07291806429281764,0.023507176488014096,0.02399265746357696,0.08559828393525658,0.0,0.16171411013469977,0.1128135571862559,0.00519384476419668,0.031208394709112238,0.35924006718668855,0.143770395094946,0.024007519883380884
891,0.37404635252987495,0.3056112281550749,0.15144484879951434,0.08425089331744173,0.3572925382995922,0.13559348378845668,0.011820042751644324,0.44347972366790467,0.1738755511160822,0.17336097359635164,0.013608683841827203,0.06321705657246263,0.08643561148128466,0.1048604941779524,0.12868415497632366,0.07429902034256301,0.0,0.1759680270991355,0.07334215499813053,0.032348862928761254,0.029573545319250476,0.34852536704067316,0.05691366492208964,0.0397179266519404
892,0.12598712495511966,0.11002533765333165,0.023242540306652168,0.03902063313510571,0.3388370854164185,0.13836793590835325,0.04851344955797891,0.5526339231323827,0.07388661456329254,0.07158334333163371,0.013030536082445098,0.0375225503002586,0.0904796456135382,0.0256645341440853,0.024286063120535908,0.07472950073800415,0.0,0.22676682309025298,0.05489033044735771,0.012968843430707467,0.03651446360758054,0.21466606065693256,0.030951655802106636,0.038605731850543126
894,0.13798340407450743,0.15480986242914604,0.020884019767197417,0.06361735348456776,0.35267372931674695,0.1957896333607563,0.036170954574673606,0.5710403729118294,0.06510509436049705,0.0964989748675087,0.01019413227228259,0.02747323302556615,0.09923665098193318,0.025902746389091798,0.02536069392525344,0.07703300115368102,1.5037593984962407e-05,0.3239887313345958,0.18797931137013119,0.0037345131928159057,0.01882258617816292,0.19191107384324563,0.02779822943532373,0.019635850173896626
899,0.22601930470627576,0.12600426547075416,0.024449496479317573,0.06766034245846259,0.33339946983091856,0.4335099456283837,0.026852479956066436,0.5961587774136421,0.13527263252914384,0.086129084256236,0.011109946349927966,0.059768335349936856,0.07541526551720898,0.02442522786078199,0.02330257520880659,0.06270951518179135,0.0,0.1590050598262179,0.07038646381724188,0.005993756727605919,0.02101614573539255,0.28136256933006676,0.08745302328810427,0.021568473150638562
905,0.13004318448838714,0.08921059868423747,0.024139605288049256,0.03983230452797554,0.38115177405955925,0.12814804560054235,0.16506217724040365,0.44107498708183357,0.06406561896015395,0.06554899136129086,0.010461114726242568,0.02817533081806846,0.09209590731258879,0.3005996270004683,0.024145631707575953,0.06107042249125639,0.0002674422928856774,0.15417085876131162,0.05878949842472923,0.019496323393790194,0.023385502547143836,0.20000074061258316,0.023971044095470594,0.01847510333576756
910,0.18866735965855985,0.14684135166948087,0.023834910092382432,0.04529025142559501,0.37885236810809486,0.14156732082662268,0.056539368372201526,0.4934248947108695,0.06724469202870159,0.06392140060709858,0.010290566428448665,0.08661719605638052,0.09118687768988921,0.0589384677672397,0.026075009294379194,0.08177064277449068,4.1841004184100415e-05,0.18588376067325885,0.06323746651871712,0.008983104710242546,0.02274703614291202,0.204009355413493,0.053175082285476585,0.024217350667706677
913,0.14615268793343372,0.09724436391123614,0.023395242366511537,0.061747056507575185,0.31623917132220397,0.12922230393863146,0.0672580948460238,0.5170243925564777,0.06503575869725618,0.06236016494357841,0.010942757616777266,0.059735497445097235,0.08251108028610582,0.03303187502626987,0.024512596718192434,0.06194275236333558,5.6312784213043975e-05,0.14423492598870483,0.061216044831651384,0.009881822292092736,0.02194703184581175,0.18030914532210437,0.15157221573518856,0.04949402815906181
917,0.13913949310213894,0.1013859552781917,0.022461384825417107,0.03291803643439326,0.32732155580049516,0.24952558537713665,0.029615452356699393,0.5067468955548161,0.06480191486915607,0.06467667814458335,0.01146587564098787,0.024745067639368103,0.2049737543937051,0.02661061152105295,0.03425761993943234,0.16089655146746903,5.1813471502590674e-05,0.16791102314548403,0.058789798636205884,0.018525703927319517,0.02073826958467749,0.41795596991138984,0.02356427355867396,0.018578850898568953
918,0.18490585250630182,0.16610470582592995,0.028344261509746574,0.043225796073548844,0.34964778330082924,0.1279152006693255,0.0462833822263825,0.4705019752394805,0.06350728171075751,0.07507019383303742,0.010270634184903826,0.03797209642604266,0.09034020218509278,0.029478710153706712,0.027336174173367676,0.06602570095328614,1.5037593984962407e-05,0.1532159087149134,0.09187626389674267,0.009417529568772516,0.020721009698371207,0.20029568283025323,0.12005491089143927,0.021929104459074953
920,0.14615833303934778,0.18586647346315435,0.021936168978088356,0.03475464673074409,0.292541328241625,0.13243130117587004,0.02990005552576811,0.5634877146908408,0.06350048116558313,0.0744139869656291,0.014646657277568132,0.0836550995570111,0.17062178457651866,0.06407629453915219,0.05845833743146771,0.110541088494685,0.0,0.3735008638196638,0.10025118913477239,0.0034801864907836716,0.01836049273131624,0.23956210329067087,0.05220760278069283,0.030939402222104083
922,0.15199928360178078,0.11522679857513218,0.045596804361235074,0.06846443991357368,0.34651245944357895,0.3227571774529378,0.07296971945774945,0.5413968952420697,0.06741455684605774,0.08806315538138483,0.033585569913480495,0.024882903683904382,0.22063978806913467,0.040278499392380616,0.029226028666221055,0.26569598577719167,0.01,0.23255494181151012,0.13270637612510836,0.04529807860525186,0.06004822180762825,0.5202676160732029,0.023761986601610635,0.016957785387012318
923,0.38777722986582785,0.15333887068562368,0.023276668624329425,0.033956037347599596,0.35051136216645384,0.36190620466067086,0.010586571191476511,0.5131633078279674,0.08707943854106981,0.07993366652612231,0.02549724475583346,0.02425080402450823,0.08948780838587478,0.022014447468303677,0.02726803748199104,0.0939174850102217,0.0,0.2715461703446862,0.09840596653283205,0.011406271958305562,0.016260122797431793,0.36236172640479425,0.04806930622509113,0.05231619812181607
924,0.11895387734848285,0.13900738242369898,0.02192263688412404,0.029152447962724454,0.3470047957753484,0.2493450043932494,0.011176064785115666,0.5086471660394483,0.06383643625641244,0.07189219371989078,0.012061396592577793,0.023572191190284822,0.16230597126630003,0.0212386413238811,0.02544073129504691,0.19007319967790984,0.0,0.23245282940356934,0.05734716595625075,0.0043214978689604345,0.01771975215248806,0.4498909678770226,0.021806668141996482,0.016275972455264243
928,0.18850427685080998,0.13333293363667054,0.02542533683153829,0.03530463383617097,0.36233699945637676,0.1504376132028386,0.09379114435930148,0.2989352653487699,0.07315837325356753,0.14975749785105666,0.010867496907836,0.02704796898074329,0.24932144737291875,0.02948805943477143,0.0242989122804631,0.0667271684874628,0.010121701354638404,0.1454790342305813,0.16034843703446844,0.01334517475743092,0.02044581864946761,0.21382280022633762,0.02425184001443554,0.019170423564895185
929,0.11119288329582712,0.15278816665529618,0.057624582335512445,0.03773652201760726,0.4095379150397838,0.14531407772542188,0.017643507877394205,0.5971747456927607,0.0884911842404979,0.21268888082827936,0.011372851256183359,0.031651643941853484,0.0820710557385421,0.02529287670557583,0.04790933909472887,0.07307904948475151,1.447178002894356e-05,0.29566929028941125,0.04789451825573389,0.0036211324312986526,0.01731679989713147,0.21401263119796993,0.018775445677080914,0.01851315763311602
933,0.10743207894591372,0.08330809038316471,0.02224622464067765,0.0452388050797542,0.40253218093259796,0.28551470823758984,0.03332960207741666,0.6234513037016455,0.0714241563900453,0.06472908115882144,0.011508937719763024,0.023606319292834677,0.0876403938731046,0.027645484135728017,0.027057042213186687,0.07530297722545669,0.0,0.2841065456236785,0.05064678608912128,0.010316796674051602,0.017780643006879735,0.22906727123482779,0.022434386320003174,0.015780619804878004
935,0.12434690017690407,0.10882961449195831,0.02324338125668035,0.03545379991522126,0.4028997238155312,0.20216590386300504,0.05406727306359352,0.44406650226385674,0.07634035784698029,0.06583231118401991,0.00998272598830169,0.026118301389545677,0.0956074260881432,0.031865406535704494,0.025778223890680435,0.06845201857943556,0.00010558829534883929,0.21484518125972166,0.05355090126238109,0.012724846066526465,0.016760034522073274,0.21800669815069032,0.02185748219418961,0.04802183747920981
936,0.11686706243309086,0.09446686766230092,0.07627658511596881,0.05128062064043253,0.3936337104452081,0.1259387066298555,0.02572150709358028,0.6578521890615611,0.10464186458104426,0.09927798690002991,0.011824624463113659,0.028004271320760967,0.0899662806847405,0.02529803733901662,0.026539720632327523,0.07327522328220053,0.0002857142857142857,0.41524333082803255,0.04620490049539998,0.003283077302067691,0.03253510680506586,0.1877727976967472,0.022453808031673596,0.017378683278837646
939,0.19747016989671418,0.09992710189095881,0.030375710125523977,0.030277975771321644,0.36198561698435944,0.15781278365576448,0.024884659068187417,0.516446199893733,0.0628884588451944,0.0624625265267762,0.019489384547814306,0.02577274291503243,0.09332207025806807,0.03094541928670003,0.0231426005000087,0.07736930729699461,1.034126163391934e-05,0.17180878898138296,0.07569643662758077,0.004158721208706903,0.020277819125189906,0.27598414710953395,0.023553544549245412,0.01657092291115494
943,0.30094538210098787,0.31232978088171526,0.039467066785868005,0.03297040978264631,0.305757053999452,0.13176374905992808,0.04092288149813312,0.2534934168697319,0.09342717148127115,0.3012792043850448,0.010354350821936656,0.026465806792717612,0.16864725977550393,0.025833085356426165,0.04344644744855015,0.06274296639298761,0.0,0.15732901004757005,0.26462107769570653,0.019107534699200856,0.020244305150509335,0.21496296632483206,0.03544078345954556,0.019692746016399976
946,0.11796558762839521,0.08820121019084226,0.02336906077714028,0.036946036063589996,0.3784230171049387,0.12044912498243318,0.0447084349958865,0.5327813165081771,0.06412124997009583,0.06316043658940887,0.010520463424206905,0.026680968330504432,0.08386841606905576,0.029949507823887785,0.026700239704008033,0.06074667470112271,1.447178002894356e-05,0.2543810395995676,0.05622439590177547,0.01369979915820144,0.02152724371002531,0.1762418450962677,0.024770551795014403,0.018602232581117872
948,0.17976950346441964,0.14068472516385963,0.036119988747277836,0.0353374068578921,0.3381123173242401,0.19857851550086442,0.03477301284123099,0.498187159197734,0.11472716014708423,0.08341647059126527,0.13064216080572547,0.03224827466100717,0.11700631270549872,0.023565905844445324,0.034880820552984644,0.11035690477953114,0.0,0.1805506498878188,0.07593151897009238,0.013783071461895167,0.018378219179626162,0.3247596906578465,0.18141720045616722,0.024811803875088842
950,0.1247301781729044,0.09330129345528905,0.02410517299563446,0.04780679209756473,0.3570790415219283,0.12626487143776996,0.4575721791487558,0.3304557128932917,0.06436323502953925,0.06483764105931857,0.01014344541522531,0.030189126716963676,0.09603004430612337,0.0773339821209618,0.024232697889951808,0.06052535247925379,0.00822660844870068,0.1414839251177667,0.05861679206867515,0.016128300747816494,0.020453729646180002,0.19413666291543494,0.024045930509366292,0.018660182305947313
951,0.18389889141410826,0.09510401564868955,0.022937903625070644,0.03586006785536942,0.35734655443692953,0.19688533274061573,0.059455505640747475,0.4483227654625074,0.06406561896015395,0.06542587339760506,0.012514456649391275,0.026377775318120536,0.0962755470238946,0.030838080476299802,0.024710563706724177,0.0618820711357249,0.0001678069881555547,0.14572794698752495,0.0584287368872961,0.0123551397216997,0.021023369510115297,0.25611617703487116,0.033592162612205094,0.031185880636948694
953,0.10861674574982522,0.09067633353845281,0.022604441792591242,0.03809350029522733,0.4074059413909582,0.12815854163537366,0.06891981870511456,0.5149465781460606,0.0643439105999808,0.06482753497393597,0.009969581655553734,0.025704077125679858,0.08350024142867768,0.02836443819460605,0.024817219823723854,0.06133508586276159,0.01001034126163392,0.21717447313434657,0.05201425330365729,0.01251222909317543,0.03028087275302246,0.20248174304840386,0.021791958601016157,0.022454440421253975
954,0.14638101480678267,0.09335347674627034,0.019106408339427203,0.02348046461625269,0.330881898903235,0.4309630255936151,0.007659785075262791,0.5409005604408046,0.05511656531455577,0.06497468175459739,0.04932678124918849,0.021264835929290266,0.08030986634271149,0.02539853250658543,0.026141568224235842,0.17530748048095604,0.0,0.1995733617369922,0.06003739575387334,0.0019082651965738589,0.01818949435406336,0.4176855911374955,0.030722803167818852,0.01863911325694877
955,0.20857426428732448,0.11762060349199528,0.03223994543686414,0.032985653935365455,0.37178512349664666,0.25409641456424437,0.021276219331062066,0.4957972862769377,0.06375456389662579,0.07532199866811133,0.014037136638584875,0.0469903323252627,0.14884771492893406,0.024366905699997304,0.02362557207745364,0.09552800122001855,0.0,0.13619421027865541,0.12149506286991403,0.010853752196851195,0.019988901918706403,0.24303402410659403,0.023904762834668695,0.02822243526369907
956,0.12848197084767587,0.18537100286213257,0.03415757399676501,0.03208576939637059,0.4038077815298753,0.14442194965178853,0.03785378670824507,0.5276717113987495,0.07299891689185597,0.09535525947783183,0.01095556375067817,0.028347215025828158,0.15639588698638737,0.025743026422613738,0.025519654636002073,0.07661207745189154,4.800604506141463e-05,0.19394445336180513,0.10760432312152365,0.009010395853450502,0.019725510757415445,0.21897210222466867,0.023129803546872302,0.02420103376494011
959,0.10119003796320886,0.16316348588318955,0.017022943051097708,0.04993688797085691,0.4050840462666004,0.14415369576052328,0.024416469825831143,0.6319121979052708,0.10046005982589183,0.06929362180792803,0.025282643272136765,0.02462278595480186,0.08591577005667554,0.04127171314124846,0.06521289509852847,0.11666323978155553,0.0,0.4232346595938364,0.05790067318005585,0.0011293745882082374,0.01689179686148099,0.23535435848904196,0.023190702984740862,0.02121318083844546
963,0.15330763484730003,0.1177154582841422,0.025195960110121755,0.03900454842304168,0.38870824877274246,0.1382743351988165,0.013499465388437848,0.49732558331643967,0.08081258929364102,0.06889907023980837,0.014205946940837893,0.032008178498759456,0.07821100205519427,0.026686526152598578,0.03698052369003618,0.0786684673663219,0.0,0.19662982337867072,0.06240694806882404,0.009213312834665506,0.03635287380412652,0.20854012885132117,0.10141212776139501,0.0208540262212366
966,0.10598153750590703,0.09654233622991759,0.02043645041619527,0.03257287638274459,0.4151377762837389,0.13897064967494857,0.011944020928330103,0.5286131300628936,0.06353619744185196,0.0644242292379637,0.010814700660029718,0.02438750298645311,0.1172019562581529,0.027410232853415227,0.028078184320718454,0.07113842536355483,0.0,0.24692573959974198,0.05621974070024017,0.007659046167962693,0.017054421128518796,0.2174541032351598,0.023441764308373372,0.0179766688093077
968,0.11511134302885727,0.10096016260218316,0.025429776209382794,0.05320292246255355,0.3959638051811662,0.1293834380952519,0.016788127452106522,0.5653901780508623,0.0642408041911237,0.0646467170541874,0.012660947276489509,0.023569114543499876,0.08552059517930555,0.02404085763479834,0.035394174031093524,0.0680624350044707,0.0,0.33375593901159084,0.11637692554261543,0.011134648272990775,0.01971987064233997,0.20935523210610252,0.03340677526186019,0.018125195689805033
972,0.16825986936748663,0.11013303359015224,0.029554927188980683,0.03162906224753025,0.3468698715952736,0.3838192797896392,0.030336771505270095,0.5424545677391845,0.06192187421512099,0.06519837383258235,0.01530262871060547,0.02259490020112917,0.0842752689834903,0.023769084920554163,0.02362912958683121,0.1931536694772994,0.0,0.19961288335192845,0.12993608046918867,0.002361352325685365,0.0411222133192846,0.3578481473294171,0.02350634919676797,0.0360746228102639
974,0.21163843404616006,0.17496127794510255,0.022399184970709824,0.0924513604901656,0.2625728751468206,0.12900047072402138,0.1543718986698024,0.5360683751607683,0.06137227230821995,0.06658460202062706,0.011459995221104982,0.10982845690954003,0.08319496081660334,0.027476423123650517,0.024340515542917184,0.07741106534008659,0.0003833276212069284,0.21952179396955024,0.09544282645864914,0.007411934877661449,0.020289113551577902,0.20844129189523294,0.3467122169985345,0.0200704534727789
979,0.1552414614902376,0.11693887393251659,0.04540130327114717,0.0306304225418349,0.40488443712566935,0.12228372293945527,0.024581228016327897,0.5143014648171688,0.08230144042693663,0.06808995204046743,0.011505411487738182,0.0522065856041146,0.07655829791686276,0.0229954415144818,0.025025962047547024,0.06561435956857326,1.034126163391934e-05,0.18618263114489303,0.2504651374177164,0.014222358229924235,0.04617372912482384,0.20226787588090203,0.2241010802432079,0.029294015325972617
980,0.12847341279985094,0.22455205898596706,0.024400727170738334,0.04498430093724752,0.3233592206399287,0.25219538500669947,0.12057995991940279,0.45416139529278793,0.11529112430830009,0.06474080768131649,0.01569090858201614,0.031700981534119536,0.09005914800292372,0.03370886418587064,0.026678739691642785,0.1213939535916792,8.169163983192572e-05,0.21044921150572304,0.05823026586817453,0.013724610483113622,0.021730617705493054,0.2856065788535427,0.025414102448550798,0.018011158940293218
984,0.11944141537985811,0.09922325676829509,0.0315809644713029,0.03208292241798997,0.36690565954812016,0.12013593579330566,0.02911046142625453,0.5006943846529521,0.06368549490451614,0.06667368874631491,0.010494965351646296,0.03109536684373455,0.11189863434163975,0.02525696546969828,0.034679226293333955,0.06810889939323479,0.0,0.3864433427103748,0.16554027154493528,0.004156162834616492,0.019477562864900884,0.1949640564329701,0.040359478249364346,0.018280968877410705
986,0.19579018329351677,0.12069688129950272,0.02984704335232252,0.030094658420753036,0.36423161256476616,0.1328206342438989,0.04095444504164783,0.4369866388483492,0.06537756016893774,0.11474829794389414,0.01126892647242022,0.0274176812223058,0.1817324836120263,0.025821103243322242,0.02474551416817241,0.1076131215569664,0.0,0.15347528081039516,0.16737107579078894,0.010137855466428487,0.019282351120993423,0.28936918711617127,0.024955945399818637,0.019079392094359694
987,0.28429232910858,0.13440846572525555,0.020911893899758872,0.025144926584997767,0.27174266138015674,0.4145529735793155,0.01426816996709491,0.49351034444299235,0.07160802734445527,0.08082049489888034,0.022956469569862595,0.053667422033764976,0.22674218207833224,0.022323446178852777,0.026853023890794185,0.1539908958351023,0.0009090909090909091,0.25045292138140396,0.07607652912835496,0.007157899835025682,0.055148307802297056,0.4825557218884946,0.10000068312818655,0.031519400340832615
988,0.1502910508081294,0.09280277792293788,0.02553218394680869,0.04100826940545016,0.36866613902113926,0.240980622607792,0.11436294420212077,0.45997162916944645,0.06456477084276119,0.06729541409677987,0.010504651682288112,0.027438900096214726,0.0916553180940407,0.0313358993485602,0.025964576386464232,0.06830259401421677,2.9509374013905968e-05,0.16367766321604804,0.05766883374962632,0.016109489179270464,0.0203950178825963,0.2314553158898699,0.03527142964397761,0.018679284256983286
989,0.1377200820283677,0.09655102021440255,0.025223921387994702,0.04324127283999399,0.3609976648185049,0.12785297349839675,0.10582201012767645,0.44552414581815536,0.06505617106789305,0.06423862419467968,0.010319825206081951,0.029319074531325585,0.08756041696942607,0.1297073413465645,0.026922663164440794,0.06150294892291834,0.0001553005132544123,0.15411360082159692,0.05829065720750282,0.015074513368185473,0.07398065719801333,0.19785161099240212,0.025023307439250422,0.019166378217789305
995,0.14190743063860117,0.09892882280048894,0.023135475817031997,0.03133836245907132,0.41530527339896683,0.13851306951325315,0.03157115001171158,0.4761336704096174,0.0733263426278118,0.06669873719452186,0.01147114035259722,0.02543717903462319,0.18779917791734774,0.10773654557338526,0.044705097210111316,0.06354729071983659,0.010037664783427496,0.2637231200754417,0.20261887847842722,0.0544395823209795,0.02241396071764751,0.1855950613587146,0.02394286592509016,0.01955234031318547
1000,0.13427987019920168,0.1075356199583796,0.03132805018055349,0.04885097626821521,0.34312753451777717,0.13025317366694783,0.023401530251556068,0.6111510526982779,0.061533291067269305,0.07654257024940525,0.011949202750885625,0.04237776560780702,0.10959624759050386,0.0236961601254647,0.023738809556563722,0.07910362301118379,1.5037593984962407e-05,0.2114827506849747,0.13678782559968075,0.0030986054917462673,0.018818137070207974,0.19874327441054696,0.02128219309395453,0.01774517571156548
1007,0.18233829358108786,0.10521383685117897,0.021820158192457348,0.040989849613357096,0.3374636700982262,0.17896229414967763,0.023342529323145643,0.523316420056826,0.07038508938481092,0.06307281342165771,0.011149025411114169,0.057572871068267514,0.08546208705302179,0.0237753394215273,0.024109786803560736,0.06352590281142935,0.0,0.19633827001047166,0.05557599000954285,0.0038760776342650132,0.032448141803165624,0.2316546250505271,0.16583942189755124,0.024359044257909152
1012,0.13262598363822442,0.09048452947238146,0.021509543694028754,0.03629446693017829,0.3583927017029431,0.30716849578773653,0.05975104065968889,0.42569534441552653,0.06453014858229002,0.06838336952429247,0.02683861937740067,0.0291868984015799,0.16265220715550086,0.030046844349067448,0.02474083054350042,0.1710439431966665,6.304363904637704e-05,0.1474839976800768,0.059343103507094624,0.022694400591806545,0.020300358691289336,0.4321648859368333,0.023824372443394148,0.01875953086618558
1013,0.14902081922057117,0.15651651056982088,0.03967810211274848,0.0451128264604362,0.48873227365147587,0.1730588335765794,0.009096499891696641,0.5768379416906741,0.06117907510264471,0.08308328112103712,0.011101115263379256,0.08398187422759675,0.09053232801511159,0.021329400817171624,0.09016861633283142,0.10741581420802002,0.0,0.48920648768340214,0.0837096185425913,0.0030286853572850884,0.016147678240974267,0.20343000814838064,0.052106015476121426,0.027159275833492414
1015,0.13823724261640224,0.1012150719100014,0.022418622192123733,0.03204947328339328,0.4244969365311237,0.20642123309018726,0.01933159584234269,0.5136998802755521,0.07283883478382534,0.07013697415311967,0.02968414988863098,0.02615563007347275,0.12432115369377256,0.04259665972388537,0.024328045315936506,0.06294039469234716,0.0,0.16583560300212472,0.07953729325352261,0.004110594955161255,0.024392292676160082,0.22237669309006075,0.048539018182808584,0.03742465702080783
1016,0.152806359120815,0.141999975574931,0.025884393141866576,0.029732470485547988,0.38152154990926057,0.14723973581957467,0.05220942482898249,0.42570036283947504,0.13528925323377514,0.07137612893583635,0.020620935326332485,0.028719458539383184,0.2453513359541145,0.034767577773909555,0.024358590941668253,0.12269634280380283,5.1813471502590674e-05,0.16713498377363212,0.13459026444551328,0.014687401961896562,0.01952215673989022,0.3142394007708464,0.02350043714129733,0.06912719430068784
1019,0.16645981874065566,0.1338649283754619,0.025026655579555888,0.10154468059260051,0.267792491960619,0.16337428967804407,0.13992866539722157,0.5821524808026234,0.07793946409543634,0.07702189515258642,0.010138381625176864,0.07552196153184482,0.08135359400306458,0.03479327930848104,0.02396381378138707,0.0603196445005176,0.010653637568720627,0.14371843290971323,0.06415728329450554,0.012999163524784996,0.021799100595286728,0.1951356824679454,0.1652022281731289,0.026459686918356606
1021,0.20875757230925007,0.20444496590494926,0.033567472526055846,0.029696599337508997,0.39475829720997646,0.15381797652482662,0.037588931026687214,0.4223997025335563,0.16232070781609473,0.19671313354261424,0.010331379041014034,0.025477818681442804,0.29606298274321285,0.02541928457044758,0.025710933401741954,0.06577397256233267,0.0,0.20854132929594016,0.0842098752622997,0.0049802533947815066,0.04245916519965414,0.2787908348096841,0.029236669018287188,0.028542194240032792
1023,0.12907476308441443,0.0998179107807519,0.021769493403670976,0.035766075843038106,0.3803084641962714,0.16276464639756003,0.029198563498643235,0.5228499172236502,0.06312386333442309,0.06440727989057744,0.016589691085385466,0.025164010176219415,0.08619811522366687,0.02552617913633507,0.025903547270362304,0.06179968250772276,6.24778250903582e-05,0.18907696877337934,0.05055442345526509,0.0072254631884549995,0.018325028311326885,0.22155457492804273,0.07895414570415368,0.053859859034357645
1028,0.1776100608337832,0.1300446457810733,0.025938023741073013,0.047416366365461184,0.3120221902591777,0.13183196546350728,0.010362711584596299,0.47004724355382327,0.1029180960043279,0.09987100376898025,0.024230011879718464,0.02033873638536924,0.2297682997471098,0.020773999329055895,0.024921251299562176,0.10914428016863985,0.0,0.17434633322607748,0.07837100312143946,0.02279494600626186,0.01743299193458793,0.24066318214766394,0.02343796891653349,0.025881758102878613
1037,0.2509048004369559,0.08373849034900278,0.021287896310732843,0.0323142150074882,0.3667237815038073,0.2510461593329801,0.037702723161812494,0.46761983357315595,0.06310995136227229,0.07339288451323076,0.013251256466500307,0.02194690600056228,0.10985967857388935,0.08446804219149855,0.03491791268730373,0.07422817024368042,0.0,0.22980758369985757,0.058595691946015514,0.007977796237986438,0.020115455478555453,0.27988809132723214,0.022669004753016517,0.03166185828824757
1040,0.1592641151589949,0.1848340833036516,0.02503893340841624,0.03726392514690795,0.3940568801725174,0.22115243157718747,0.029977417284792574,0.4973956746771153,0.05837556382835773,0.07898323555449614,0.016236643540641468,0.02365498039191254,0.16852709349989922,0.027876457171238066,0.02388643958131669,0.10418777553159687,0.01,0.22930607972805006,0.38567395280204475,0.014351105603210724,0.01870530005298205,0.3005228028855112,0.03347997318047346,0.019418938235380413
1045,0.13372765129848074,0.09988871500514604,0.024308583989364942,0.028171903943043253,0.399108907051904,0.31214349467691094,0.02888608032238515,0.5214173695901596,0.08810902730722037,0.06367187053756142,0.016508602413930915,0.019554466493495178,0.08425460436612513,0.034174417934741755,0.04900628924296185,0.07403062501820946,0.0,0.21578045727286507,0.05448993046692597,0.02792739159551765,0.020989573353020062,0.2736278662104108,0.02337576458228606,0.018603216431036382
1048,0.14016100494470107,0.13572310201834248,0.019300147762558128,0.02526443839614309,0.42926289303521764,0.14019034800905003,0.02901112603003483,0.6612081805385321,0.05953058271741378,0.07627724820791883,0.011249175424294185,0.04760814224757989,0.07254291107980079,0.01947058460207398,0.026929986709619498,0.07061161781713098,0.0,0.3240110484249656,0.09151480959940347,0.0011322837604108773,0.017192231080954242,0.196586024256295,0.056059342364176194,0.032757926362892056
1050,0.200022097522791,0.13188346038174015,0.023705238159149277,0.03881526391709229,0.33254879315062846,0.14253446217951615,0.07637051033576792,0.5136710180036762,0.06471963598144423,0.0657788433887861,0.010166439497140689,0.053573728761258106,0.10706949468543658,0.03192354465765266,0.025347387404069763,0.06739463266107432,0.0001558249334353041,0.1538065853389489,0.06896451906036277,0.012238696155566536,0.020399465485848943,0.23090216966240512,0.3084051182115281,0.018496725317692732
1054,0.13349764569199551,0.13097714825378423,0.05005246856197061,0.028074331364623128,0.45612200094256755,0.18576662680179135,0.019749950008523243,0.5117001394908613,0.06739275974006988,0.07412534317359513,0.011736196329759092,0.0248072937994369,0.10053005731867529,0.03162720482035173,0.030204784942568143,0.09007992153698742,0.0,0.2175841020849431,0.05981974638557661,0.015210106111709342,0.0472275198233534,0.2263104607218714,0.023006037628028254,0.029400093683475993
1058,0.1980078837982149,0.09969869560867906,0.02258824276404485,0.03041325882566004,0.43914735969318924,0.1602122062853486,0.036196462937665,0.48309366681602145,0.06477984714456024,0.06376668836866443,0.010270634184903826,0.02681812976224269,0.09620957087223277,0.02652208635157413,0.024448290372160196,0.06214151830312218,0.0,0.15086818100254418,0.06917809938950514,0.007486009571440999,0.02040543494010124,0.23991626856208967,0.02385679782345591,0.018339009744456364
1059,0.2549848765075927,0.14226638514206702,0.02202094489395531,0.03773796500750016,0.3872653153107581,0.12681407820727342,0.04403509419576127,0.45450916055394297,0.06264832001264994,0.06376276639529671,0.010270634184903826,0.03785603721418644,0.08991912812414285,0.0276657522513757,0.024985451889081446,0.06106817807787804,0.00018018018018018018,0.15487020718388617,0.06229235749224529,0.013336320404248703,0.022506971206988746,0.20129517303369318,0.16688406187907973,0.032430096661724736
1060,0.1045973121981586,0.10565819395921389,0.024120175600921598,0.09359647279184627,0.3612974122336437,0.12691001710799404,0.05078286590998251,0.5125242412595477,0.06883619524979119,0.07687158505482775,0.01296386355641548,0.028444171933577733,0.10056156419186489,0.03759962530323978,0.027785272846149674,0.06929064818390271,0.0,0.3387861471612319,0.04989151489246673,0.00796268796593676,0.017647172299310218,0.1969605516732565,0.021162687615783847,0.018589541971560618
1062,0.16524752728306957,0.14926338095678224,0.023900413145267595,0.03169548767370106,0.3613785547915579,0.14696554679457288,0.06075812783324153,0.4721293893885493,0.06186113346279152,0.06587534385030891,0.011806687007977663,0.0228023304133681,0.15138417404183785,0.028659089111011907,0.025149193131039024,0.06464925178106398,0.0,0.2020702866352463,0.073068151978923,0.012707337348145773,0.019915537506388442,0.26798499407182375,0.024593078551146234,0.020540339724152274
1063,0.20232431883183746,0.12413213791954116,0.02191806758011524,0.04398726152036975,0.36496151184409475,0.12810560558251882,0.025152619414607492,0.5381575970422144,0.0628726262940448,0.06833220455219118,0.012195725430049114,0.06905839900764076,0.11108749632877797,0.023368117313023632,0.024850129852122742,0.08500468613141293,0.0,0.1889023650981765,0.0830085793712804,0.007479483359532148,0.018152023980524415,0.23268376596249352,0.0354173364864312,0.018039239980737743
1065,0.1377792578403499,0.08791286565969622,0.021278842737839757,0.03297621244034365,0.3997354915385214,0.13081359794850544,0.028347451504482563,0.5257576372822053,0.062196484835652946,0.06408269544025996,0.012595361947540346,0.024839549013095253,0.08673746340715865,0.02575721929800459,0.028051270145094915,0.06360643121334698,4.800604506141463e-05,0.2596138666603014,0.05791933626726012,0.020125151740752835,0.022463704554987092,0.20317096258308787,0.024626606823973236,0.019453570407303656
1066,0.14138296465828784,0.10101527519547825,0.02276603095348762,0.027770073584042675,0.38751877321050365,0.20822306561009934,0.03461125331315806,0.4623644972213869,0.0633743318100759,0.06558341427794166,0.014036332028762826,0.02429996314688323,0.08885433299363366,0.028771588331454136,0.024301082760124552,0.07499644348528337,0.0,0.1544362818674706,0.0762976716734043,0.008008333545171505,0.018686603060995993,0.23331907494802068,0.028316960017896093,0.02344105771294556
1069,0.18911997769410896,0.18822738528455862,0.0217926453862366,0.03535195430565649,0.3196506135835811,0.13629854455632867,0.05914082957298241,0.414009908839902,0.06363102038309952,0.06631230720191922,0.011896043817994044,0.026950009083255774,0.12421541743958445,0.02434021197511221,0.02379212021040784,0.06938903943010896,0.0,0.20128629800911713,0.11481253593584188,0.00647988828519931,0.018803362056179974,0.22163014318630123,0.02370197814655346,0.06660281382551397
1072,0.12856790998970297,0.12792756851091147,0.023122816813304876,0.03438488403843923,0.4960813262248469,0.1286219748058675,0.05608422984237751,0.4489287788559668,0.06541749433678133,0.06692021891104497,0.011112312059086811,0.026090494141776305,0.16488265037378305,0.031826794645293435,0.025990428821875914,0.08512393261806198,2.5378855618881745e-05,0.19374791832624433,0.060290398793508254,0.011642186181327192,0.03787053416807017,0.22555564548527593,0.02558863685140399,0.016962862536085373
1077,0.1276934467271756,0.08581173030099964,0.023781520224256534,0.08664345705434418,0.37228580638394837,0.12754315662586788,0.23189075089670705,0.45209156172543324,0.06456477084276119,0.06453046500949279,0.01003925072746217,0.02748352051350177,0.09270224768583424,0.03475478681347375,0.024512596718192434,0.07007877117607633,0.0002890449459809741,0.15002473055222854,0.05861679206867515,0.017110906541665707,0.02384822964577906,0.1987382640456364,0.024045930509366292,0.018463091922385887
1080,0.10301987096298984,0.0957690652382351,0.02141319007941524,0.039333272967427696,0.3939681286164539,0.13948054007474298,0.020506878524430464,0.6160564564094663,0.06169056281987038,0.06440834055334352,0.010187443580548551,0.02274643911450528,0.08047903164967712,0.026270862727433297,0.026877909614064867,0.07001127967362086,0.0,0.28532775367795177,0.05345912705743217,0.0048659152320598255,0.016457348047496437,0.21441827482500997,0.024211967571688798,0.01858428899104439
1081,0.17481760779071398,0.11683027570178998,0.021391317593696533,0.11584392519428086,0.28175310882006865,0.14915674424247163,0.34197156175831106,0.4087987290516104,0.061851726409801244,0.06388639874415426,0.011788898275987472,0.08409674686334721,0.07680314085442251,0.048086951628298485,0.02442470412107746,0.06858975736117932,0.010021881838074398,0.1445153490655429,0.06285927641919897,0.005150156655914537,0.02106124107137267,0.22498251698541144,0.13704979845050672,0.027298477639939388
1088,0.15846941488967223,0.2603047464017484,0.03802358857364431,0.03089112464713919,0.3055893278090886,0.13962929465605073,0.006729037215018814,0.4691461935816391,0.1036587899161131,0.18651438201409914,0.012585058215906544,0.036958292761675865,0.15197867417719754,0.022196684193756647,0.024895011795272273,0.0816068334507905,0.0,0.23711195755778355,0.07504097886292135,0.002107120538942505,0.016950053894063156,0.2513559888208958,0.024812264448321086,0.018742211022654214
1089,0.130859147212656,0.08776050182051895,0.023347803958756904,0.04476431716290651,0.38591096283680926,0.13113434852306832,0.07214035965015361,0.49520431488758027,0.06448223107517492,0.06727349550843216,0.010379880155901132,0.026778501710295454,0.08223747052013271,0.03282632012168939,0.024512596718192434,0.060613122321114495,0.0001576841250123567,0.15257429088786767,0.05861679206867515,0.015536405977599525,0.020786422445270167,0.2011497124428873,0.04389729319440346,0.019323979247206944
1098,0.19062150879429055,0.08950929720124697,0.02217375440335195,0.05439189182536111,0.38701958440953166,0.2552046665000835,0.023199940485447223,0.5747447468151659,0.06468240105113635,0.07420414104226047,0.014504662785476585,0.025310695139216036,0.08563060118934676,0.02804192027702863,0.033239178567889514,0.07028215206195237,0.0,0.29312500383588297,0.058760400706285985,0.004395096510185549,0.034098860986132434,0.30241215376040426,0.031078852088756822,0.03138841848541187
1100,0.16945307968267187,0.10181861601543193,0.018944990302870942,0.0481154677219873,0.2942716218755068,0.14727488993552876,0.02715873259683849,0.6345721950988283,0.05973157612347479,0.06596459473973286,0.044513696421133064,0.07038592488806755,0.1253245596156822,0.021340629643394067,0.026790188278003675,0.1063789125825104,0.0,0.40244749650400535,0.07533728062222197,0.004756941178046884,0.019412908270462804,0.26280085097489086,0.21424313257941338,0.019002474732008123
1102,0.14121837456979333,0.09476148954743407,0.021823435433811107,0.03540809135284126,0.3949800795550864,0.15649947945237289,0.031608298814372,0.4659150159526535,0.06428285916857808,0.06443697674447102,0.011103815594861568,0.025164026323888335,0.11231063882502561,0.029329310114068655,0.024332682804720247,0.06164826907464096,2.1551724137931033e-05,0.16177846429396783,0.06056446698348979,0.011272823671179709,0.021001476431338425,0.20085276262789103,0.02472794492443932,0.022357814898441988
1106,0.13624314646286403,0.1871189667203092,0.03325582843992149,0.06792077460713669,0.3820164889947254,0.11333913446310923,0.06565031327766337,0.5678760506193223,0.08008507565797211,0.09840845625792856,0.010886663948048719,0.027578951158159434,0.09129483473126421,0.08574110579593888,0.049836889664971185,0.08790461089567385,0.0,0.3214027416111864,0.0708652814803356,0.0023842230484551947,0.05157733986862695,0.17200830922147708,0.0365719621752095,0.01912666230228633
1120,0.29519037214344834,0.32956770695888155,0.02210593939883026,0.028708794680021375,0.34744906461801456,0.126522620390486,0.023647568818889676,0.3235231870494002,0.0626994723153141,0.15333586846838607,0.011010423544748276,0.03871757838414432,0.1779143502482523,0.030126418012295795,0.024616043932523396,0.06832339536242792,0.0,0.17149770942885906,0.5607870956397302,0.0068012948749188226,0.018896985381420133,0.23089603573307116,0.03563311898379184,0.02017963734505214
1122,0.18560721720740161,0.14769404936307437,0.023833023226167534,0.04091789105957768,0.30752261420720556,0.1250180074356636,0.09407496636522593,0.4039872493649011,0.06448360554370286,0.07144264038277526,0.010219996170576276,0.04511020583854848,0.1544633050602357,0.04649485638313989,0.026190965106081175,0.06283035819021973,0.0005632352215330449,0.1603788705261976,0.349315243762204,0.013817960403082925,0.020111771266829493,0.19903105544954725,0.11369446379615075,0.019750486439910918
1124,0.1520827569159467,0.08514032093260696,0.018086245884030284,0.031578396417880475,0.36831022166932753,0.3412156747041257,0.012159816836994635,0.5947527001724973,0.06483247538938743,0.07714961538647354,0.030129489023106776,0.0223582523220543,0.08854649839216122,0.024722864369689238,0.028382683577201036,0.1077662605331938,0.0,0.3776054445614404,0.048471546481657406,0.002626256807302661,0.021279791314766764,0.32312545357927275,0.020534041059351353,0.020369839694541564
1125,0.18933031956266622,0.11443854715542616,0.01536598489623472,0.048828285417242864,0.38134523002863024,0.3406484923644093,0.008424449312680275,0.5481125591342603,0.05579224613667831,0.07686780899081344,0.13329092132535386,0.029998736364516027,0.15426933203324544,0.02042636189950942,0.05188057698857829,0.16255592709179875,0.01,0.49139040676242496,0.05578652063302411,0.002038953111510268,0.04926016658503239,0.4016887033835094,0.062264167922431085,0.06612772772217831
1130,0.17775514992822064,0.13532772562073853,0.028211608499421285,0.0448387862474397,0.3182106374042931,0.2756204993244643,0.03518264949772063,0.4934617455439745,0.07828408439066219,0.08618112742311947,0.024418288669219478,0.025751371613244776,0.089737439024235,0.022330307109363477,0.024751678788587975,0.0896629783681868,0.0,0.20072905208336989,0.06978223591184375,0.009988727583979446,0.020774684021783937,0.3474009997117264,0.02290252210012226,0.017017106007766614
1136,0.13160971130489962,0.10256657651280379,0.02086839963110334,0.05039454141466978,0.3633746913095352,0.12999716320103685,0.033239994517325254,0.5093531974626925,0.06382285405833069,0.06550975490227379,0.012179122779671486,0.02727206264549388,0.09190024887852129,0.044016137955743016,0.02475046908945898,0.06113159831958297,1.034126163391934e-05,0.16637396335049806,0.05582166214687146,0.008829921356510928,0.01935993186318515,0.20324420532695886,0.024865188210543124,0.022751794801065383
1137,0.12543940664578168,0.08633876906818796,0.024674943501067838,0.048804830437688664,0.38274698561651327,0.12814804560054235,0.14962378118819372,0.49000757961317776,0.06406561896015395,0.06453046500949279,0.01003925072746217,0.028395644548223842,0.08425528016307625,0.3206484928341252,0.04057257726729021,0.06074667470112271,0.00020081735341022445,0.1561313755837328,0.05861679206867515,0.021057494827553633,0.03423069421642388,0.19831032128326165,0.023740726856336557,0.018679284256983286
1138,0.27708505470302597,0.1842832585310599,0.02529001683264631,0.03448294384436706,0.3862513459726569,0.1818056829294424,0.0158581620753772,0.3863389186407767,0.10485839012219351,0.21199714487235918,0.011559420126388768,0.033042102664519235,0.14060618059001612,0.024140025915699234,0.02357403051053386,0.07270899037955042,3.766478342749529e-05,0.17533009846239098,0.08646894324910692,0.00614288884899032,0.019815186686948965,0.29907519729280035,0.07915002757272971,0.0187412642291849
1140,0.1360140006476006,0.10275628927422611,0.026732480610008172,0.03561310466596603,0.38194889223212236,0.12693650576086069,0.06036489053612803,0.4122562463997484,0.06362905377592684,0.06354382983928283,0.010229970659050297,0.025481770777456617,0.10787688209359723,0.02986258796491424,0.024512596718192434,0.06052535247925379,2.5378855618881745e-05,0.154897954183505,0.17943891678647986,0.01333344328120932,0.020930974914812012,0.21009505401993236,0.02502738798208315,0.018879632252034612
1141,0.2695205523854724,0.17637998968213725,0.0408480309825521,0.03433493840821555,0.3319401178174553,0.3696665538378269,0.020944087161610146,0.5682347197977103,0.13563353937994382,0.09281350623354725,0.043818391562178156,0.0412284165294648,0.11427068913989577,0.025325058095624846,0.028443147367308564,0.07771741748421707,0.0,0.30494925204497775,0.11055929818699484,0.006237382801083948,0.0170034297567498,0.23166333916191917,0.06372046089201813,0.11629427003130713
1148,0.33518800267541393,0.24109530642793348,0.029246526596835482,0.030788087087774082,0.3921186798535793,0.12555065174920899,0.017425592703388816,0.4798258361436517,0.10140801428711388,0.09956305947865655,0.012133529909720038,0.0373241770522374,0.14137141848164578,0.03479600520225539,0.0334191161890349,0.09220833419274056,0.0,0.26463796097030734,0.32328566008470594,0.011638457889916305,0.01611030490929982,0.28088122776160757,0.07703672044387565,0.016619430195545536
1150,0.11757723895478095,0.10435389155554492,0.01926311485385523,0.04883754502100603,0.3894401520403511,0.1452524799445733,0.015341713019561116,0.5386087724221319,0.07772230394790486,0.07610481883115355,0.02510373633240224,0.033617577903331156,0.16013150741950663,0.05415262583117757,0.08697079757585918,0.08430489610436276,0.01001034126163392,0.4667425328819862,0.05293757528278266,0.0026506154366567887,0.03453024224627729,0.21791333953436376,0.022264623949715578,0.017889820718841352
1154,0.11628464046245884,0.11589404293834552,0.04171745047007222,0.03255589740176585,0.4449476303036861,0.1773179883710748,0.020958433553665147,0.604658245733459,0.12077653317764606,0.07169761878672297,0.025188926212287827,0.02010309488594694,0.08013904531309123,0.05416744293215891,0.05081651760031667,0.07295969423603199,0.0,0.44026838737117757,0.10380113389268866,0.011584535605877458,0.019066599617701994,0.23775941576360343,0.03271211892267192,0.026360088861182532
1159,0.09779194761404592,0.08373134840257594,0.022536494377417067,0.03464741058111314,0.4007190124277752,0.12036808753062435,0.026457506774237558,0.4970314473789407,0.06356636258210663,0.06376276639529671,0.010331139902020994,0.023392150797777806,0.09146521850282031,0.027103012667409207,0.03511049455406323,0.06619912041149373,0.0,0.4243952305049058,0.05063448398577525,0.006743751352278841,0.016838337746693313,0.18515605000195484,0.02190118465404575,0.02219189474138782
1165,0.16042258249455701,0.08790619086873493,0.0231843030663008,0.0359800491212185,0.3966468167633402,0.23700742912309888,0.06283858198799373,0.4507248932341485,0.06390450673711894,0.06453046500949279,0.009948462419224792,0.026956559861472117,0.09216406253179402,0.032286534031405335,0.024228265199741132,0.06005599544569255,2.1551724137931033e-05,0.1681120365285954,0.05801782279010981,0.013429186481627395,0.04739876836261268,0.27243592310950765,0.023740691225874667,0.01899993329234217
1167,0.18572422354961418,0.16255476527858764,0.031860514192827226,0.03452150021900689,0.38809532760013715,0.1256355506459061,0.02294290030140613,0.5669045395173745,0.10878819293910919,0.07912134826985476,0.011606932660061915,0.030496759981730754,0.08511680960616964,0.023687327380997186,0.023343322379086026,0.09203394819330374,0.0,0.16104439060129536,0.08073933046798609,0.004600703432032969,0.020901767837636035,0.2029919446375165,0.02560834179871214,0.029174068867031708
1169,0.13505454383971524,0.09880587854706231,0.023855047947758373,0.03944057143746415,0.376366307248648,0.1543809323875381,0.09506723075879993,0.4414798677543316,0.06374540369699723,0.0619910975181603,0.010242317855569978,0.02836868598418211,0.1142957005740521,0.03147661074365876,0.024973487057882823,0.07379866057180404,0.0004309180226558734,0.14959942304595678,0.055465323270853205,0.013977868188625309,0.019276256415739754,0.24737154864482636,0.025097293853767265,0.018544872501262563
1171,0.10623514658998774,0.0822313210091647,0.021997917120240244,0.039575579323351553,0.4198893065045384,0.12815854163537366,0.05825428935187867,0.5180672241847092,0.06448223107517492,0.06453046500949279,0.01003925072746217,0.024986491081505892,0.08240320835849067,0.03257903047188126,0.024817219823723854,0.062475068788374916,0.0001339270358586293,0.21167878765519968,0.05140901663290131,0.011840030672479605,0.018199097753517465,0.20042543882039154,0.021864309729565556,0.016787903758651364
1177,0.15880158439132536,0.09863898974806834,0.01925248943612365,0.052665993764553096,0.19357236317202772,0.24506072353450062,0.017277255081165538,0.5410646911156545,0.07401416835762487,0.07734086160908409,0.04503043115545506,0.04186230967827676,0.24346728375278587,0.021743056972041645,0.03323296353866214,0.2169897350374815,0.0,0.17640581179562417,0.08360069827711075,0.004269249947527635,0.018808552805994982,0.3823270709793304,0.030830919488516583,0.02177169878978581
1179,0.3103112581430513,0.2196909910896277,0.022219232571591682,0.032864251830531724,0.29077856383861894,0.16714054698096606,0.018157821723616397,0.5404636065404004,0.14934501641845055,0.08464864122707011,0.011115012905059481,0.05249136683504692,0.17969934672354484,0.05794074292378984,0.024090685435120652,0.08018778738993654,0.0,0.16515233363612364,0.34938094662078356,0.011995132248036857,0.02227254544026166,0.3232275513603698,0.04397033405468749,0.027807055183758568
1184,0.2211870068258756,0.19157457293118246,0.04968661265801269,0.04107945524351382,0.3835554122916099,0.29285501611039705,0.028914123498236858,0.3858413232017155,0.1280329926774535,0.16251446469829978,0.013200230201173162,0.023900793828214636,0.2583066082980181,0.031966172843777084,0.024057599689409095,0.09729232762794479,0.0,0.19029315259124793,0.17654721131398485,0.001993834376128098,0.027841798782467543,0.2966263398066614,0.021768148875339188,0.017375321602578073
1185,0.2875122005216582,0.11578344538649722,0.026015076621063345,0.03327663068224498,0.3918314180417907,0.19974606574306566,0.028251803789921554,0.42492480731345283,0.06356232350183766,0.0667211456095096,0.011222397936063338,0.02623170606597971,0.10332946108306054,0.025337243482064783,0.02481509433359825,0.12699642303814393,4.800604506141463e-05,0.15875488974006483,0.2960211352434054,0.007799860442282957,0.020426908282453558,0.3045868385006126,0.0293166474266242,0.01885090872448205
1191,0.0974217478349785,0.09007834665609891,0.02062563538201842,0.053443147507182216,0.42911490220107806,0.1170870315630252,0.029212173855599863,0.4938613349651706,0.06536721151400977,0.06390731859457074,0.01083749336661206,0.025902905201093354,0.09234302409234713,0.02952127198939878,0.026328315599195767,0.06284939276735296,0.0007064959696538643,0.41344455029297805,0.05454024482513665,0.010986028386024846,0.019805479252879742,0.18368053416525854,0.025223018146902337,0.019182522105022266
1196,0.14633516183193426,0.13437722580167513,0.022979872887173226,0.05950729350452212,0.3499369238169921,0.13082967530784154,0.06184932466730103,0.5044301917132394,0.07468644042768505,0.06457206329849366,0.01125613129311418,0.02947486331629851,0.1151728728817592,0.2043490543318528,0.0358137731764889,0.07586003435442776,0.0,0.1855325881822827,0.05982212959534647,0.008237313147838165,0.020960726128555103,0.2405917483378815,0.026145285206477072,0.017828418025749186
1198,0.15124796677908858,0.12256297050783066,0.022380535829616993,0.06894633175388576,0.35209677117175336,0.12629497986279853,0.09333312592681979,0.4576923460464336,0.06406561896015395,0.07009318371133522,0.01045966827495728,0.031983520728734956,0.11537966664142636,0.03037605122007938,0.024985451889081446,0.06133160376477675,1.034126163391934e-05,0.14508897258743672,0.1954313094527912,0.010073666797500633,0.022161004744703828,0.19997105793680972,0.02518570854322736,0.01896382850838575
1202,0.10157544690452144,0.09205153468555738,0.020167623270002807,0.03618196541306452,0.41116934533935806,0.13321985717609874,0.027940117080272452,0.541683072933823,0.06319032343807905,0.07900962554580988,0.013722012012795028,0.025356861789272454,0.08864273005687112,0.029910265185290955,0.027472203343960114,0.0662479876671608,1.034126163391934e-05,0.4810367463046266,0.05268683030841743,0.011113270996318574,0.01749292917565208,0.20165159732165605,0.022492079314073276,0.017931775942684497
1205,0.25728624236464465,0.13728807943153265,0.03040404905890647,0.03367016278123376,0.34681500043243785,0.27783130467855865,0.0061678947336910005,0.4989557483262588,0.08331192666827192,0.08453919812300795,0.07226108989157,0.022096963075068653,0.19824338831538157,0.019754374772239625,0.04199112286562635,0.11475574467325826,0.0,0.23357468090778283,0.07288438612541881,0.012348067887265713,0.017669701165524056,0.3572869043051141,0.03602739060005591,0.06098228108640294
1207,0.2989198838746719,0.14875484166880448,0.021576837337954156,0.03050881572524616,0.2650561481426469,0.34544904734710963,0.01748375751135786,0.5037103808644056,0.06113874458868621,0.08337864745435113,0.012234833277947414,0.04306811108825918,0.12774072358113314,0.022572524047130314,0.02849246664846095,0.09048882694465922,0.0,0.20450187362345673,0.08705068869421215,0.0038929412277574653,0.04488533071950631,0.3186217604382488,0.053342273262499455,0.04344692878517538
1214,0.14683494705714084,0.10983372113126047,0.0772369152099611,0.05583557290567835,0.3913854565895346,0.1268979987627032,0.081614632518681,0.4403843641418687,0.08290583107172694,0.09276954278712747,0.011500260765357347,0.030179874852168637,0.1265809515418378,0.0298404123205257,0.025619187617880176,0.06730154048355907,0.00011354594522481422,0.14989361848526936,0.061886557017863754,0.01274277249262721,0.019790535590204036,0.20413156227552126,0.024417457269080834,0.02595099704365908
1218,0.12812871137598109,0.08828754058770727,0.024003703996814237,0.04149749635055506,0.36803598455104114,0.13000532810298615,0.12327638459871217,0.44276138966249834,0.06406561896015395,0.06555149463407997,0.01003925072746217,0.027584317832698487,0.09356450473114947,0.036938174413028387,0.024512596718192434,0.06074667470112271,0.0002756490690912097,0.15002174545217956,0.05861679206867515,0.016617452100935674,0.020340275503953276,0.21252125787364406,0.024045930509366292,0.018679284256983286
1227,0.23905717438224663,0.14328937359171065,0.023578093617887003,0.0341516129575313,0.38689879436258745,0.31457448662131915,0.039013724891994075,0.5114116790470457,0.06283687633849505,0.06564786237161148,0.01554653833679881,0.04900114322960078,0.11426488086593048,0.024693280000650842,0.022818894833356588,0.14229183240549206,1.447178002894356e-05,0.15995458745607757,0.06326545826540299,0.010696772801618282,0.02895263535249653,0.3931131823688469,0.059130820661623645,0.048723692084613746
1228,0.10339370099048406,0.10198222900312537,0.019513635040085152,0.03289471858214815,0.4002196994463145,0.15815638883068758,0.06212433874152914,0.5566562338694954,0.07697336424910677,0.06059358867192944,0.012339879204106894,0.02491760078189336,0.08963476376271748,0.20098989768640999,0.036811263914321386,0.06282512908188954,0.0,0.306432627749131,0.05274985777357859,0.015582562428486855,0.01939408447044561,0.18422508296105874,0.029295628995640435,0.018830120797954673
1229,0.16692905738829605,0.12863824439385624,0.02392535548148395,0.03532813512245723,0.3377411778703875,0.16078001052441063,0.024793370884750324,0.45018451961080347,0.07622698681921347,0.0673705038480781,0.011595359424122471,0.05669264677840734,0.14893678923078082,0.06293009316207336,0.023631330839485782,0.06887204708446495,0.0,0.15704653882818073,0.06702195052010904,0.014682453454175928,0.018513069419356,0.24709463867788015,0.047494087101025366,0.020345593166473632
1238,0.15708858043778418,0.24203141318499624,0.03028396743660511,0.04005253881517895,0.39279574832961517,0.19913948652184602,0.03750835543261478,0.43408173850365245,0.10377057349394316,0.08353534745186213,0.011516181994767023,0.022311857182114845,0.10940845946977042,0.025438628394241224,0.024723933241662575,0.08482246523191309,0.0,0.23114105274608196,0.08846653976529245,0.007278535500481481,0.017276478035843302,0.21212959455788333,0.02141408676520978,0.017189391332376725
1239,0.18849228771468227,0.1128800785993192,0.024383012061980677,0.03842546633024259,0.34554697333180867,0.13428164721973412,0.04238471180945655,0.5203583867411763,0.06517459336626234,0.07275985544291336,0.011139941121519259,0.034324084213946504,0.09163856933312989,0.025261089705498264,0.024862977405850178,0.062417542723358414,0.0,0.1698117600716297,0.0665588797504483,0.012793573433291188,0.021644525959094163,0.2318545634327771,0.055295303345109306,0.017926365533040573
1240,0.2468029680320139,0.24094984775502112,0.060586708844869934,0.036228468107963145,0.32680591151793853,0.12636877832442553,0.0209427324911356,0.47049893640663804,0.0815927914805301,0.1733077042056651,0.011696190825737396,0.025840973546515864,0.09796288401252193,0.02427364803080673,0.023784537711797463,0.07109337787180472,0.0,0.17856466137301497,0.3527019397595432,0.007424060616824447,0.02219702346872613,0.20811076388772687,0.0463916421144798,0.022599156177536637
1241,0.11764345380706213,0.09535003845480315,0.021913573937251317,0.03593627233334995,0.457108270389516,0.15631176368018254,0.029257855943042966,0.5618871920914844,0.06539063326255451,0.06465317687416655,0.02089828123426598,0.05425962180206078,0.10391920598598342,0.025861668557873495,0.026162478111584307,0.07310970042129092,0.0,0.363365357308049,0.056849045232234656,0.006824639455539894,0.029081715644357718,0.22027225501185768,0.040225157620360524,0.019163517417711207
1246,0.11350213757794096,0.11020568798026793,0.04376000747955183,0.04267260034253145,0.4457711135557711,0.18049633123237155,0.006896227039740656,0.6033028517579968,0.19883804716872472,0.07614327521161457,0.012485841332336788,0.03000412479767231,0.06965340476431903,0.06354106165673457,0.04629311563839272,0.07979631144449899,0.0,0.3534894424266872,0.07183251329083866,0.0007442105027390599,0.03011318609190804,0.22987967181689037,0.057173501352952565,0.030835397318502746
1248,0.1450282388949559,0.13559349617782154,0.02013318692691263,0.026696153500918345,0.45478926970097894,0.2467764213784528,0.011482161389542627,0.5931634428342528,0.0634562375971218,0.06608187124798566,0.011529893830296805,0.023582366490114182,0.12025678453849618,0.023776886735991473,0.02476475572661233,0.07791397538951549,0.0,0.23175648339436733,0.07533170503046889,0.002274332369630611,0.021008031959561003,0.2973683054598955,0.03755185757931628,0.029988244544126613
1249,0.23806095939348132,0.16357478620206223,0.023998428608424525,0.05233432252448566,0.36698396312525156,0.15872110316430185,0.06301337816356507,0.48772679982044237,0.06484213020014844,0.11261529876842596,0.010270634184903826,0.0786999251267621,0.08575849572127588,0.02582694691250075,0.024003670838919352,0.07767665808543552,0.0,0.15631982749765258,0.08612077480329602,0.009184285160467846,0.018165572678995236,0.2693477007742667,0.3438783731974573,0.03031883555164569
1252,0.09188216704950014,0.09835846071783162,0.04217787107676246,0.0324749551695836,0.42264088730177163,0.13271018693389838,0.015778519549698687,0.6760757986682036,0.07561856136340263,0.07788061924310204,0.01403848835622496,0.025204017855755736,0.06483029481979688,0.05197338717894309,0.024071350139147185,0.07169933413937268,0.0,0.36831409011836563,0.0535049486301252,0.0013346228112578072,0.025752657538233744,0.1902497556763209,0.024642674479435956,0.01704780077590769
1256,0.13104255033701329,0.0920836643696923,0.022837740976871156,0.08151276208027473,0.33553729395743714,0.12560317949053632,0.10868682373494294,0.4739882608728759,0.0654156454793174,0.06758942696597471,0.020189830515980473,0.03396614629531993,0.1341951974621697,0.03254180198894919,0.025690597415989256,0.06459785031700849,0.0004183243813015929,0.15533718737098787,0.05919236314264064,0.011606892702152392,0.01971041734235018,0.21062526758882963,0.0253592057298717,0.019649693766179307
1264,0.3221226775655448,0.21866775387015785,0.03694088780566239,0.0988680555513357,0.42747406984230707,0.23873834772150432,0.07251401986333833,0.5603288992217859,0.12622575629024926,0.09099933246321054,0.13258870249833876,0.16095880126947995,0.11672084445550163,0.027973571689436243,0.10071462508687651,0.16475667873422953,0.0,0.25964750919907104,0.1348416381490288,0.0015093678376589192,0.07683287037963106,0.40711945280346673,0.2852328619673379,0.08749231971171914
1265,0.1441492884701126,0.0963989656751588,0.02355293269932409,0.041696345496447414,0.40459473074726054,0.14638184719806388,0.05233035536762836,0.500151100784935,0.06528822894969159,0.06813589235148683,0.01063263419043443,0.024807890733805488,0.09277104259374563,0.027945170382147385,0.026418102588558118,0.06962217907720417,8.589881588757284e-05,0.16580448356889413,0.06447346179058591,0.011653808647136485,0.021071237838796053,0.2147886018621189,0.026523065271148227,0.01966012668532959
1266,0.13174018459517517,0.10194083091607929,0.06098097462791774,0.03292138771907794,0.36229965890210103,0.1367715485094778,0.04076069989957217,0.469163961442165,0.08543199286479497,0.07578792325586917,0.011596553151015493,0.02242884245582649,0.16368564002075506,0.027093869064239048,0.024605705865655976,0.12631570879631984,0.010201731904318112,0.20735371237649283,0.07308609799401002,0.019019541353880894,0.020423432458856604,0.2745322181397282,0.022030600717474015,0.03297817346367886
1267,0.13569461520296056,0.10261405641688633,0.02752260600468575,0.03961287651009213,0.417635487222302,0.1273748855456893,0.12188255548526256,0.428306024089894,0.0663203865862336,0.06453046500949279,0.01003925072746217,0.02800742999938753,0.09191172379552454,0.03606890364737034,0.024512596718192434,0.06663835843927868,8.622892982404006e-05,0.15750225567589096,0.05861679206867515,0.03322653578848185,0.023093187902240832,0.19793456448601873,0.024045930509366292,0.018679284256983286
1274,0.1895910834635244,0.1238774745084909,0.021431441041387025,0.025194779566532884,0.4021716447861408,0.33081368695673063,0.019838167656599168,0.49169715287992843,0.07017988268276008,0.06963249460197715,0.021127015157861955,0.029912433593708133,0.07962903512063962,0.02382128981302699,0.025532012515514693,0.08914518931888615,5.2136563456438846e-05,0.16172910014004846,0.0665408777013141,0.006330033006871365,0.02049071742389199,0.320731686174201,0.030888083911470056,0.057335097874866285
1276,0.1973961147019622,0.15697679295244304,0.021330956771859044,0.043427880614703894,0.37323830166710237,0.20701645007937894,0.08943329377215167,0.44432153408319175,0.06448936660815931,0.09183751238162297,0.011173206914885212,0.039555990641172024,0.10187063927654787,0.025038606118089623,0.023255956684810765,0.07170158674984935,0.0,0.15882265006147314,0.18797528486686585,0.004059620632656074,0.020538599007687664,0.2218231013191869,0.03818909249162718,0.03184448579241678
1279,0.24977089789197188,0.16579577388064543,0.02614362337619201,0.05898364712497057,0.3557292088207889,0.2783558840188351,0.04001270511407686,0.5166163248027551,0.08668733984369309,0.07532024329555691,0.0270136100575298,0.06131335023262017,0.1869138155512088,0.09130765209451092,0.04841270320049621,0.16053343216179564,0.0,0.20176822232089744,0.10741217722521618,0.002369436346741684,0.020366818264962724,0.4161652484606715,0.12565645942926718,0.059998287093489894
1283,0.1210854408010038,0.11679248373512723,0.02940885375060952,0.04272821761799554,0.4290990232876679,0.13131172315385498,0.04755585636009629,0.48022085129159964,0.07694532888631003,0.06455027724334915,0.012770959725401885,0.09799772507110954,0.1787641320700429,0.1797526667633554,0.045088906949695355,0.1296955855794168,0.0,0.36918665284749025,0.055212845407274266,0.012848943896977156,0.01677064886871276,0.21511465783823971,0.023947631124868057,0.018783310163585063
1286,0.1280544663162546,0.09200824538925435,0.042918958971305717,0.02570689920403294,0.4248126818774515,0.1623477339009982,0.010170579210649955,0.5632764159200147,0.09684826556068439,0.08170729381298308,0.05383692515857556,0.02906506273813362,0.13949840658841114,0.060568247605110474,0.034854921279965416,0.11145247410189786,0.0,0.4007887051035577,0.07125735301238119,0.0018657096811816223,0.12821297648712623,0.28111297585793316,0.018697480646019556,0.01800932733977961
1290,0.2628893167593165,0.13512245383836144,0.03266530174119473,0.028210478791510302,0.38760257757989797,0.15111678570112594,0.021041540138315152,0.4968467841842345,0.09221101871642987,0.07928371281092991,0.012583557311713558,0.030328241692502776,0.09644352643188027,0.03474837711732834,0.04056541455748721,0.09553462135688803,0.0,0.15173685401724268,0.08824261174168002,0.006726910305496017,0.03804110215496521,0.2813019817507191,0.05293971248232923,0.03874330878912625
1291,0.12753537574047194,0.11898714058468221,0.02152868926657117,0.029991492220154584,0.34494880359104735,0.14548633931683483,0.011324697259732721,0.5384639601026935,0.09089130212750039,0.06419318477760332,0.013676428218608235,0.037187688677665906,0.09466502287849331,0.024192391370909495,0.024973396197886823,0.06908078061998117,0.0,0.22856338410302718,0.07104754363535182,0.0038628842767559706,0.016933509512920053,0.24200430678264695,0.13400234364084299,0.018695983542244003
1296,0.20470830225706493,0.11770976349351779,0.03559529031631842,0.04703128018551848,0.38783668460557763,0.1665472244583641,0.016642778384966,0.547283684809056,0.06854690456814119,0.08229374964803757,0.013161663386316611,0.022780271133354492,0.09631825072606644,0.022328378262956458,0.02367845895151246,0.06601735504080487,0.0,0.2098839269188294,0.06715907251177683,0.005966954778764899,0.0223955764573539,0.22883429456197782,0.036909365358295074,0.04871697948234979
1300,0.18510741340404316,0.1469204624252514,0.030817184837262084,0.03458912656398264,0.42574951424602153,0.18073941056765266,0.05846082635481127,0.46502854076179695,0.13213823441238953,0.08992731377264171,0.010385528762963009,0.026662304128126445,0.10566497260842501,0.030525077050253868,0.024195928090730318,0.0840694732703918,1.034126163391934e-05,0.2709020205858356,0.08501718299191888,0.01690621006662425,0.02939792081207878,0.2616152809348949,0.026853743102750034,0.01877687165899181
1301,0.1308535980945166,0.10800514753055745,0.03336396495763949,0.0885381621600201,0.2894617965737084,0.1422016140963921,0.2478160133116238,0.5333878290221719,0.07495769772573184,0.06489972063311994,0.023326734540223947,0.06328359026049427,0.08712935754115929,0.03172545283227797,0.02442470412107746,0.09479029920266216,0.00021240327988849777,0.17864106900081833,0.05661719793379432,0.005971255091886851,0.01930520807272232,0.20624270141622858,0.02448643120458571,0.01824055914444166
1304,0.09560759178817121,0.08948893098734477,0.01747769884830953,0.040580340341275466,0.45554992613997064,0.12091602412698062,0.06020160150510013,0.6169349854359223,0.059656379858676375,0.0636557149631726,0.011057012925114025,0.021168183824440617,0.08519212141977807,0.02522288594206915,0.027319081257513717,0.06360530567664785,0.0,0.39911955339610683,0.06766449021370796,0.0030715876838430783,0.01584365517714809,0.20256952893343289,0.020522299034508577,0.05372821403967654
1306,0.1756883769795711,0.11350995711940806,0.025791237337335567,0.04525592746078438,0.33610206417179783,0.3050599662822238,0.07432162915908398,0.49495977865206525,0.07262037132481904,0.06604909276064778,0.030717317454033256,0.030544931624209185,0.16931797731419812,0.02554186745819207,0.024377218243140642,0.18178391882284017,0.0,0.2045644185742167,0.06045374947102464,0.006009905193501927,0.020789228812845242,0.4201829143624365,0.023918480417768243,0.030481458154297845
1307,0.2515444992878288,0.14101438912041192,0.02360076730475673,0.023214567686061453,0.41494868432580423,0.39975946742897095,0.02710599009002717,0.43761346353016584,0.08658059299166869,0.07633298514832072,0.02174027588012149,0.026109413433253695,0.10731994515839974,0.1076664465264389,0.023862961432713905,0.1679017018056711,0.0,0.19278335599742596,0.08461530160632195,0.0151303316629463,0.019455087479432996,0.49411053898869267,0.03122116649035271,0.020488679475996228
1308,0.09533581951729576,0.08693352324561139,0.02357405351507362,0.03648888614130684,0.4316172494382847,0.30552062313429684,0.024410113133675165,0.6014560359260326,0.06336108020728014,0.07231853421064648,0.013104847658588398,0.022834233085630137,0.150117521489823,0.02312148267346381,0.04719182714598106,0.07584820551670171,1.034126163391934e-05,0.2989362844180642,0.04525299051763494,0.014132431368176109,0.02742306232699254,0.21992667191247844,0.03470582895220429,0.030855976578883705
1312,0.21429365773500378,0.10559222005107749,0.02004127353691043,0.03374721785719648,0.3591369504736013,0.26038480072658476,0.04435906273078741,0.5351854803503714,0.05678493381101543,0.06489428649487419,0.028751849741428397,0.02377993885767192,0.1046770058607545,0.025944100338005587,0.023756955624892502,0.1049231552618264,0.0,0.1925708368060961,0.10070657881700731,0.003710286424437572,0.052959618761502625,0.33334576080451017,0.028831867981690594,0.02849104831876069
1316,0.11454930602478862,0.10318568143526509,0.04843369366819167,0.039826107945992686,0.40315371817180073,0.1641262336305179,0.06600131496326062,0.6584265934495496,0.06541182697747608,0.07537358999767109,0.03368518006691164,0.055586796398650246,0.08214953665085226,0.032175445544041864,0.04100187192266667,0.09083212585990784,0.0,0.4161436093765916,0.04602053028541852,0.002268473305676972,0.030758977315402974,0.19837150855376445,0.022855170808068207,0.014743422259710428
1324,0.21842686767883498,0.2004590413763939,0.03085272211148239,0.03176485922117385,0.37051352835147633,0.28471753589455123,0.027538376487305092,0.41247945915674455,0.11631228455987039,0.13707079193120977,0.01979716339063084,0.08533239196015037,0.13453138720641103,0.023360788986749,0.024312365092779155,0.08828068775816873,0.0,0.15036150850038182,0.08312042856613927,0.01898659806569015,0.045174853323076906,0.30087869081331103,0.052989271023691095,0.019806800368421563
1325,0.39009488405182047,0.40418559690644995,0.08853323103799074,0.02898734483395861,0.2821665086016196,0.14937471443011544,0.01694119921057244,0.3463477353857682,0.15028389708787535,0.38532057462401625,0.012487676550664044,0.0662610388357838,0.17652779615468603,0.022385669762884662,0.05332580393364914,0.09613401844011296,0.0,0.33762449320395477,0.09687998851081511,0.01743510556255805,0.017346806491928123,0.2791939959331979,0.04774280676016219,0.016556361869769262
1331,0.22255083746934903,0.12070093045381575,0.02492980204149342,0.04426410698307203,0.3473429062665487,0.1695562157646122,0.11267539381809892,0.4631680323462918,0.06220655280616487,0.064227247639534,0.010145303673487045,0.04366602590969439,0.09537882628819343,0.028348624920448647,0.024904428958562933,0.08722044445651767,3.222309970831759e-05,0.14612081949484199,0.0687706162727073,0.008073218728279982,0.020288827960392185,0.2785141936676392,0.10709637340190202,0.018836387676536948
1333,0.1086860178951825,0.11185670248143763,0.02725326015076734,0.031220583613674364,0.43846631222226634,0.243208030541362,0.04404257043116917,0.5285411481336185,0.14490626584947136,0.08395146395372154,0.022334793740491743,0.017870312634460057,0.18337667323792226,0.10025547297506074,0.0592678683685483,0.1220803087633506,0.0,0.31542819023277935,0.07247994205974312,0.004909542644467705,0.026483215467111597,0.3975805841229121,0.020753834970056704,0.026863696645678056
1341,0.16896590363503577,0.17527312556382746,0.02511262423296474,0.04474550692110963,0.3853085882677284,0.1269755021517629,0.04833004787041144,0.37720234433566674,0.12478678066218656,0.17029306892854557,0.010732449290524826,0.038031979591079144,0.15564639532821603,0.028682679382663032,0.025695390147811015,0.06349505693144057,4.1841004184100415e-05,0.18106183576873544,0.09457823381423414,0.0376897523672138,0.01979990545902973,0.21375097744274402,0.027698375860309196,0.030828621541041934
1342,0.12390606765775307,0.09320400826478055,0.022411363711072753,0.03108808669180071,0.4486305254799366,0.12462049014259896,0.048971586026052664,0.5549442574907507,0.064108278085809,0.06433201003893739,0.010469726320551978,0.02468838071670016,0.09717314906185265,0.027463206538575893,0.02507465615415451,0.06690269514030918,0.0,0.2479205448011602,0.05999606017722539,0.004249937637211683,0.031198316531138227,0.21100290627192858,0.024858781617066734,0.019022459815819667
1343,0.2228118496705682,0.21619144598311726,0.023218925939037547,0.03280750721738757,0.3182617117408057,0.12596979933562433,0.06868404073632718,0.4283214502571153,0.06817919102901661,0.06506825351129585,0.010068804435305147,0.03196938134538603,0.15170878694554424,0.028057102009096616,0.023870822074381706,0.06892082955037922,1.5037593984962407e-05,0.14457085098280997,0.06865110531768263,0.007090135783203622,0.051271604090551225,0.23059250190934943,0.2193102179104707,0.038456830900763996
1348,0.1661617513470673,0.1540000469742801,0.02566968131293563,0.03319887002643737,0.3706443902140572,0.223626750359693,0.04124283576082895,0.311085057119917,0.08722887684361512,0.15770997493050107,0.01724973943578413,0.025023858335079262,0.14833555602492488,0.030000348814329607,0.024243882706676118,0.1005597520918566,0.0,0.1554293208428857,0.11239507598245688,0.012601462513914483,0.019389321844762743,0.28411135224141637,0.02274669938233799,0.018258109382934352
1353,0.1267296195615976,0.13431152730937695,0.019131205876893768,0.07523499218105696,0.33746235117365236,0.3900609491885599,0.022856520340894183,0.6037043618823703,0.08328586143827048,0.08967420885814559,0.06755196625966284,0.03159725458192166,0.06447534380131147,0.08969032838860662,0.024145528116425584,0.12685554950589378,0.0,0.2363737546618704,0.0688457054748433,0.0027536182982345297,0.048312058999586925,0.34478712679800877,0.0450635490877823,0.0728948434552628
1356,0.10895268589274285,0.12111265184758749,0.02142408683438397,0.029179890543842717,0.3084000533180623,0.12628619973127375,0.011092925264480212,0.5277214355406681,0.09141431690299648,0.0798157205750003,0.011165458534011736,0.025048756947850824,0.22777316699691247,0.025787444987646905,0.025703015133381035,0.07076039762532692,0.0,0.26251305575160466,0.07068339658139074,0.00396967599959854,0.017145039437874824,0.23101070218847927,0.10688956931771955,0.04145955435374706
1365,0.1452471559777907,0.11057322466765057,0.02295395589079233,0.04869024731953102,0.40683402830694126,0.12922966680743245,0.05122595485475116,0.508068364342756,0.08331454730989937,0.06749119308629874,0.010086365063190326,0.038649702782317934,0.1547697861379939,0.050720885409158915,0.027166566224592313,0.07429125109228654,6.685106548755308e-05,0.198715545599105,0.08491562383521073,0.0090867845998915,0.018639861026278386,0.22749074356029206,0.021616920859919255,0.018929048611833157
1367,0.2322720260332538,0.15553442617574864,0.021343608392477988,0.04713157757388335,0.4224815291822074,0.19180981748227957,0.03806412215184903,0.46456324827582696,0.08281403831785393,0.07499816284524204,0.012535692693790745,0.048275525486525785,0.09043732535003665,0.03301452505314509,0.024720415390253995,0.06584224736924812,0.0002857142857142857,0.1751534087775939,0.08522405410991311,0.005757541836633518,0.12698187801412858,0.22004940782792867,0.05546807927939282,0.019525048045643274
1376,0.12393472790313957,0.09084665725611464,0.023749205599352546,0.07134226302112175,0.3609962017212075,0.12241762322779812,0.09752399114914788,0.48826380666434005,0.064176752381139,0.07039525622732513,0.01014344541522531,0.03165455000306452,0.13522409535267016,0.03443213587159704,0.024512596718192434,0.062454493559459354,0.00045576830847199546,0.1791382700983748,0.05693030797455814,0.014727086218548145,0.025561451426305327,0.222026679387404,0.025403829222251553,0.01859359394832729
1377,0.33187226247086904,0.23774260232455638,0.025663183323180815,0.03051652922614261,0.410420727884059,0.1225971219456939,0.05230760343810946,0.32200716018488806,0.08531552345439089,0.14232612499516353,0.010727113473520422,0.027357763685036732,0.13077277651098668,0.02751834256978372,0.024230306709388857,0.0967059436716524,6.685106548755308e-05,0.1760855237754132,0.5379109451849385,0.003554645945185173,0.018908192665187146,0.2099330534131278,0.052830649560942015,0.018476731284571214
1378,0.1950338316561695,0.11008936907205788,0.030875049069790862,0.0429758043096176,0.2955518988576904,0.27510637286989503,0.018739120986353087,0.5292839962754976,0.07480192581935571,0.09332459826245298,0.03145283707018737,0.07144417094708856,0.10514413791410344,0.025294178877095966,0.024603524846737824,0.2042913523807795,0.0,0.29391613903940356,0.07169162537949171,0.028182680261195345,0.02058431825449688,0.43809469276223356,0.12077937098277694,0.01968767974663548
1380,0.32520143339999436,0.3564716516140274,0.02966444772343858,0.026525831380868618,0.36498445148062897,0.48663234049704335,0.010551546389351565,0.3898869375234515,0.07321651103629381,0.11873301184102841,0.054125918228626266,0.03163354697735487,0.22592887274159146,0.02168411870923891,0.02417698590854846,0.254122699207342,0.0,0.15512559190349834,0.4735169385848978,0.003293067304052671,0.04970242713448418,0.5037789296020607,0.08418495015202171,0.018017391432355555
1381,0.11526035921979996,0.17158578323620227,0.09883594375945465,0.09192568140062096,0.3829687254457743,0.12074819751416886,0.004304879885168141,0.5827315133853049,0.11366545144961661,0.0717262842061099,0.021748907117065504,0.11637492263191045,0.09277513683498823,0.021586903221432387,0.050058184983922206,0.1048009408732774,0.0,0.5414964706175236,0.09139319972598998,0.022893745328643206,0.016960544984052795,0.2276755145281018,0.036802054810807255,0.028052598117249836
1382,0.14423512571490107,0.10149854494823168,0.03231824477763633,0.056319551524814104,0.38494890871685905,0.14323360348309244,0.055767397878705605,0.5316614709160685,0.10185670477034436,0.06363105848895255,0.023512641968661194,0.024247234345754647,0.11650218120995597,0.03841115114342145,0.023950159943695332,0.06251688766664351,0.0,0.23086178793461415,0.05998495897410267,0.06449435133695468,0.03404077713856421,0.22380477587370046,0.03241664819260179,0.027949379096931452
1386,0.2717535874333334,0.1250584277726493,0.02312635638780074,0.0667804566639561,0.35477882958840146,0.170908551094202,0.038905236733877635,0.5507393880951671,0.06403688861930626,0.06425614325528196,0.010888015649385659,0.04219723757985259,0.10032462095215516,0.028702771576344016,0.026708103428681396,0.06326198557161634,2.4813041662862895e-05,0.1782118989399281,0.07796265255202531,0.009401295348705402,0.020425192434021154,0.2975828515432609,0.03621143891969982,0.019331272215363956
1387,0.1381089422842777,0.14378091489406236,0.062114647077884,0.02805642974940311,0.3477497239715403,0.26769192491370597,0.011163045536474072,0.5093950162820543,0.12360933552788798,0.08397619543189247,0.02411101379931648,0.0256059291838574,0.108814627894875,0.020609065711558565,0.023832855743596473,0.11628848900494441,0.0,0.20663408574818287,0.05511818343327003,0.004713537167916117,0.024505778700818905,0.3054338880944709,0.022201676195120985,0.01889753940017823
1388,0.09817148759073495,0.09662265146001105,0.029525599510227728,0.03680699144224741,0.43425990517181795,0.127452127924177,0.0564673184348535,0.5761113073245764,0.06615591593631201,0.06297111185892937,0.010268899679815946,0.022573013778163616,0.10415284225188104,0.04749078037488916,0.0464448027111096,0.062041513192969425,3.635361810334181e-05,0.22532265833120818,0.04942409768138251,0.013936860125142891,0.017171246471879644,0.19304492445728033,0.021473327164864404,0.02898986777751604
1389,0.14596806371600254,0.12814532134282772,0.021112776178456246,0.02706778057677439,0.28407826226838756,0.14283163488453168,0.01156304740082754,0.5406095746451213,0.06112033462787906,0.1011017254424774,0.02302820244306949,0.026303420031227563,0.18647698934755674,0.02015816144507773,0.023808287392161707,0.14125209112607875,0.0,0.24857251889811532,0.12458047835892318,0.004206461723851554,0.015002231131402729,0.27627405845283654,0.026935948673579874,0.01763189574579373
1390,0.1418313269873625,0.10088946633077868,0.023598586233248304,0.03506245806526436,0.5175227650321613,0.13899173930002373,0.028389642653631277,0.4577317094503933,0.08336951781125586,0.0639602753075788,0.011913671781068889,0.02827643750894456,0.0864676768390402,0.026413362732486557,0.024512596718192434,0.0919727707505648,0.0,0.158381132898107,0.1610213656004572,0.010279288704751068,0.04282228837654385,0.23344058811686874,0.02580748278952402,0.019540848077184477
1394,0.14735357671537588,0.1065332126306319,0.016925352580472775,0.07765150883166586,0.32279798334891757,0.4620394581604119,0.03303699780852284,0.641020296316041,0.07169016948663075,0.1392951765268381,0.08874629795374249,0.031754227452023186,0.12331513949299572,0.0374528120416406,0.029595286231946703,0.2658850852217079,1.034126163391934e-05,0.32079071265317394,0.0813193339478309,0.01702254838478543,0.018446864942718324,0.468006822300683,0.028381721631497537,0.03225575557423689
1401,0.129881733560467,0.1085991084069775,0.0232506652129544,0.07742718518407327,0.38334461651452323,0.13409184516763686,0.1521370438969961,0.4912150840407437,0.07377375919414689,0.06410305917981605,0.010274212368470212,0.03337337915779313,0.10836721065588265,0.04740032156405085,0.026331342793308656,0.06526912508905176,0.0002567614420077247,0.15051531651851818,0.057738469137197025,0.013998541345802367,0.36780795679110767,0.20361594235431824,0.02469752298810684,0.022942056389505285
1403,0.1233167053535173,0.09010345036416624,0.022630159528929057,0.027950446887747282,0.35692755090046857,0.13155905051735853,0.04236444357466563,0.5557101621586102,0.08253430173298482,0.06884872613132849,0.01178230877186438,0.02475869684320447,0.08903418652500004,0.025424202828764585,0.025686954461123786,0.08733733175004764,0.0,0.3778474239179915,0.08403905534364917,0.00445826185654474,0.017608619899496095,0.2723057466672435,0.022071677567240457,0.016980810627908474
1409,0.15976480330759185,0.10712667036964739,0.021761054062594362,0.04037873973969512,0.3533938279646363,0.13337685106723537,0.07202173132686863,0.5077842623691331,0.06608991668553381,0.06339377179190005,0.010319825206081951,0.02928998905807049,0.09029575302954324,0.029826089399765197,0.023870822074381706,0.06090202630615131,3.98506356478253e-05,0.15333911547035917,0.07383914590322992,0.007997778762157707,0.06666576343261399,0.20698181662905682,0.05392033007461257,0.018776991828878473
1428,0.13026754819230132,0.10424804120800904,0.020775955514193534,0.03886203931654904,0.42004678043061333,0.13112471373761556,0.012634735369266918,0.5399337560425995,0.0632352251575212,0.06345525872554775,0.011657396720146993,0.028952066519733664,0.10703187476705053,0.02517323893219048,0.024263961181503525,0.07092492312697139,0.0,0.24331441629810752,0.05737511306697675,0.0049121769274435055,0.018288416808484472,0.20878144774095245,0.055354490227295584,0.01932506220131636
1431,0.13147427072482046,0.0950720705827798,0.02192474863050631,0.04209412878363041,0.4282574450867741,0.12847955043285336,0.0916332689135665,0.5337352486995764,0.0646389370592995,0.06405148698837798,0.020006493082038654,0.026169988949886314,0.08104983367767547,0.13955534024370445,0.03402662680446637,0.06278041767167052,0.0002049932218430431,0.18727768459190533,0.0560870193677094,0.01027884329646624,0.02045195507395936,0.1992303798740403,0.026834631710868227,0.019659359371334836
1435,0.2722076484487672,0.10644299798858528,0.028342203855345825,0.027562655553955772,0.25715255321393243,0.37236591446879896,0.014646468641073735,0.49866123212671437,0.06145946337720948,0.06701955444937527,0.018950416734471766,0.024509816027605026,0.2222089891545423,0.022669086520568635,0.02455215435939324,0.19169740954302708,0.0,0.14474524552692045,0.1075130227721742,0.01843791506544585,0.018653426934092422,0.4757259867366645,0.022532205446216026,0.07527880849669166
1439,0.21613918484050176,0.19856590472532268,0.020326367291105915,0.024373111025093257,0.30114734902511664,0.128258126083626,0.02285926546578062,0.47489443101465945,0.06306389761483046,0.06800440311425154,0.01497988075950661,0.042667063330038175,0.09534873303653052,0.02174121218881036,0.024431992287827456,0.07155447757151238,0.0,0.15468662969381,0.06612142942410106,0.0037389169118809324,0.018885518812427605,0.22826330129098057,0.1402946401716186,0.018811503555278983
1440,0.18776377869608446,0.16366743707867493,0.03143964002370847,0.029727072393990358,0.3948764601026902,0.1568700902350946,0.029149807366953447,0.5636176569473902,0.11363344103501644,0.10902499488837275,0.012026634935618096,0.025466851158631156,0.08674299582185073,0.021052769727985025,0.024077537563626215,0.08085089811648574,0.0,0.17852456107767115,0.06752137937356766,0.0024774641463035474,0.024230703042444134,0.26278997328694487,0.03351251213235629,0.033670134940321186
1442,0.2895581154596913,0.32727221858316186,0.05456019955195157,0.026638468954280046,0.2499844963840124,0.14577992002376522,0.01671575658050929,0.31290571573180037,0.1021489165806014,0.16353313872043476,0.030670237238209143,0.040105522649034456,0.24134063860128646,0.019885949806802874,0.04522821633819003,0.09012386252510267,0.0,0.1742558858085139,0.6035192984329742,0.02233369229986887,0.01744282969505526,0.27099981833760284,0.11225432502857294,0.021930513804985383
1447,0.1312764550661666,0.08828754058770727,0.023341251494797332,0.038580370167938416,0.41064291119503304,0.13608895141228317,0.11670812707118113,0.43640235269017746,0.06423698963312122,0.06453046500949279,0.010064150261040286,0.02778559772735055,0.10501585869457514,0.03357095086821585,0.024512596718192434,0.06103207115286157,0.0002343499923072675,0.1459577568970258,0.05775905356831364,0.014546579066133169,0.020535088038091617,0.21817729341745679,0.02397217735701878,0.019394334032556332
1449,0.12713035504540468,0.08325137566515045,0.022606439444720575,0.033926219522723025,0.44141970058752406,0.2783191758675774,0.0382284576066043,0.45916996552120515,0.06072354746135474,0.08150998477059695,0.04853820329092245,0.028802389954293687,0.11589762432398201,0.025659630169116206,0.025120038010396722,0.16184343968162987,2.9509374013905968e-05,0.15005983713879886,0.0565904786771813,0.011457911660786439,0.020815044296171887,0.29691476787937354,0.023383442757229984,0.04974452835695067
1455,0.12223224386033094,0.09450058759573064,0.02648403989647817,0.05775846482735261,0.31160250442041815,0.12569859569959246,0.33309805295958,0.41856895443542946,0.06349446423024403,0.06732441147166628,0.010653158539415284,0.044582172350681785,0.07729239701692264,0.03620224054705787,0.023806761420528576,0.061557242019094856,0.003360501859138346,0.15484519834077073,0.05856247065663076,0.010621404150292857,0.021298909765596043,0.19200779733603582,0.1165932729698924,0.01881751285327159
1460,0.13940185482156012,0.14171100143764725,0.023663850849259684,0.05554558432094285,0.4207100023693846,0.1286218247119483,0.04094730073976996,0.5096973705096605,0.11764423166438139,0.06382350612849436,0.010203773719787548,0.0314995240022779,0.09998354013358406,0.030757932544196884,0.02393934496048771,0.06196794391754679,2.188183807439825e-05,0.16980477594260804,0.06263926149280348,0.01277961412779993,0.022068132904443427,0.20147751180084356,0.04472401091630447,0.019195190197709756
1461,0.14805774734357,0.09274752687822653,0.07402648371364245,0.037039513119530555,0.4786094235777744,0.174250144474811,0.03213687437619288,0.5327843873919407,0.13060109565176944,0.07343856539824345,0.01146275484148365,0.02537661684256895,0.08784127479684066,0.028222450951684006,0.03452795310825161,0.07222205337052788,0.0,0.23507025722024646,0.06043372250460775,0.008945905759710519,0.0351286612952068,0.20400394246457476,0.024232176531059788,0.037605775737918096
1466,0.09973372626430754,0.08716212182221705,0.021997268216656644,0.03565961366641004,0.3961446685403285,0.14316175657599983,0.01734346339250135,0.4660262990835912,0.07390686385785057,0.0644411101695109,0.011186411718619902,0.023929498169776492,0.09176405531075256,0.02640006869717523,0.025326601185139682,0.07763671838933558,0.0,0.2565299762025444,0.04757705798150481,0.006723141149534682,0.017488679874463932,0.24674677682316948,0.02099772183492051,0.017203849442027498
1474,0.12721595498418348,0.11373805075756246,0.02886431953079456,0.042062383170522494,0.37082893407720063,0.15018115681329725,0.014503561729091681,0.5136969445735379,0.0769327397877161,0.09085543068989002,0.01146801209595312,0.023388906520641167,0.08614194124335293,0.04644546200201726,0.026593715186826815,0.09626108082940434,0.0,0.3360682119339271,0.05404296204226902,0.03127438049903192,0.017947272202069577,0.1976325976370626,0.02120693305281107,0.018054418282199013
1478,0.15430093291814198,0.1153575386470322,0.02563950913364819,0.03928245038523324,0.3756685977355518,0.12830073883808668,0.016269266836758303,0.5299835098513778,0.1426541278889721,0.14067846366554168,0.012409758337400328,0.026085130951128067,0.0791772945318895,0.026149416092599687,0.028897306596246553,0.0686672338564932,0.0,0.24734758058821785,0.06993518713878863,0.024038903042388336,0.11800280023136407,0.18227865877351995,0.022681302848593085,0.016907186291973367
1481,0.14534841385267552,0.1417691254713594,0.02713936545769937,0.06283526940876002,0.3368017504389704,0.14652054408599915,0.035895160873345815,0.5632999841148859,0.09519294649487016,0.09521630971439818,0.036285623520318756,0.05157175604271567,0.08456084789084795,0.03337102051784769,0.03698884517882974,0.09559607149105195,0.0,0.4264101198494836,0.12800672925914194,0.032268093704556834,0.022046252498190134,0.19686446817658368,0.03296040397424767,0.03975484798452278
1484,0.21826780394627585,0.19322500214863325,0.02702327440865955,0.03596026353339413,0.32704273262113753,0.3146901883108794,0.030401126682159045,0.3620725273964382,0.08042628943936476,0.15030013969062675,0.01847358924778606,0.04005099132294862,0.14636671853955005,0.02461428509310408,0.024243882706676118,0.09077837263274963,0.0,0.15942384820480604,0.09421275748397184,0.008628604106544823,0.019765926641687824,0.31877254284968,0.11849815085116992,0.04993813679445667
1492,0.1899992327604101,0.2559386912301992,0.04219596677917921,0.02593262989864535,0.3324457658375634,0.13414124616675446,0.04503656329348771,0.30476856091325377,0.09728145526993405,0.09874107149032012,0.011751094453922886,0.02319527906413018,0.23758817200660196,0.023894719253160748,0.028138076233088123,0.09172934400413706,0.0,0.19439307676754003,0.5037634709308026,0.004645686132369348,0.02072114998248001,0.2277215096777227,0.023779275257834045,0.018135174014287388
1495,0.162133047972048,0.1167976090239602,0.05009097228308299,0.0527992320161626,0.36221712694376357,0.13358716916074523,0.01257882253247759,0.5433756964122105,0.10422287371422816,0.09306879828412626,0.012313558563040007,0.05730302361460094,0.21218558359402262,0.06851261542058433,0.02411051952297952,0.08235513774298114,0.0,0.3710098843652143,0.08650122147710135,0.001637083326328935,0.05344485857737089,0.2412045955336654,0.11179732017216473,0.027806630322630674
1497,0.1269975466862216,0.09237028448291483,0.025798804139174653,0.033670749127719016,0.4073396221498517,0.13815621948838486,0.05704420908388732,0.47856577631770664,0.11305012883624366,0.11408090529383308,0.011471248207497313,0.02568877308601313,0.12884538289969355,0.02923235575006071,0.024512596718192434,0.06440428482461241,5.687859816906282e-05,0.19894722890885844,0.062153495452205526,0.009684349694890609,0.02009622058866236,0.20897703952780625,0.02452843213670617,0.01820273083414932
1500,0.1023542335506434,0.07739526423009307,0.02255459706381911,0.04207758325246595,0.39935627241936594,0.1311740050032927,0.07411745871299255,0.5279163182574942,0.06448223107517492,0.06376276639529671,0.010693947394637525,0.025414119917787987,0.08764571342587604,0.03400894203971666,0.025453816236570444,0.06293961645007534,0.0001295669381583152,0.24619496261187965,0.05095299271683568,0.013731151240471563,0.019197721905439887,0.21873888339490358,0.020363486307347568,0.017904392642963344
1517,0.28985732428902916,0.13827737832999876,0.027731154217370376,0.034489145607079885,0.29870578982425455,0.3209530092906113,0.0649097751700959,0.4875345041344996,0.06412934197307735,0.07769966853884899,0.03471311963406921,0.02416855552543207,0.1272746302892562,0.025190609306788455,0.02614800932487424,0.20241402930458435,2.4813041662862895e-05,0.33208741859777424,0.08878412587977202,0.00415333768186,0.026754267882900664,0.3791850386864254,0.034969367212821456,0.029465350578804107
1519,0.14751827843279086,0.09630334159367,0.022967026776602416,0.0364162799867561,0.43894272263913625,0.1297106990836077,0.038312871384781795,0.45360476723252097,0.07284878627177938,0.0675528011151994,0.010405487540508383,0.02693477589780066,0.08976920854056379,0.027299453056093114,0.024512596718192434,0.06055491978240934,8.405172413793103e-05,0.15807487135637013,0.057446719575693986,0.010163574496521116,0.02659942268200506,0.20988043958923502,0.07978568331805294,0.019913774111984313
1521,0.13353781456541086,0.09444861822016815,0.03148789068180813,0.03135081528427748,0.34017784278253094,0.31077082629461433,0.017895238059427734,0.5797105258659854,0.06275860212291026,0.06313131296254794,0.016199392146930783,0.024286169281149145,0.08836634880728798,0.026924048905538032,0.024304871652043997,0.13987149358432455,1.447178002894356e-05,0.2030448628691199,0.05701974054974993,0.009090433345978503,0.02013746161841301,0.3363411651080366,0.021326198844158473,0.019215392391733605
1524,0.23128328789255537,0.20297201856427363,0.03646343846544222,0.061332691924589386,0.4321176188934854,0.3141024040801022,0.02654393766898994,0.4408953370692929,0.18548767844656347,0.2163144954598404,0.15824324864722616,0.04827338300842825,0.21852286899261547,0.06974599784707372,0.11471932414229064,0.17571678961577894,0.0,0.3746338451370399,0.08738001113353334,0.010836785404855246,0.05025281568025696,0.3035786815177365,0.096139811762146,0.04491230045802411
1525,0.26275542626951576,0.08943236665963271,0.0223230160703029,0.03898711248659243,0.4086978725517869,0.3646351845305609,0.0764491808833149,0.4763351334503232,0.07100650880588867,0.0660924481073335,0.010779225593963356,0.025943112463681466,0.09677435041869188,0.033212197421570694,0.025259626038953983,0.06165527796514114,5.1813471502590674e-05,0.18580798059556217,0.053011563203890694,0.012233257459604279,0.019427102819564255,0.25823207264610304,0.03631304244491038,0.01960442893665331
1528,0.157973497756036,0.11827805504324596,0.03791119336817619,0.02892909661212792,0.4704870810244146,0.14237024695956316,0.050763848838844015,0.387768115338548,0.13023425856211804,0.10202074323991249,0.04155837979027142,0.02565305263357446,0.14427025831357657,0.025935070599789705,0.026679887911527173,0.06696908383710984,5.27023774124577e-05,0.16824420186963596,0.17372298063033284,0.042788092386661,0.019423007879164192,0.20965502458070023,0.024139724633798255,0.01956018028341752
1529,0.22227336942266515,0.12006519359326923,0.042132436610662106,0.03462325455305795,0.26843588036579424,0.3611284218382226,0.037377360715977616,0.5344754710376494,0.06949573094392415,0.09165003823656408,0.027252998756039627,0.02714741307155597,0.13885007209890415,0.0317686398265781,0.025090134543166127,0.13190322655943193,0.0,0.2358437847038524,0.08081790124999094,0.015217772140150153,0.018338902689549904,0.38047724404380184,0.024646980979479996,0.018727278560529085
1531,0.22357125733243433,0.13056069671781298,0.01860010348642806,0.03809605822939739,0.29325006456442365,0.4176017293500586,0.019818980454889026,0.49641228977911955,0.06586924834886747,0.08661603718978989,0.028889653905874977,0.03588636071862362,0.17149432255538752,0.03831477566894823,0.023532984004896628,0.22011887251781212,1.034126163391934e-05,0.1591280340165785,0.08048781205135062,0.0022668545773378256,0.019397643043174036,0.5072482949875602,0.030385086100348607,0.03839401462427295
1537,0.156882012715504,0.10249245343705603,0.03050044495458406,0.04606158494886601,0.31346912629019225,0.18696042905452168,0.10563448545796689,0.5108307080297569,0.062344289285818706,0.06037612024060881,0.010270634184903826,0.06984093466055787,0.08302974744181543,0.034709002364110286,0.02387657277811553,0.0652978754489937,5.1813471502590674e-05,0.15367241740729806,0.05892120056940414,0.027178330433870128,0.020687112332831298,0.20078620080377566,0.14243335987611597,0.019744866147844507
1540,0.2114202867522244,0.105493545081777,0.020873677973028405,0.01951246497064367,0.4404356161381806,0.3436243511788797,0.004492898879433098,0.523904238229941,0.07623612311518592,0.07681089369614517,0.013802867743139586,0.026073580911528768,0.07871619903508288,0.09784115994177096,0.07612296689603416,0.09864255597242554,0.0,0.35545626941314135,0.06863874377791661,0.0024765409967174865,0.018185056967127224,0.31651681266755144,0.02063074472966215,0.03680582161433885
1542,0.13468574983097056,0.12909450299217898,0.023121234229599476,0.03304635386372226,0.38742999495421915,0.26676561201075527,0.023674040134992726,0.48063776545831066,0.07871733806114956,0.07181967258337622,0.011650411906381396,0.026438696728114993,0.2371783674180336,0.024815685421032498,0.025033178715642306,0.08775141891920497,2.188183807439825e-05,0.19434619413457255,0.07136715649160297,0.006234880800799766,0.027571575856504726,0.25360788604867734,0.02443890185344434,0.029808588862277708
1548,0.12992617539023707,0.08619196426676354,0.022631908148858987,0.03818817518952712,0.39482961699111746,0.15155787218660893,0.06812898999853684,0.5087779092489833,0.06530467703796977,0.06258478940257783,0.010192636436403437,0.027373060739024825,0.09382418047798469,0.031197222194185067,0.024512596718192434,0.060919395015807364,0.00010093640987253527,0.14949680043160848,0.05728141006006138,0.015143783101129356,0.021555498780984342,0.201613957030364,0.02400601221381809,0.01866445126246866
1549,0.29988810637053065,0.10621551739437651,0.022350965447778908,0.034531352295772894,0.3387088706159227,0.5079302226916549,0.04267973641447071,0.45901781430182836,0.05770892928165755,0.06546089307658057,0.02272579891511355,0.02556975453233621,0.09177742783288285,0.03501919870833981,0.024243882706676118,0.12352690127826933,0.0,0.1622884388880011,0.08543364525676793,0.007849423920357819,0.019842095579969913,0.379241173498605,0.025328915518937564,0.0170516533088654
1552,0.3119221556097579,0.19900927707260316,0.0681413170476093,0.041700962464165804,0.2851643292237707,0.1674159516596175,0.04583867475969432,0.4044181972085002,0.08664037349227784,0.10777434999682875,0.011806065729619408,0.021631053795175145,0.25318810580243145,0.01998626207175129,0.02294306268690649,0.10649345576852072,0.0,0.1592291538401098,0.23902469046791006,0.0020098134503018007,0.029650286208435225,0.33963902901505555,0.031394784132604686,0.020324947545991682
1555,0.1882726004154894,0.11028054840363595,0.023346168025715718,0.030699882585942008,0.3002010876262399,0.20778384972217406,0.06637787016869823,0.4631464404033494,0.0633602067363622,0.06539957966485574,0.010337223583204866,0.026708790220657686,0.17828640653798689,0.027281568589559373,0.024539519877361724,0.10970328240849209,1.5037593984962407e-05,0.15766963277790974,0.061559988108677785,0.009325820509918611,0.019600262703692396,0.30401702712633366,0.02450560472840434,0.01964861649788198
1556,0.14734654184472437,0.12021111726471143,0.02362879764592158,0.059108414970122404,0.37690858069048894,0.20906830903071077,0.027527108582193528,0.4530997272747389,0.06459190877083888,0.06888943976281166,0.009724157713337867,0.1111046382261789,0.10748478297992263,0.02933430047622319,0.027555298850058637,0.07372207333009005,0.0,0.17260921549862174,0.06902500510847538,0.01006111412002765,0.020920186682855293,0.22673114230265753,0.04053980833039192,0.021800489942037385
1560,0.15272404336736167,0.10675620362814606,0.026496214022351174,0.03864432439786098,0.3899287522392731,0.12814804560054235,0.08453416667899546,0.45921502513141993,0.06425207364739635,0.1307139885555685,0.010547743347465173,0.02731132224002811,0.09575504379253928,0.03338808340833455,0.024512596718192434,0.06036707430622459,0.00022263776451093883,0.15244847606057899,0.05882778688982226,0.01407512437827505,0.02076935153845538,0.20543698519240297,0.02387151190471513,0.01841783588022772
1571,0.10314143993175275,0.09885246925675077,0.02173570499334429,0.044714059865729974,0.3148948741884727,0.14324564066976095,0.02379475483787814,0.5929084274000718,0.05975465956472225,0.07751150012363994,0.024517361539291817,0.02226396411213411,0.10120996358561467,0.08205923628243023,0.024664586893861945,0.08163949208431522,1.034126163391934e-05,0.3474419388576049,0.077402420349806,0.006791939329262078,0.019440460714115385,0.2178539483508369,0.01977233350025011,0.018074452664642207
1577,0.17883097812426507,0.22840185537556612,0.02039439476224803,0.04582477797408227,0.2862776714147203,0.14767874357433597,0.018972589465644573,0.4648857567461556,0.06368138358098328,0.14656270416913697,0.023680221010625106,0.02540653086678755,0.329924605391162,0.023488569345887406,0.02341940570587224,0.09876818402837442,5.218226581801976e-05,0.20664616414440837,0.35428567822778567,0.018598624765575795,0.019256370749282287,0.2774270200501586,0.03448401585785955,0.028530281081548207
1581,0.19659752767467734,0.12605483605878298,0.02253056612001194,0.03745678412021986,0.31293430641045683,0.22019792510203312,0.017721243364270826,0.5118168698282457,0.06241030379856523,0.1242802831363043,0.014728571820012684,0.03632256987991339,0.22101825383343784,0.02260053635271339,0.024748131383805272,0.10099700287918234,0.0,0.15070573665623557,0.10272136977249909,0.04385641989137046,0.01974820795067089,0.3477274025572226,0.02974691671831539,0.019052624275032574
1585,0.12627679207604137,0.16057982860659067,0.01473431350486848,0.028644109559466006,0.37693185322126316,0.13977836355238318,0.026029507280064257,0.6196341714090052,0.07508494338384346,0.07670606107529433,0.018666310683848556,0.027710596668540654,0.07187744300331018,0.023951077790946403,0.02467002965011046,0.14939509129773298,0.0,0.43412583836585505,0.07585784630242966,0.0010805763802153388,0.014833049008379857,0.27258396985521616,0.018942432880750322,0.015465681519216668
1588,0.16414845105842663,0.1188264165810489,0.023475130344268163,0.08651033506585341,0.3548399092334577,0.13822598216281398,0.06766470081258415,0.514861539247416,0.06446296318614718,0.06242889583325609,0.010893582708561738,0.03984443146033627,0.11073665935167558,0.041242822301964396,0.023870822074381706,0.07643149140137101,0.0,0.16711256352120774,0.06622413712621614,0.006353164359606633,0.28316948450810525,0.21226794714844768,0.0653186815589193,0.017120253487992208
1589,0.1914188381118093,0.19900506517931407,0.024091370393117643,0.034977952712793345,0.4244077057102536,0.12723548908985619,0.03486763091506259,0.4504202036770147,0.09407603165023344,0.07303764959755896,0.01066581067311096,0.026792210407008153,0.0881188067538032,0.038597563237131385,0.035015510367398854,0.0639379644646219,0.00022531390821192634,0.1570039174710486,0.06112941178904053,0.010704555415658425,0.021294581645031282,0.1994054759996387,0.19107300449835374,0.01960352312540391
1591,0.11484090323690604,0.10889468163170644,0.10513973828249014,0.028079020343511014,0.35087819804445064,0.15431697779076017,0.016919168444674015,0.5223493619289052,0.1269951763327178,0.13994331574155577,0.012774981646230135,0.02298295156315711,0.09359219661811728,0.02225055971732283,0.10030390094290746,0.12946738828864982,0.0,0.324164324647804,0.04945350939881669,0.0046994387463379335,0.01609266871703643,0.22826061797966582,0.02220766658881763,0.028150848173939827
1604,0.2120778022387343,0.16301304399184616,0.023446886588874047,0.033220981972362236,0.3123517337412149,0.27856201837924294,0.03534534403235412,0.33164675385984155,0.06939262927877798,0.13253308470281963,0.016874271405558822,0.026643495551666917,0.31942096702770045,0.02433625290381007,0.03325796546504793,0.08501776511624143,0.00010431882927445859,0.14397534260990894,0.10407138682897374,0.007063179585869483,0.020027538026257386,0.4198486710883549,0.02359323347288353,0.018919083056551503
1605,0.14424779814018052,0.10771965355511831,0.04186230562767854,0.07257792528821654,0.3498466649778779,0.13352333274691794,0.02725943019337853,0.5628019873941433,0.06368939330421236,0.06607293638695735,0.010863791282823408,0.05967801912029688,0.0838825600750643,0.02639816464275757,0.02617952750888626,0.06333853168787712,0.0,0.2115595749613786,0.06380285797165348,0.006530959890307577,0.018384587757478553,0.19909207710171978,0.040100249069480044,0.020074517444163748
1607,0.1263531861774359,0.08832973008390749,0.024245391154407447,0.11916293415765164,0.34874473083831975,0.12431452637662976,0.1298465629015858,0.4959247996414435,0.06568234685024768,0.06354382983928283,0.010166439497140689,0.03964818234714674,0.09244315538556602,0.03186163535425391,0.024512596718192434,0.06135602150810431,0.007057664893619559,0.1519138266704315,0.059320786385461836,0.014232422681501876,0.061878593147308834,0.19633949151555213,0.0257145292166934,0.018463091922385887
1619,0.17684130112045168,0.15572243799435515,0.027798792653016758,0.03252058845980258,0.3457945558233032,0.1304339876714017,0.06529714551283342,0.32107402271607227,0.1021240844601215,0.17572854507779975,0.010612414965419214,0.02757801094876149,0.1753798695645622,0.030499100067478944,0.02466594643933968,0.08119462861812093,0.00017163809333278573,0.154602451844281,0.15025468664558447,0.010437582769899955,0.019953699890442177,0.21516131365100388,0.026780690709285862,0.018729704409591808
1622,0.12192398158373681,0.09793298502669458,0.021766147580187488,0.03550900559125056,0.45002827730118355,0.1310792062279371,0.029492372584045135,0.4654124964588483,0.06365377270952187,0.06453046500949279,0.010810937591402376,0.024732988622908264,0.08747787819024029,0.030634879127498293,0.02469034978207035,0.06691413855781159,2.1551724137931033e-05,0.17037476286983222,0.05730296994410199,0.010522589531247068,0.02066182521662955,0.19172469196785896,0.022154447374809202,0.01824132240293671
1625,0.1405916071181023,0.12446146035094002,0.04383797975885188,0.039174438526250265,0.35969209294866245,0.1190627524306191,0.05543364713088211,0.5732185201309535,0.07471657710548224,0.06707155460811819,0.010426689385084975,0.04609886050342209,0.10865436911435662,0.03595749293804971,0.023998781652130777,0.06280225296067415,0.0,0.17320687047819494,0.07152218075334613,0.011384277379793575,0.024393256001183125,0.202952929376152,0.11034876243839291,0.02045510125878441
1627,0.14145290272542657,0.11164938407726792,0.021216702965706817,0.0288356647276064,0.26724595300046716,0.2771528722836803,0.02352657884321393,0.5816242544890599,0.06428539955838464,0.0681247485534846,0.014397259763225746,0.03561678627830691,0.19312093330374855,0.019626752385845637,0.023649865819771524,0.23087217167390597,0.0,0.16349025509105528,0.06355437185977289,0.013212682395604186,0.01922965646422412,0.5012015964776984,0.02623741137700653,0.019141905503803354
1628,0.10471975822873268,0.08737388901060379,0.015260112924898848,0.025961905667722524,0.4417171116271479,0.11645487947050528,0.028633798583650467,0.6630901972865635,0.061724981853273915,0.06984074500477867,0.046695814878853055,0.0220336192040762,0.06987215071496061,0.04531593994098406,0.025706435314121995,0.07151893720865146,0.0,0.4442054159213217,0.06921535942754611,0.0010813674452725664,0.0187937779533376,0.18520503741663805,0.04415740550249844,0.018457084258856317
1629,0.14681538471736555,0.12788897234866523,0.021725980006663974,0.036885359454172525,0.43835562302830494,0.18381632836656478,0.05344757959476414,0.5370570409743253,0.08077707652923159,0.07375940029278126,0.010668942464240489,0.025980101801715224,0.07557011615649653,0.036430524733324116,0.06365687315608959,0.10096350203810411,0.0,0.3008515596041329,0.077552234627789,0.0029952407996024287,0.021999055146802254,0.1835803470332251,0.04301110354576864,0.021127766485069473
1633,0.2504614105666007,0.10387734924429752,0.031446532487479965,0.0350133609069153,0.3835433381126464,0.18301058369473475,0.007262822459427217,0.5191690616906786,0.11102231193085639,0.13242232006228838,0.037257556752800666,0.02087149381625863,0.19184558821591857,0.0199517462691701,0.026341185375260576,0.07511755421699379,0.0,0.19166690907572176,0.07597723241090044,0.004640641290487707,0.018408122026002224,0.36719005205641414,0.02601132953002938,0.03819758008903456
1635,0.18187022888521084,0.27398752283164807,0.026730816592805056,0.03232628084045783,0.43222626375825657,0.17922549184954556,0.07291448877533258,0.3658278070466905,0.13130336382292357,0.15448269099140938,0.011585289764089138,0.051449185363387204,0.17924641680410822,0.025861997681252732,0.03720895303225872,0.09479728054734457,0.0,0.2680965395050032,0.2226401173174956,0.005810406711470159,0.01969817027426604,0.33070616893196714,0.20756274987054005,0.029313402239303205
1636,0.16194188821766167,0.1388471635811745,0.022927478567060174,0.1232358749229147,0.3437430151342364,0.1254146885020724,0.09399778254224998,0.4844294773431839,0.07622165984185264,0.07685064327971002,0.010550808748468426,0.0394533589563194,0.09631648178783758,0.33784557012863486,0.06752708727077299,0.06572396161521897,0.0,0.1759909229936182,0.07702478487852883,0.020902450406558467,0.03110909225085709,0.19917278241456082,0.06269479167247682,0.038416523164090104
1638,0.2141978028855201,0.155984700337868,0.01975371500800067,0.028319828729675325,0.4367261809745419,0.19771399748502114,0.011254279085739118,0.5775957392123243,0.10502848451781467,0.1060181577337355,0.014098254521519018,0.02266127443246802,0.08669305038587337,0.03496017432013166,0.02405107499343631,0.1216029324025484,0.0,0.16628007005872966,0.060032107474313895,0.003666973814809563,0.05428876171302848,0.25536073053798336,0.05701977796957481,0.02897693948361413
1639,0.15439119620070987,0.12042809146390777,0.02304959323119136,0.045789906391954266,0.4362134260042557,0.17659274451033272,0.07295416879972196,0.5126948090837429,0.06785752926093908,0.06401449159431506,0.010403079238560138,0.026876256659393256,0.07759360218700034,0.029611164979064443,0.024623029626107393,0.06807165297525178,0.00019465196020912372,0.1474124573921411,0.059316903476554474,0.010051054511685618,0.020063322748498688,0.29144143024482966,0.02366436857846125,0.020839119804375562
1640,0.1546739698398905,0.13069084357887656,0.027773121791612235,0.038311146075742986,0.3835857280128612,0.12736692838658684,0.05625699034836664,0.3472827453645678,0.12268144398963778,0.15238290064521537,0.011354083881788197,0.026835302926023506,0.16104650130726156,0.031305697320768766,0.024512596718192434,0.06209162006338586,2.1551724137931033e-05,0.14281458076591574,0.06898528091676855,0.013496205216626322,0.02050250077685407,0.1944482631067647,0.02392585787907654,0.019188207607415325
1645,0.18748101194242456,0.09858636989754517,0.024249373888916723,0.03546442209788802,0.37636825357150555,0.12874485450410642,0.05604429153549633,0.4391932086742584,0.06456477084276119,0.06502579820020009,0.010524672223794466,0.02773832526303785,0.10505226178632275,0.028069685970343407,0.024228265199741132,0.06233609680100633,0.010015037593984963,0.14890801933146774,0.06663218108592014,0.011445120783378629,0.03586832747458084,0.2123540119789386,0.023320906853478766,0.019608794966303866
1646,0.1013834160563918,0.08832488463087365,0.020159200081756957,0.029684264118864098,0.37260937233220637,0.1546419492564808,0.022227920617838525,0.51469378229389,0.06330847746381997,0.06389681606557436,0.010611263613342786,0.025198730727904906,0.08889853403645562,0.02728361020769813,0.025914706576260837,0.06873277617604402,3.766478342749529e-05,0.23781643676253267,0.04913901095190294,0.012037407373644395,0.01743615900354726,0.20943491670418105,0.02982880183887228,0.0175580368361081
1648,0.2563534553605072,0.17842588080783892,0.019796183375540184,0.04274611701236419,0.3801533786880214,0.22166927779793572,0.028588802290615636,0.44716926881278035,0.06457519352207342,0.06903798485640149,0.060938822487963916,0.027823755115174223,0.1030063845264826,0.16287147966854312,0.05235760474487435,0.08065006758703355,0.0,0.1977078924824691,0.17452924822730015,0.004318465409585854,0.05049962293504312,0.2510370338726413,0.04319492556749968,0.07526332941210773
1651,0.30646390485412,0.16596046634935807,0.03115867919694192,0.03186795426142404,0.31469659742631473,0.36304403569756977,0.019455991958988395,0.43407384100595175,0.05386021608696656,0.07939972278378103,0.04775491737444941,0.02647362236128452,0.2065489137789631,0.020819356870266495,0.03373621882786326,0.13016338072873446,1.5037593984962407e-05,0.19825702676349408,0.08429890461818795,0.0032202350418966113,0.21171394040316677,0.48456715341931356,0.11232507335282531,0.020235607478259064
1653,0.2390313813648092,0.11390133250318747,0.02295969122241753,0.02938702139589201,0.2980882708221554,0.42194694827219265,0.008681508911824676,0.4807145352524282,0.09245771887330577,0.07372603770779787,0.013677694429259826,0.027775186702280585,0.18435332653265213,0.037444058640687984,0.023794778084535628,0.17895743710754672,0.0,0.19808493296523735,0.07392234163233324,0.0036797452279821834,0.04426870693786406,0.5004938468699716,0.022825228505725617,0.018458561533911524
1663,0.14320865124807816,0.1200867527063853,0.02577060529209084,0.04081540755269114,0.39873300408594203,0.12826649649390384,0.11887958958237183,0.4555354154216855,0.0641416320088997,0.06466670094268426,0.010166439497140689,0.02894994443032768,0.09535265026806657,0.030076633702393423,0.0242989122804631,0.06296345431910236,2.9509374013905968e-05,0.15032919697692088,0.061370652184850626,0.011557379414401657,0.020670912301880152,0.19672616641459773,0.0345579748374866,0.018740380775393833
1664,0.20416148917160862,0.1859498082075633,0.019328415139485685,0.08137886077154094,0.4436417451280546,0.16348263825719284,0.03148747868439192,0.6351255710729249,0.08773726025285512,0.06131576033119424,0.012431903645302625,0.04304620274368951,0.08275883882954767,0.05079433501105196,0.033125410614920296,0.11243029765749092,0.0,0.2878749838322139,0.09301328736936812,0.011861366967544276,0.020173778197661894,0.2618498133137369,0.023353928112106685,0.09984029371982542
1667,0.15395703447019965,0.14727378107237152,0.018102851991894608,0.03529967058372808,0.29442801809545954,0.16251579753820272,0.01381191703197616,0.5597288526571476,0.09906376863695397,0.13077633713490633,0.012998374749590319,0.022125947912089484,0.11911551618580934,0.020926139386211465,0.02682042010653014,0.07357344633195809,0.0,0.35693990493438804,0.1506374001919555,0.006876999447972199,0.030003227200793472,0.2329882689046633,0.10347149709280411,0.021865028718018542
1668,0.14014160677322313,0.093664507596768,0.021563847852022762,0.027930490635569932,0.4747521061772686,0.1481128739950439,0.017008495531529937,0.47312681293777514,0.06701929757453916,0.06780000824996685,0.012186410567738351,0.02414206585560827,0.15384442468546536,0.023611367258013563,0.043620715265902825,0.0731341542170645,0.0,0.25686604436651467,0.06418336042183735,0.006427407765731597,0.04621664029889676,0.2056884789925883,0.023800112783585518,0.03021084857354707
1673,0.11814165501140556,0.09316945536720839,0.02111273047572889,0.03636563720975408,0.38024285545437925,0.12741512707670538,0.010492552450178817,0.5049951172583451,0.0688198903229058,0.08834388915646617,0.012193239546772533,0.0535743921692599,0.10864111627299089,0.023022725315576354,0.03584444820867078,0.06196740872351581,0.0,0.32478078318463266,0.0551720547026812,0.009124958044593942,0.017291212325668045,0.20437988119557235,0.197519229109587,0.018366910611416213
1674,0.1378010455437372,0.18458521375498665,0.02515532614628194,0.03147865878400814,0.41730709972724184,0.2681884002653751,0.015639809764996095,0.5662380581401454,0.09442295683422637,0.07708381319610283,0.05857136692194565,0.056702569266390876,0.1572713139148093,0.018460358858764073,0.03417076955184542,0.20599128391147797,0.0,0.532352659889485,0.062081229874422036,0.011252452588076249,0.2170548414734396,0.363675807543711,0.042484502836614764,0.015382434797931556
1678,0.1319712292652505,0.10396774518654411,0.02150178532223371,0.034279541685099287,0.3847629663741076,0.33038424140842776,0.023793400305124182,0.5244394113597602,0.0640184981845587,0.06596625743101106,0.024818252446234892,0.02523609922499396,0.09414327634871691,0.03305474888918778,0.02368423076036339,0.11416543694688505,0.0,0.18484781673671116,0.06043039835128192,0.005849110789359271,0.030774453616989304,0.28601032472327403,0.03315471364006599,0.018722004857614927
1679,0.14993974704581864,0.10638277121089759,0.023461305562917537,0.03001445767651615,0.37936760144651926,0.21682483381205786,0.022325256295997818,0.45512899812403157,0.06517600895811347,0.08502000150983352,0.021113353190834894,0.025224416726126297,0.14628619051776479,0.025503631713482716,0.02608385184284459,0.06718693676742948,0.0,0.15178577375595587,0.07604945016766278,0.07826082913280655,0.019656480433250842,0.24450789666147382,0.024149970910031196,0.01989377907809908
1682,0.2810181443190162,0.22207845128785053,0.02772663017504015,0.02605653460690936,0.3346247096276228,0.21219539492033093,0.0204315079754857,0.3602532620062967,0.14765112513228426,0.17065546946799667,0.010408809066662758,0.020679631997712947,0.1797776171572657,0.024169217433821513,0.04905037641428381,0.09889313775204159,0.01,0.21082135863303517,0.143111980441528,0.0021972443665887946,0.015605612238722654,0.292523637703571,0.0307980958089501,0.018101311129739672
1685,0.14014888230605246,0.11591272637829139,0.021218019071613706,0.06159622974810303,0.358745243320107,0.15319574685563545,0.061228567448340855,0.5367029851154428,0.06390336945509878,0.06517510331370482,0.010096650192363204,0.03139380611753936,0.08237084711310554,0.034790261499446494,0.025096373111211018,0.06170986672642185,0.00041247412271312706,0.21381965249394305,0.05017019064684652,0.010778187009055664,0.018273670102127028,0.19862309977463802,0.07425818507452955,0.01732613090703887
1686,0.21421586603379864,0.3136952162442021,0.052372524879331646,0.03205645820554034,0.4214556804924492,0.16709987769472232,0.03724298978956762,0.2926659168691398,0.14684937403785903,0.163361681471078,0.012773971312286515,0.02702854488980535,0.22328367118793616,0.025803262211801483,0.025541081688983593,0.106304537571407,0.0,0.1527141769662665,0.10005763157123347,0.004965084450490477,0.03752213856708478,0.22354976722195807,0.029071044836942048,0.018231379487831635
1687,0.13918744067674174,0.11315051716993196,0.02285854819054745,0.0314400552286252,0.5041385860763049,0.19604340833299616,0.03200199588009121,0.46632586003241655,0.06592869372405147,0.06634514106037803,0.01164191060135043,0.02186356878704838,0.12372465336625073,0.022885766512051934,0.024482954847534946,0.062319548864522595,0.0,0.16195155473209713,0.07567524995763335,0.013180853193787772,0.020649350572777753,0.2174559045446323,0.023551073717829746,0.020826306049760455
1689,0.23660598098160557,0.19637526033454225,0.029331324413812396,0.047624197256338346,0.36576952881979435,0.13229676486907718,0.05201685725487029,0.4497793929033641,0.0758716570473473,0.07735522282207824,0.011293361295347026,0.029132287610158392,0.089267521505847,0.031597965830172055,0.02477187916528998,0.07075272942403389,0.00011429129659294886,0.15239363502778822,0.09397675116710832,0.019708191464034585,0.08662181066806603,0.2449757208524888,0.051747828431852314,0.01893942682436172
1693,0.11211339120733438,0.12091867724270224,0.02061487832750255,0.029602694606863943,0.3330817614280276,0.12376247786712198,0.013325762523763059,0.5272246781651104,0.07379360998263342,0.0858323329840245,0.012753751800192038,0.024591275036091275,0.10022201546929871,0.02470531951587072,0.02851768648031056,0.06800688112921088,0.0,0.3849172174837083,0.10673083322255715,0.003683882447663447,0.01798381831556059,0.20202264566082484,0.024314838720046906,0.031113857629242986
1697,0.3301175251625956,0.3212489548878475,0.03164689606567459,0.05524605745149135,0.3329946587201765,0.30216987787132205,0.014982388198710424,0.46499126625726234,0.11314994871800083,0.2128238893062955,0.011867979998906169,0.04923952643970213,0.18655161626305142,0.02427947587310605,0.03012093474401735,0.11260449972020359,0.0,0.16201326475448247,0.11086137164780592,0.003401144195775614,0.02827480496910904,0.3576435169989544,0.2012608773822993,0.06938362307341368
1704,0.19570840838931722,0.1973683405650206,0.013380794367855046,0.05065176836952979,0.41644826081568703,0.23424244173431125,0.027392108959250056,0.535372679994319,0.06801215245529635,0.1188090141960208,0.05518059612721389,0.0593988544901426,0.1434667850621174,0.05688279228855714,0.06422458437888082,0.19741577889229106,0.0,0.4250849894647272,0.07844809202313274,0.0027999798967675298,0.025897007716917737,0.30528491545645725,0.16818047606717848,0.017595794456811746
1707,0.16617397906555287,0.1383539539553712,0.02390968086112906,0.049739538670329396,0.35898174707399455,0.13833025009679945,0.017881911541501257,0.545180781820246,0.07887617707409295,0.08944778336578374,0.022762350735077444,0.03051105381536962,0.13120850849473328,0.022841985401144283,0.024220184386819783,0.08244464259472824,1.034126163391934e-05,0.23733767690444124,0.08380804567783456,0.013862922370812039,0.03081256901661892,0.24371999227056268,0.033610041602212995,0.018954022512519847
1708,0.1421223462156449,0.10234394232234752,0.03328881829846981,0.09323502707873368,0.3391861288242308,0.3504702699358056,0.06793526737288805,0.556016991481914,0.06326073726207423,0.07079977245975524,0.013737908602694209,0.029732445314451378,0.12063981796959024,0.027013664622896873,0.023879333288732894,0.10481229667969245,1.447178002894356e-05,0.16592609076248216,0.06374293629900364,0.007522672059995184,0.042310968991446464,0.307544704299336,0.032429345030827395,0.027319952174512815
1709,0.12993814443367138,0.10064830975682595,0.02331221700808004,0.03557680085555459,0.38915484627899954,0.1303098340404701,0.03580014377863243,0.47654755145392924,0.0721986362329159,0.0647837960198839,0.01059621731186464,0.025031240217070504,0.094188940176064,0.029299153506253034,0.023998781652130777,0.06778442659166711,2.1551724137931033e-05,0.18271619345012247,0.0580343242683993,0.010017158214532884,0.01864112777813005,0.2054582280298392,0.02374746295635695,0.018751684673304524
1712,0.15489339113612421,0.15282009345599146,0.02587883938369343,0.08376190262609146,0.4161643296063472,0.16346720190376726,0.09944352592672967,0.6255739150341175,0.05918373209319424,0.08874903381175656,0.014056132777645954,0.0827219626796966,0.11521714551423137,0.12655987143646108,0.06795630313595077,0.07548340408104541,0.0,0.4437860178079556,0.049417059071100715,0.0027249476141365135,0.06736630994949154,0.2563095765447791,0.03520662391805076,0.05365750650522119
1715,0.3208220806279076,0.29884890026287353,0.05613670445527572,0.027678924904045613,0.33943879365136725,0.12541538646346775,0.01095802167747986,0.4524027517770123,0.06747753053909063,0.13484678771873237,0.01180714680790717,0.024465633389493372,0.15941605371051376,0.02200052168174675,0.02908386576272336,0.08090476450527753,0.0,0.32435821153865646,0.09546567225455631,0.0016669436955710328,0.018376992270688123,0.19577425188827835,0.026483531728793138,0.019351419777868945
1724,0.15959989723719029,0.11108464016878045,0.017487531620957297,0.026756242319831848,0.35035067750875093,0.2510801721853528,0.007541618551518719,0.5198255356863641,0.06990766707434092,0.06982947669368056,0.01592602996406857,0.023512913962814318,0.1349315572366791,0.021036626267520186,0.023473703004321583,0.12055500470270183,0.0,0.17764111012047554,0.06151748990488171,0.002598543737267184,0.018383068519938147,0.4279579872766015,0.02230878150503585,0.018868122206408686
1727,0.20504655312372017,0.09947540396695288,0.03911206572902024,0.031745608159567645,0.377839068114451,0.40389002921321093,0.024500808855961047,0.5138379894976504,0.09101102357632003,0.09176365128108267,0.010290601240283692,0.024162187234759692,0.11200199854456094,0.028073900680015286,0.025624050531565076,0.10163987536466766,0.0,0.2888927619507964,0.051843487507242776,0.008955571978518507,0.016570403621738488,0.3716753855850289,0.02220496573557418,0.02623619087446048
1733,0.14619260659270183,0.09462074311370984,0.02021177152752647,0.03791412860801975,0.38531984030899713,0.3842359805183721,0.04165526109493935,0.5007217529854067,0.07002937571103114,0.06676355683685997,0.03293003654368,0.03431088743385145,0.19776541971102,0.021220086480686275,0.03493223901965229,0.12760105536498192,0.0,0.24580495677827904,0.05670650774394374,0.00407667794114713,0.02106405335947589,0.48598442626724814,0.04873716480828118,0.016929326804856284
1734,0.18199185509372037,0.10222361630814525,0.02387903573557661,0.0395445583714941,0.386248507311781,0.15365479112971653,0.14057741563317783,0.43670173699113635,0.06468575625992512,0.06453046500949279,0.010081223193003086,0.030483638160399847,0.09249070409948411,0.032978792140949065,0.024456738965370296,0.06201633001716978,0.0002750637081109234,0.14532995591151604,0.0623956435073858,0.018589139406309883,0.020841164823913193,0.25147965734579414,0.023925891136144267,0.01835177700615672
1735,0.1388625760221206,0.11820526398389357,0.024069019686875914,0.03864648035287195,0.3008040611104756,0.1476818923250846,0.07765593674123396,0.4514535101888583,0.0624052190996445,0.06521584085979445,0.014377141038698145,0.030680323885652398,0.09302033651455373,0.025975727226115533,0.023875254764592384,0.15036611844656078,3.635361810334181e-05,0.15084622205840276,0.07219692889172231,0.010622054666873876,0.019508699199684704,0.29680948867331064,0.02555345631782604,0.04800957487989093
1742,0.11824332771295896,0.10298528562754072,0.019476875257914986,0.047087645547292695,0.3699153430236028,0.13972153959202852,0.020370794820761935,0.570159070414794,0.10381224861388835,0.08652667456203153,0.011249765744780175,0.02606917712743134,0.09183045614780463,0.02775044509595702,0.029127080972190463,0.06267594315256442,1.034126163391934e-05,0.2868014061222172,0.05387981582956677,0.008236658715013463,0.017539300259088682,0.2146702975868795,0.019698559196687903,0.021149626100596813
1749,0.13427090514867096,0.1244394850525458,0.02796180825724151,0.045079803414256964,0.34379973488081605,0.12939017616568604,0.06872587639738188,0.59761990929055,0.06775204178974206,0.06700222171042833,0.011154079816414881,0.027964511756162557,0.07321777656301114,0.028787803336562102,0.024107843532729035,0.076155378879497,1.5037593984962407e-05,0.15944836852026356,0.0595523505202023,0.009645878369769495,0.02086962638540713,0.17989166257253242,0.024041450213763183,0.019432697647635513
1750,0.13588462842872,0.09910466828757532,0.02782035660036057,0.06674925126543776,0.3390258697742628,0.12194129683382494,0.3980025296371781,0.3375415725020522,0.06387706978267653,0.06655664707535626,0.010948775094711568,0.031227739804977252,0.08394953443323912,0.31887172212546433,0.02554398786978302,0.06294729609668379,0.0012468671679197994,0.1413620505710508,0.06602720076340436,0.03666410922679371,0.022826255421068833,0.1970006454300059,0.042259377602412086,0.018001544842506004
1751,0.12184016065014612,0.08830790117218061,0.021983341880662727,0.04990622971478906,0.3774143020486722,0.12915445195423872,0.033249057069038156,0.5291255904865049,0.06394294433851662,0.06376276639529671,0.03264325244081636,0.024660947316435044,0.09321709500903605,0.029083085086245825,0.025453816236570444,0.06263424138426871,2.1551724137931033e-05,0.22894279146170027,0.04852557752067505,0.009884840736959805,0.019202322315568333,0.21249977549913246,0.020980891118584092,0.018397786664226562
1753,0.27608272644321963,0.15330107732988418,0.031480079405463705,0.037210512981036274,0.34123436838686266,0.1346346895805181,0.03668689192807531,0.49496721788029274,0.1320266219679679,0.10658174127464116,0.021237549647812878,0.03446806633102868,0.11525848968362506,0.07552459340107517,0.02580351151868212,0.08572438945991909,0.0,0.20196162194209652,0.06768199117789864,0.012759810834754576,0.018063519395893148,0.22209534979095366,0.04056848246026465,0.0193984008188522
1757,0.17475995398379118,0.10105282315806476,0.02240510675709479,0.03877981830573953,0.39901131627077896,0.14972650611662114,0.047685337123889206,0.43478972021967927,0.12957979591228896,0.06595548481903107,0.012203514771716986,0.026238506930161734,0.1672104449322958,0.034919921949925506,0.02403131165673923,0.06682286622318735,0.0,0.15868317334658755,0.07947938643590768,0.011760423897182409,0.020022250006812473,0.33868602577847057,0.025308705119414777,0.01896664554637879
1759,0.23168118775942392,0.19677492249393824,0.04533308077733737,0.02566992627586934,0.4635366526231139,0.14213627561909156,0.03419751845717235,0.4707004614789509,0.1395210712419583,0.15076308748125045,0.011537210282623023,0.05539834714119756,0.13349935126936557,0.023557766896994306,0.025150906992973857,0.09578528296896603,0.0,0.25408368673969045,0.10387858121621579,0.004632569758154531,0.0172807147297038,0.2532794185999076,0.07633472938827823,0.032378292400094225
1761,0.210835605030234,0.12237173157890463,0.022856914714811775,0.050820501770180035,0.3599182204809816,0.23643279236692635,0.06160439227171377,0.5515373316004111,0.06571057688877815,0.07975783192433197,0.043140374524368384,0.026892628250957003,0.11388559587201617,0.0729464994594877,0.03267622501008066,0.06179918434616772,0.01001034126163392,0.2990261144248389,0.07961554433794837,0.016051245728704366,0.022572191281998277,0.1897678319073508,0.025349314548893904,0.018443417049418456
1762,0.15076661529477411,0.1611915995447193,0.03886071816184981,0.04068021121193321,0.3700213256185972,0.3255177659394805,0.03750386022476396,0.569000560101154,0.08648503564316606,0.11565546001089626,0.04340489309469908,0.03978120731846577,0.15759288351337808,0.0404235212349743,0.046557922652605575,0.20297863172429575,0.0,0.44371206604610003,0.08912717388584954,0.010880815405386025,0.028921945097673266,0.3313346971416697,0.023881821848813583,0.037666915028569344
1763,0.1841841255660838,0.3128455734581749,0.04469810071371949,0.046881926547531184,0.3208093523392557,0.15983228223964663,0.019298407962662786,0.5085147702784941,0.1272250419265926,0.09329795758162096,0.053704210331686104,0.022773783505063407,0.1557784793756044,0.023705306793130806,0.033852392262570336,0.11762853309933162,0.0,0.4224453094578301,0.10036553046154609,0.006373978472893089,0.02432646044167288,0.22181577959596951,0.032879523763539704,0.036573126044065554
1771,0.3402712796755089,0.09161767115991619,0.02327900261362308,0.03841488307826595,0.3341659365677962,0.1964701379515975,0.08861182754040411,0.4255966952972499,0.06406561896015395,0.06504658327584999,0.010414883413930504,0.026569064186654185,0.09624256093289599,0.032661474649396276,0.024456738965370296,0.06353775573377758,0.0004254044003407304,0.1433635712611438,0.07267163842195731,0.01704890166414219,0.020701251694540904,0.3002411953707166,0.0239975211893798,0.020795475537793925
1772,0.1380400990728427,0.0953388598692136,0.02420789993180442,0.07350882273305506,0.36771013510162137,0.1282815137476461,0.3647053220880383,0.3242236509225744,0.06426578893611537,0.06376276639529671,0.01003925072746217,0.03175797200404442,0.0954800535434193,0.04696050524989939,0.024512596718192434,0.06101088707890051,0.0033086883876357557,0.14000335485276047,0.06176893702985737,0.025068949364931762,0.020942579510747395,0.19370742948240974,0.025820797629703213,0.017519717660790066
1774,0.1578259933677694,0.09272845058787603,0.0310582392859693,0.03602430930187056,0.3760885297251291,0.1667633857595229,0.10836245275836301,0.4621573715242397,0.07684249960626104,0.0782146724364817,0.01032574044106956,0.027496987507957548,0.10481903604335568,0.028437525881584203,0.02364735150804485,0.06295196139691112,3.691943205936066e-05,0.15815273244983502,0.062214803261457605,0.011995407105678691,0.02057656241858856,0.22019552448855265,0.024633712292226467,0.02121715143558719
1778,0.13327350334889,0.23495491549327452,0.062106177215936996,0.02779938262917539,0.3974301681667564,0.1806247596512662,0.01104358193696525,0.5215555163360084,0.10325291942748203,0.20026251286230465,0.012809146541349832,0.03333780651206682,0.07986547991259334,0.021529239971683278,0.049849901087863385,0.1055881274438267,0.0,0.3155122831973854,0.05906835548260366,0.003342815800513865,0.020111672263238477,0.2274926006765153,0.023963183240531594,0.019607560465780712
1787,0.17948945958436627,0.126045845986029,0.03285506148725541,0.057522383860948795,0.32631631472709827,0.28907747712942816,0.039449341745866284,0.5080355944983647,0.06527184451322136,0.06533374624934421,0.03306181021112878,0.0599983214038552,0.09646939721509584,0.025514877412972346,0.024344526663848155,0.0850951089025215,1.5037593984962407e-05,0.20003196365460696,0.06235790213951385,0.02383020105286913,0.01961361336567615,0.329364488007398,0.02781845831109504,0.019590205159675515
1792,0.10632553574777971,0.15208489743732378,0.02885220676097433,0.03129917651049546,0.4086382349540746,0.12896386167516335,0.027969279897332604,0.47759459469134313,0.08098016603932587,0.07627205458604074,0.01048954905362141,0.02461357063857182,0.10886423263114779,0.036558829965107065,0.026226160070548742,0.06484765884512228,1.034126163391934e-05,0.27879846661900426,0.05118529240456539,0.007506642746547558,0.01745621394892482,0.20430868975829214,0.021418485688941634,0.05937795131460917
1796,0.1297665196921015,0.08653443795491057,0.023007617999770958,0.038128646720590326,0.36748630312803277,0.1352682932769998,0.0941001473002775,0.4534478589307968,0.06331999751007907,0.06556759767969146,0.01008411731642015,0.026894731794725454,0.12605426858998198,0.032279522716444194,0.024512596718192434,0.0634806978546596,0.00022780301441764343,0.18796405204428945,0.0654578705235539,0.015156580903047157,0.019483124368016604,0.23844511113777667,0.022986640838177586,0.01917988835032519
1798,0.212000093920681,0.10406383474560578,0.022430767768391008,0.04579712365270317,0.3788557691159411,0.34795751348312726,0.08382138410787915,0.5019786739291906,0.06278221871564243,0.06680110479406448,0.021767827550126788,0.02770638093682332,0.09656770229934099,0.02794311552604816,0.0237404022695887,0.15663246833003697,0.0,0.16840300940100167,0.0614428588331789,0.00599156974146997,0.02599313101452311,0.3095029219800264,0.03569845656778131,0.02021709023521697
1800,0.12779819947887952,0.16575453007995988,0.04805981830476,0.03431547796011867,0.47357672550435687,0.28495354299255804,0.03645322078062159,0.5837933386646028,0.09171527055105833,0.08431319080672055,0.026982028941534862,0.03192778241409755,0.12113744404192543,0.02337071525198344,0.025639154211346944,0.10600604013295005,0.0,0.17382367452063227,0.202149643736332,0.01375467473979191,0.04619278493578129,0.25468436617341667,0.024690391200476225,0.036373817220846025
1802,0.15343985630865128,0.1408569459432828,0.01888633466441484,0.04718286440113689,0.34935656128858156,0.1282567159251543,0.02471996166314242,0.5260308588823687,0.06884375162575204,0.10524161542227949,0.010691821016358176,0.022976732816726658,0.14486506288335085,0.021690455384062116,0.07442248918077927,0.091517032052535,0.0,0.28633206981022363,0.07031678820549604,0.0030505723858335466,0.01749203366856954,0.2632292195513177,0.023599961862930965,0.06585986122232472
1804,0.37811283320711475,0.27288585366170875,0.027241592595892632,0.04628519078384921,0.3327583479586098,0.18838745921211966,0.04324576463302399,0.5089013952087094,0.08273098451954945,0.1040525649356694,0.012761798217653064,0.16279631638441816,0.14103285392305234,0.02088881050383587,0.032099599455730016,0.10940631854528936,0.0,0.15249252611406042,0.1930062839105477,0.035126798210840526,0.021261567734134932,0.2786004733384553,0.27086326761981594,0.024031320067751643
1809,0.1414573286533754,0.12416609895617542,0.02598542490747278,0.04940196942505397,0.3893473760437792,0.1453427686860139,0.06400718755596001,0.505992142243166,0.063775913327331,0.06439080070051471,0.010278757078411884,0.028328758706952315,0.19248638270146481,0.027371519213673957,0.024512596718192434,0.09470785382021152,0.00025302144181409955,0.1570980824947469,0.10091174239364871,0.024387903869649313,0.02039371419858306,0.23459983034872084,0.030310639710263057,0.017209683732565182
1810,0.1389434334219384,0.23743870148047275,0.05202366550839322,0.03906735391400074,0.4730585547885062,0.12155434609451868,0.08330438920181697,0.4175232522108061,0.09997110502650201,0.0970957596834134,0.010319825206081951,0.02790378404943085,0.10010836447916428,0.028857496569635748,0.03564607034373107,0.06772580365588911,1.034126163391934e-05,0.1578111890072813,0.0772907942173004,0.013968144968728495,0.019231224761292614,0.19456155753624416,0.02689575637761227,0.024943225464834233
1815,0.1312472489155715,0.11912744560370392,0.022543969207485994,0.0393449594946953,0.41340976612852354,0.12461027482432321,0.06181206518938469,0.478386587858343,0.06116688862543719,0.09196693395942415,0.010733053797339964,0.03386607812177572,0.11386911378636372,0.030293116582340036,0.035736454640547984,0.10589170502666048,0.0,0.3672141048951506,0.06343340032005719,0.03461721198960968,0.03294231589968564,0.2339820197189262,0.02375733834578174,0.019904445564753317
1816,0.13142158398725726,0.11968519045240575,0.02082975002078872,0.04131214097379979,0.4045606729640951,0.13420709621677657,0.03536647313966139,0.5727486317978056,0.06620886201703877,0.07893688908074735,0.011316693339493698,0.08382632997828143,0.11924388585851897,0.03527034145971772,0.03568688879372377,0.06590040336769981,0.0,0.34839864563573014,0.07408306467323386,0.03973991513460052,0.0344702878252509,0.22177281474319627,0.08786468876719306,0.019413310686494212
1819,0.14615319126033136,0.10793918134899066,0.02376848895521268,0.0344343197073667,0.3792480551321825,0.16416370507094202,0.10393277635604685,0.45908928014726014,0.06424455557960447,0.06284171064594692,0.010324347779888667,0.028791651972233896,0.11460886840066697,0.028099202613839688,0.023669696134328247,0.061988240782554695,1.5037593984962407e-05,0.155015401863034,0.07731511210665123,0.010911710702881952,0.020030757851774317,0.21026986665124067,0.02765396617768469,0.018416399126344928
1823,0.12615046009155573,0.08710190598465513,0.023010327695914642,0.039806991213483356,0.381994773482932,0.12754315662586788,0.13004629749291102,0.4909811132203758,0.06331999751007907,0.06453046500949279,0.010101190248382953,0.030732379575862608,0.09216406253179402,0.03708678406341936,0.024512596718192434,0.06201633001716978,0.010457988826414815,0.16649088895857087,0.057417411339888993,0.01807314800053699,0.020841164823913193,0.20042543882039154,0.02388008892520788,0.018463091922385887
1826,0.2628210169562379,0.20024149321203985,0.02181583687197262,0.05287445002108534,0.38834491780657454,0.27694125059925606,0.047659141225768344,0.4406349048505227,0.06435879996018375,0.09609965641044713,0.013059756541745668,0.02872011151830037,0.10617494783221629,0.03533943763222694,0.024024111378528997,0.09063807794988712,0.0,0.16167968675434932,0.09128633881789007,0.0051329264462588505,0.019501446511922708,0.35927415223238013,0.02710371143284446,0.01879292557543195
1827,0.12979442359550242,0.09443371197268707,0.02462754347111089,0.0382872107153784,0.37092356381568414,0.13271922005271702,0.03726771341494975,0.4716884366505741,0.06399543101112627,0.06520179489553571,0.010934824714993208,0.025981674073077433,0.09124846289232126,0.0268156874873894,0.024906630655156584,0.06238097353602637,1.034126163391934e-05,0.158577187474976,0.05861679206867515,0.008705278727942228,0.02364859002578035,0.2089563480016309,0.026013805061825362,0.06790793188117915
1828,0.17576214374915078,0.1426015656416277,0.03135684778985826,0.03254789733304837,0.42036829346753296,0.12674259667253673,0.021883258907174737,0.569891260508104,0.07273505988055574,0.07656824655477804,0.013404545035606568,0.023432109374358464,0.09443553629863248,0.025963192253513855,0.024468148913733407,0.0684065694669249,0.0,0.21614879930104444,0.07367345353159443,0.0035279846784695566,0.031780697323123205,0.23738298288194698,0.14685806476406196,0.0179556991668875
1829,0.13970778658552424,0.11675730825907005,0.020405641813053054,0.03483622469979364,0.35336964262689075,0.30994475168957897,0.026037424098614554,0.4936268473607722,0.05965053104075797,0.06753106989395272,0.03420982713193371,0.02722493762534362,0.09389522218231662,0.02448582050244923,0.027284074602817995,0.12095388222332533,0.010024813041662863,0.1853398796202208,0.06186428283445772,0.008823256873223226,0.020056345462305423,0.2801175510115014,0.02728113266966936,0.02669789847939254
1838,0.10466521420296065,0.10720531538883797,0.031719701540885575,0.027757273167052777,0.33085634236529915,0.132801751575378,0.004530546014302221,0.6216882958424802,0.0813796338885669,0.07088568036804414,0.012964424424446428,0.023873755800328373,0.11431661850977173,0.022396546681725228,0.03783652141109933,0.08716234387304228,0.0,0.2914252709848589,0.04753204329405009,0.007014276293587266,0.0175836299821645,0.22223918101577628,0.029335430391241618,0.01782055598747483
1841,0.1983083078902251,0.15975191337348407,0.030211653624956692,0.06195469055310692,0.3730739781905185,0.3371700545539042,0.02128484621088776,0.5483845394933652,0.07486731035386883,0.15481161331121995,0.01857156454464457,0.027969772803462405,0.15166750116180208,0.025311565366013047,0.034214216963062385,0.3064530633293401,0.0,0.2752359138816466,0.07806723010146553,0.005096183581025822,0.018935575036126515,0.4507439987120872,0.026236617013125477,0.053322013690786714
1842,0.12592725260719495,0.0904802827806253,0.038880903167731004,0.02704135178275473,0.40292770568519104,0.12775314729675513,0.03451655018643447,0.4785225426197068,0.06498782814718776,0.06470922238585441,0.009972390262345893,0.02430901831481217,0.0917020510282338,0.02708969669384709,0.026076280513947833,0.06277220493035243,3.691943205936066e-05,0.25550399023657794,0.05778804892239584,0.010611718478157832,0.022015207951924923,0.20807844481535692,0.02471939003406249,0.020674293940433533
1843,0.14413398238488365,0.1449329232914886,0.033591932483150136,0.027909476091141763,0.3977890672089955,0.1275941786028808,0.01322880213230003,0.4536944196924076,0.0640085809791647,0.0690705735163907,0.011615948062647999,0.023646164572417073,0.13589255064933778,0.023004418234800504,0.025568239460166065,0.06823508251745243,0.0,0.21450216238922606,0.08839974233756483,0.0034711695091772118,0.018056156804960578,0.21457550526980776,0.07292736259566861,0.032140008357162485
1846,0.09865494336124467,0.09514405632251562,0.0234525668308326,0.03703602312570398,0.4101690536923104,0.14145991457357107,0.022915844953664805,0.5966389563889113,0.07060073877654346,0.0662412594522455,0.01162240601282332,0.02178563400477079,0.09399221316142647,0.02810337201351211,0.02578852982718257,0.06611685207610372,0.0,0.2904526729645729,0.06009425120095489,0.004910968651666152,0.02781261280983841,0.19010168507493244,0.02161498790570828,0.019314164933799997
1847,0.10953247489121289,0.08867749257300991,0.02960419904062799,0.024969504341609338,0.4665319971200448,0.16058283428561748,0.01771464099600407,0.5743841435687602,0.0666288756313032,0.06564272180215977,0.014805106249062427,0.02388983963209269,0.07929184202529677,0.024885163873371537,0.025330778914820953,0.06496452393442398,0.0,0.3674640739126441,0.059500309311763866,0.004274803722433809,0.01892524028196369,0.17278266911148912,0.027697764512434945,0.0390011775124675
1852,0.17653331414901868,0.10018686400563911,0.01912877222084055,0.09271470528605277,0.32755744647800794,0.5265247681342752,0.033656013791043216,0.5349466146005409,0.0949890068680653,0.07836314526424339,0.09203490201292422,0.030780055791202913,0.13854572842776627,0.03409448721313779,0.044544727377684425,0.2762850210351925,0.0,0.26575230923361953,0.08716012692655677,0.0032196826737169444,0.04535185341608102,0.4642542681122414,0.07118135395397655,0.016721917422720153
1853,0.12919050406291377,0.1047103384397621,0.02395781136424952,0.03934193636805178,0.40536453886755036,0.12824198324659913,0.07052685032589318,0.5062610365471388,0.0633811745157095,0.06376276639529671,0.011855068065338708,0.027228478486818353,0.08494002008222186,0.029551417224141202,0.025458859280387446,0.06098586189561755,0.00028219205535731727,0.15902844752029816,0.060355837323940315,0.012520145833273806,0.04095416696913679,0.20069495105714372,0.025991243526151314,0.01875161026556279
1854,0.10621551873651683,0.10903284121293018,0.020018653950528095,0.033527817389048524,0.294804412196806,0.13133334141368522,0.045265046858719814,0.5136866573231753,0.06463603559081495,0.10627337476588776,0.01045117224233598,0.023762490586823577,0.1522300138236399,0.027383470057885176,0.025824027643685,0.10923733632695316,1.034126163391934e-05,0.239105841058372,0.09383556053094103,0.007503427518385949,0.0158541898256597,0.21809723556859062,0.020775579081722517,0.02804932692159818
1856,0.13495291221190026,0.11272200011083959,0.023525641860817223,0.03048069827922182,0.40663389647609455,0.1255318817470483,0.04629653399059511,0.452639570258474,0.08470462614212526,0.07134735815419531,0.009969581655553734,0.026308491085517652,0.09525539625268122,0.028378718262846863,0.025234280787065036,0.0760015451419327,4.800604506141463e-05,0.1512823025222896,0.06345464129162036,0.0111495090415332,0.020841164823913193,0.21755676176743224,0.029532620958100365,0.01861562099832002
1863,0.123294741573928,0.09349475116521604,0.02405162672067308,0.038556048118905506,0.43949522150617004,0.12811108355659132,0.05214668300622986,0.5916461132442135,0.08857494112208662,0.06400222219698869,0.010716419086152982,0.02629980317294278,0.08199550688556531,0.03916871196147454,0.024376825036286083,0.06562502895886578,5.621282126694686e-05,0.20654579340937296,0.057104755410808755,0.012327247685498068,0.020553168574133522,0.19968420518393676,0.0246770442567505,0.018877208823585376
1865,0.2614602888216711,0.10743537884049316,0.02488341527201962,0.08180779751523065,0.34737654864344625,0.418924964535938,0.12735001064842086,0.5273775667661921,0.06301017222535427,0.06811705755813553,0.010756411703123034,0.03180153373145245,0.21473188621216988,0.03429306096446595,0.026665326673623917,0.14977363192543364,0.0015414124536931556,0.17399730564483595,0.09572490200850209,0.016637594352757076,0.01984249946161453,0.4581744230503492,0.02755565625028075,0.04414298014888832
1868,0.12447709427831778,0.10743693545198992,0.0354628785561273,0.03527284186011363,0.37626478680310826,0.13512592027253242,0.010094777546538545,0.6148387841774485,0.16431191754848598,0.08092241325095831,0.012552500316610336,0.023899656888674344,0.15133409499689007,0.02423684624744131,0.03291971788354168,0.06781695304961462,0.0,0.25013895601146446,0.09028854109447154,0.003852238953165307,0.021668197963385413,0.22879720282777782,0.025200936728857072,0.05376661870890977
1875,0.12687138888546057,0.08902569985108531,0.024677656952053283,0.04135242765738546,0.4006050123668539,0.1273748855456893,0.08799660946288303,0.4484446780907429,0.06455222651663811,0.06493775401107045,0.010192636436403437,0.03592263216619019,0.08966132094974777,0.03239425962179272,0.02529014349573921,0.06074667470112271,0.00013447067490500632,0.15655577513885388,0.05861679206867515,0.01569621573868154,0.020503541034759473,0.1978902556693101,0.025589001823436888,0.018973115308040953
1878,0.14269526198691623,0.09279810384826206,0.015975922194933,0.041832964541892406,0.41338789354927963,0.18806626052378875,0.06415216613808171,0.6187044330946371,0.07069582055913735,0.07059826584455209,0.023423814326071782,0.029829368705286255,0.0924574336410812,0.046967233722712,0.02899801889022271,0.08487238641316563,0.0,0.3328588732257605,0.06529056994327549,0.021170917844488032,0.01562171168348017,0.22615754713536632,0.023795546937018856,0.02661279880196687
1884,0.1303918136597844,0.10411129523214362,0.02783630000763201,0.03496897853988356,0.35897577503057526,0.12851545625624866,0.04896498188974669,0.49616552230668537,0.06468391271202369,0.06741006504880014,0.011181736986688305,0.023821757797876094,0.1633145723491159,0.03408668375561365,0.025687010856275137,0.08190044024706927,1.5037593984962407e-05,0.21041117511639865,0.0667790267786604,0.008893607306192338,0.0185269575218778,0.23197597891809135,0.02299210989056344,0.018285200718028673
1887,0.168445618796882,0.09856509394691386,0.026059581016465695,0.02701868213595465,0.42058474687207825,0.17949331194987772,0.027677930457713038,0.40768964784081035,0.07345224934217512,0.06705473112052757,0.010340485491075233,0.02592335518496664,0.1007169702483663,0.02648960412382636,0.02403462041929142,0.07240414109933604,4.1841004184100415e-05,0.15086084275144748,0.16884136082524698,0.005986427480032344,0.019700495318050997,0.2089493205143393,0.024011714405660495,0.029695119732829803
1895,0.2644727469734378,0.10580775271443249,0.022780090053175425,0.025001517153249032,0.36036833674425806,0.24947879140337512,0.027074224367675207,0.5325331672545484,0.06387734739765664,0.06428735883668267,0.013501960821272647,0.04630793518349102,0.08267400405889413,0.022789524758991434,0.02391821835985272,0.0974811096849178,0.0,0.15405864518061,0.08199050961004416,0.004418931700948214,0.019390666046150952,0.2743725222195091,0.09599187302058089,0.022114773619969896
1898,0.12875676937414635,0.08828754058770727,0.02419603980092959,0.0377829876279454,0.46529832384215836,0.27527922897765295,0.110357463573536,0.45921496668705636,0.07066739436258812,0.07035355082756904,0.024908561060574798,0.027823048457022662,0.09808067004976322,0.03145629570293325,0.024512596718192434,0.12781681689600752,0.0004606040172764994,0.14649189546843075,0.058373258795559824,0.012145721964615087,0.019653097170463377,0.2907066605528739,0.024277951336847656,0.01880978628292469
1899,0.17881571792808257,0.21875104838923423,0.05268252421859807,0.09913400143729943,0.3883284138801275,0.1795569792035765,0.04205431811053173,0.6202181330931466,0.08228496690176716,0.06778911892428699,0.029001143337337762,0.019666396308469707,0.09044805976185658,0.13172793311274764,0.0745350984937503,0.11926347439172966,0.01,0.3352030123298397,0.07310699163141347,0.011522492968546395,0.03788689334537973,0.2657575965944795,0.049613372407122415,0.10738924165204455
1900,0.1536997521833108,0.09499361467215822,0.022793654098346418,0.033039365076445185,0.3536066602093457,0.2364543924936258,0.036530173880759714,0.5636406084808342,0.06399138795342679,0.06519915583582248,0.02734419508669894,0.023730587572224193,0.1670681034993307,0.02777221050227576,0.02539795848374831,0.0983519769619385,0.0,0.2309390423774846,0.0480351601487701,0.008216821975472714,0.015903973849616157,0.44512433099378507,0.02601405156218577,0.017819735109172147
1906,0.1661867972382494,0.12176546285288571,0.026920184273212532,0.03051005324970598,0.3614951523831023,0.17899980569379167,0.026624240686261923,0.4897833788098579,0.09714305475011974,0.06974750683175351,0.011707493128331496,0.024903825793477222,0.09031283821202825,0.28282905956785226,0.024761705134304753,0.11770874666446947,4.1841004184100415e-05,0.19034047571669938,0.07387226234062308,0.013541457177620122,0.028382799890862846,0.26438231563771586,0.02564921477256337,0.02454163972684289
1908,0.11988997630424762,0.09989737311850436,0.020986369722367018,0.03177820178156885,0.4580719279627435,0.173415880548536,0.05519873596401685,0.5040691653442796,0.07130824155449078,0.08520541322972322,0.013021047311970745,0.02455253027242187,0.1191718563131892,0.026964464653847494,0.03065930285912456,0.07963356148170547,0.0,0.28753083889833086,0.05272043252972699,0.015926177291962426,0.019524515042223467,0.2384340446455833,0.02144329556041196,0.01760691552794351
1913,0.16300300308917848,0.1833674031830614,0.027072630314855205,0.049219901904557585,0.3239089988999268,0.18433372986548008,0.01724115007736946,0.3477627860068948,0.12269988378198476,0.19016336891281735,0.01822774855326134,0.0249912498399598,0.3623776904224687,0.025366456672806667,0.024889398063539948,0.141335381150408,0.0,0.2471714651025596,0.08904011148804797,0.00232721777796601,0.01641989664177519,0.30101569287416363,0.021893001337116195,0.03968004299406679
1917,0.12130950689750952,0.08768660162057111,0.02370377135503882,0.050589672646242236,0.36517435491964845,0.1464810872183088,0.3897714009373046,0.37230693760607847,0.0707363188660093,0.0642848080718359,0.010450656687335141,0.04059574765006,0.08370598640372152,0.07690297536663607,0.02609538065869491,0.060613122321114495,0.0023833570359499067,0.14958239813316512,0.05861679206867515,0.016990055425315925,0.020748784768779532,0.21134129501168045,0.03420650494703452,0.019560601842693034
1925,0.18690599257776846,0.10502140070018495,0.0239820883598946,0.1500599311241195,0.32661206583286173,0.18365868796531615,0.3667845845553561,0.37397625796005607,0.06367879058509482,0.06536981156416367,0.011037025339451301,0.05518407115226734,0.09179051321648736,0.06042863340421509,0.024155153592833004,0.06340386938805287,0.002292110105358035,0.1326271948244638,0.05861679206867515,0.011279604702806168,0.02207106083702261,0.25892590353866823,0.024623444328074524,0.02350977239148101
1927,0.12905796294396793,0.11912477877021997,0.030907464413373897,0.09918815580922688,0.28840238554295167,0.1672820896072541,0.27955425116812144,0.388577041260949,0.06176641602152819,0.06555829764849183,0.012249403376268835,0.03198280936101564,0.0995037923296246,0.08723934201837624,0.02423536722878604,0.06924176559456305,0.00018018018018018018,0.14618134854998974,0.06954464072207592,0.01591726763758933,0.022381104623457042,0.20657416437767917,0.024782930308292865,0.01743110102134035
1929,0.13670478340740824,0.10288191167447572,0.022970914980307556,0.03430651791200341,0.3612855066978859,0.19432662307759024,0.05306213799964297,0.4906046595749334,0.06376663705350814,0.06583316239918273,0.010482967335656967,0.026294301102739507,0.18423623609341452,0.028436432442554872,0.024512596718192434,0.11150703364901866,8.403657121090826e-05,0.163220329053544,0.05628571798970516,0.00841769487563363,0.01721453239668218,0.3497100959611381,0.02432274120896306,0.019443621167142433
1930,0.13995575642007954,0.11860653028504325,0.020399805016414786,0.022494250138128526,0.40086955159613574,0.13104247990581835,0.00829361859329216,0.506134658051091,0.0892807344916495,0.0990512930412607,0.013870274914117608,0.05080594148967636,0.19987409804405296,0.028595546948077817,0.029816588499709203,0.09583139930374603,0.0,0.2697302787041475,0.0922400583979707,0.004930378196707076,0.0397296861786019,0.23404364626538732,0.02629275995083188,0.03289006369787838
1931,0.13616022086912533,0.10832492225572235,0.019284427646744862,0.033815313694109256,0.35098639895654593,0.2882125301113319,0.011309783003437419,0.5464494737528367,0.07023459995029473,0.06444498487893921,0.011786590759288671,0.060073100826589475,0.1313276754039342,0.0379402508106486,0.03429482075304029,0.1769815083299476,0.0,0.3519017328254026,0.04752779044043181,0.011164133684836828,0.01957743463179076,0.2714288771933241,0.04179402122927946,0.050195675516861424
1932,0.10656788993689084,0.11683919793361916,0.013402395466969006,0.038995467102457625,0.546792394498218,0.11940834627448481,0.01700588682223954,0.6294559405221952,0.06528997912225677,0.07269651945086601,0.013674716617328594,0.020100790228246724,0.07468670855234347,0.020976494214997206,0.0371022358154835,0.07497604825763819,0.0,0.4015022770510239,0.1026694239683874,0.0009107808109223301,0.056382563117595944,0.19878049716828877,0.025505408643082133,0.06908511398506341
1933,0.3768758136067507,0.26435133991123566,0.046758466070993154,0.03633991855854303,0.29916633196171344,0.25547957637779556,0.026257995179124943,0.5178304789836427,0.10353151410323168,0.07927006201654732,0.05324028024131429,0.07514675163137725,0.14122976480241403,0.024023549375533367,0.04359659917182228,0.08704200762166028,0.0,0.24391715857826607,0.16708844215627544,0.012652910375677468,0.021150879348339893,0.33059622867046523,0.39083154445696694,0.03623278627475245
1936,0.12858641079830543,0.10707947364147608,0.036926660320041264,0.034948685964916605,0.45032456466888965,0.13895794291245703,0.03615105104767484,0.49420046828095315,0.06328396106222678,0.07125791570065221,0.011113873050995269,0.025487239318845337,0.08925181704476563,0.03511872665810893,0.027257514247920084,0.06685798681818295,0.0,0.1730900308912772,0.06266005206862281,0.006692907171498124,0.022679633522033314,0.19832386767498064,0.04386738642095076,0.11856867208626104
1938,0.1502623527319707,0.0995437952425508,0.022822568070213958,0.05368118905790635,0.4407625163153741,0.19009978157422341,0.06239869110609506,0.49596422285384223,0.06195319075027019,0.06510702567370735,0.013518199522849885,0.03208270644135711,0.09401976827891165,0.0279661815545446,0.026603545618645207,0.07056618021707313,6.25e-05,0.15158166834371511,0.06547453325049496,0.024765236707586468,0.021548028576102586,0.2096384004523895,0.056036443692447,0.018344434418552796
1939,0.20018257343232246,0.1647971032748813,0.02273197106446344,0.0443967243770331,0.33772083918731055,0.16361502605549802,0.054824371955841104,0.43533989149094865,0.06319773068585988,0.07537088765006454,0.010474686614243542,0.02913580161644304,0.13179613815693897,0.04109952883372622,0.02396381378138707,0.06649647606030845,3.691943205936066e-05,0.14204777129851945,0.08609845912983975,0.015865948038038175,0.01962734421313699,0.2810937552270523,0.028490087031629124,0.018811098588822846
1946,0.1303737007406948,0.12277163314910355,0.023785752280571622,0.03818748447267956,0.3881600932375513,0.14260983224621457,0.052724240488323304,0.48077654800975755,0.0643032264701215,0.06455011836822137,0.010897112978035708,0.02913985551146562,0.09530176781980254,0.03012411894984928,0.028517487940318272,0.06720872484176205,0.0003245602545225984,0.2218571414402095,0.05861679206867515,0.015046516216945385,0.02289697339521298,0.20272698545316722,0.06180327873981616,0.02109466026657027
1948,0.09917469292974872,0.09372501295085922,0.019077735022202582,0.048068623415796374,0.42727289879304736,0.1556689458229554,0.004263710728787426,0.661727142422335,0.14660565254951627,0.10452954300664594,0.05277994371079666,0.01793518836919548,0.07786735362648997,0.027987536704915352,0.034460968079009405,0.11122574650484207,0.0,0.37745678055632276,0.06656492425709284,0.0009426966711045244,0.04719173497356335,0.2659541864642315,0.018628648174832143,0.01976115268070909
1949,0.1010416802753985,0.08953825739375693,0.019516991036447745,0.04988790227940896,0.3954130176147437,0.11294802067543916,0.007773065072961925,0.553973587443087,0.062117972869328575,0.06749524366872069,0.031647814719933935,0.019489239969875196,0.13427467208730773,0.02234327688649924,0.04280054420430677,0.0984959115029229,0.0,0.5612015241344082,0.04424751299389685,0.007135817123924817,0.01566905546974313,0.2089103416394057,0.02562368741231244,0.014813700587146405
1958,0.1432031210268688,0.10495212151910996,0.023736673331995976,0.05280989687361526,0.4024656849562786,0.12783569623745702,0.04087325465143528,0.4659671224505281,0.15251353448651647,0.07177009318452976,0.01056509634086733,0.026660739474641263,0.09004620933855437,0.02948902521839853,0.02482122230020809,0.06112334852802022,0.010066851065487555,0.1525177943732439,0.07272195529312159,0.026222484680482768,0.0204218430312282,0.20653356223581149,0.024377460741398283,0.019122586154194248
1959,0.14053188669884883,0.09401325033931601,0.02358881712923354,0.033913454265655694,0.3772697514497033,0.1263554811188194,0.05175461216621986,0.4606531004347246,0.06406561896015395,0.06394051562744674,0.010822477365827787,0.02474705267587756,0.12277023569494959,0.028539457195235884,0.025266181702999154,0.0733449997318541,4.987531172069825e-05,0.1591034758226946,0.06103272281600474,0.021373469502538853,0.02117962038490184,0.2017516749898335,0.02450469517773445,0.018184842911902414
1960,0.14685127284732025,0.11519240082202856,0.02275868897068959,0.1711417015764301,0.38506908311168686,0.13780376065052957,0.3593465570971652,0.37324982886000685,0.06463025072024016,0.07065610623718838,0.010872994837495589,0.06025804800783856,0.0835466522618307,0.079652715637047,0.02406422518480923,0.09210101139685209,0.0300418410041841,0.17507772833350227,0.05855729200818966,0.020751883192017692,0.02024599972410833,0.19069976188620086,0.023406964636841433,0.019199361263094024
1967,0.10472573370074784,0.10470436499000405,0.020471977436676784,0.03142197955121382,0.4524882121421295,0.12331691642749204,0.025270780706215214,0.5069529791772809,0.07574584333106203,0.11629687719647394,0.011871841982014455,0.02095885571910527,0.12505501134034452,0.02418841726542745,0.026807838770719617,0.08785554766373535,0.0,0.22769268309168297,0.04887164286336282,0.004011758536943661,0.015308063644737304,0.20544271779855133,0.021330475111777044,0.017194381741615677
1968,0.13447058089429637,0.10090578451281923,0.024227680106029253,0.04080849438217134,0.37301163400919957,0.12696942741710868,0.08719009826056551,0.4694430114288041,0.06406561896015395,0.06376276639529671,0.010379880155901132,0.027912124878777554,0.09197443263668786,0.04237992239749522,0.024512596718192434,0.06074667470112271,0.00024122046807287953,0.15245385872229353,0.11434027334825936,0.015550614354680282,0.02066837529204094,0.2042254769634631,0.028046672378016245,0.0284175689157174
1969,0.2533694758462419,0.2842360267535802,0.023875490019402673,0.09505763000170629,0.3058240331701781,0.12099941814379953,0.07951059308771481,0.36794520810004144,0.08179531182806633,0.1396880489767553,0.01247059076418954,0.032031606005627926,0.1735939029611742,0.028781306499712733,0.02529240319486811,0.10644589983766738,0.0,0.15218089973709986,0.3164378563858675,0.004798397665473552,0.07605002297552349,0.24904080213601054,0.060333792812766004,0.01851687883155155
1970,0.17102881547504853,0.10423028487352105,0.023155979417040173,0.031247328259230794,0.2944474438966385,0.2934045707567122,0.06367442765429504,0.44142189857835484,0.0627004606609571,0.06372733543522768,0.024959570290906622,0.02567599827072672,0.1303251416210722,0.03778875616220148,0.02459245845946668,0.12791363505998657,0.0,0.1391247321313063,0.07944051812573587,0.026331473182671657,0.020765811775954077,0.35042150203979594,0.024958554847966,0.017925179733654924
1974,0.16297550570459243,0.089917182543,0.023032386171954737,0.028845213497705777,0.4656536096910137,0.14991199525830845,0.017866175160158416,0.484483768052924,0.08684698667841413,0.0647458261967304,0.011627753009828405,0.023226461282107452,0.08898629701456529,0.024997343871448696,0.025103022248538723,0.06421324256564627,1.034126163391934e-05,0.18948456508539724,0.07094366595887945,0.007377921347608832,0.0319004543528427,0.2252943441244115,0.025288117489137528,0.022780525837874297
1976,0.14794382627236705,0.09958112660412385,0.01423884791788632,0.042950798864214865,0.38221984436543077,0.35475426679514904,0.03554745207262984,0.598481133181268,0.10358479755358303,0.1014030299273209,0.033269109997239685,0.02935186050460219,0.17529481535254107,0.029223469078799934,0.08614150698394953,0.16049031143794082,0.0,0.41611010319539443,0.06393632028127079,0.001740777559512492,0.017010557194371743,0.4702670753722641,0.01909137698047538,0.03949336972872037
1980,0.1328257735838099,0.12011509596587616,0.024722310084399256,0.10716370254972615,0.3549011147290948,0.1266704669278311,0.04926523561975272,0.5121201887007195,0.0639284541963197,0.06585134674708101,0.021755932161590153,0.09502299582452974,0.0856423114154386,0.04144961041194419,0.025038155804344625,0.07137359758801502,3.766478342749529e-05,0.2883443933875362,0.05646983667254991,0.009551879240872346,0.020599685555864458,0.18551108409943332,0.030924949913335834,0.022849126492600312
1986,0.17947648454881768,0.1729997146769816,0.040092542759944394,0.028597041216922196,0.41400810956752215,0.14240856285109663,0.01758828278743276,0.4246189902078,0.07928016762555369,0.16735956934618598,0.013057436920721031,0.021914656716624847,0.24935463545812478,0.020748029119246846,0.027827981602534527,0.07650515727722379,0.0,0.3681832367839051,0.09100479871850121,0.002557833722663431,0.01899958770868575,0.27361081258099773,0.021931514119016268,0.039689106702907116
1990,0.12315619035195358,0.09198698489034322,0.020488543966934353,0.0322556380960197,0.409090480480942,0.20090292884175923,0.01571544292650154,0.5335543282309139,0.07128322416069682,0.07360360468937027,0.011963122011824524,0.03273808554023247,0.10833594265321772,0.025362206724979214,0.026871535967064406,0.06319379351622968,0.0,0.2930983426190748,0.059094255044628646,0.006660804275271219,0.02088271987377967,0.19329993487601846,0.02261461506464489,0.01625450383670733
1994,0.1357724464303891,0.10851296711384904,0.032414029306105346,0.08190526720288496,0.36470082229404993,0.2582697351234089,0.0574041810878872,0.5297996284116328,0.05619373367507946,0.06991054511717996,0.03302064790516156,0.04058206523775668,0.11914298573754913,0.02923541148677788,0.05446512520760471,0.21457989112716785,0.0,0.35787039160847933,0.049400623623009746,0.022657157564526048,0.017757241588707257,0.32328364458507575,0.04150870514180375,0.11900825977311376
1997,0.26183796425210604,0.17913734462579003,0.022715824459085286,0.03491919632635827,0.40501484735683024,0.12605347776952244,0.028348540388515794,0.4773414235396665,0.08047050653357658,0.06411140114998813,0.01102735281574451,0.028831924967537358,0.1563690099485061,0.026398603324064237,0.024111120574007158,0.08316524946477123,1.447178002894356e-05,0.16562109572303474,0.10455365186952706,0.013439428751988893,0.020370785139435455,0.22595989839341152,0.07784207525577767,0.02115437652036346
1998,0.1332816151576076,0.12659355332149455,0.026878405864504466,0.026421671656877335,0.37750314632667276,0.21654408290185959,0.017379697772326053,0.546950819572197,0.06632353942565353,0.07893088532486661,0.016574279795089755,0.02333806952185837,0.20558745645792545,0.03354485310879455,0.024016812370290953,0.0954922054325865,0.0,0.24905291478179734,0.10318090302624493,0.008680315679741459,0.018856755089945644,0.25406535910484335,0.0222027508132878,0.019904919294239275
1999,0.16497605324777367,0.09220239531543943,0.029151801255818777,0.023942411880201075,0.3217703201340995,0.2973027754373767,0.0196606387533085,0.460583410234878,0.08398908831206428,0.10081920655531844,0.04220621976583956,0.022232902623118007,0.2519246868766192,0.03453197253838487,0.024839242402697127,0.18821291010036334,0.0,0.30373668261009323,0.07546201011739732,0.005723765324066203,0.01938092929611014,0.3669618939910423,0.018962180749424896,0.039011845471678186
2000,0.12292746751213318,0.10665863521868743,0.022430126540037003,0.0825841489147097,0.36747532535904975,0.13735361161659643,0.04524494242585887,0.5576498263641358,0.06679872970558985,0.07681519429064122,0.035895687426721244,0.028859821453368267,0.08036599689262491,0.027985000899448494,0.023885638719604817,0.10530168875309713,0.0,0.1632951461661058,0.061031460955803175,0.00686068421901187,0.023413083639978387,0.20834145229800977,0.023077909266056552,0.018177721599198657
2005,0.10847286176705856,0.09156574472679563,0.023735248236469032,0.042028998246281084,0.3961209402593404,0.12689345576128827,0.07780332084982118,0.4938474471110384,0.08607749454756906,0.06888798244827055,0.010270634184903826,0.02583715987953133,0.09101257429546065,0.0582610777568242,0.05569464311033509,0.060688777149451985,1.447178002894356e-05,0.18156516915916998,0.05295359354614816,0.02015393071503806,0.028053577729019098,0.19367148722867877,0.021785187597995147,0.02375424529171193
2007,0.09059067274290838,0.11957700203327754,0.0597573423485143,0.06682745023880493,0.3706429278595084,0.11156126859793974,0.031398232179173695,0.5950653760792333,0.10523747249645159,0.10784493967520291,0.03176231646331066,0.051262624058697775,0.1898505261173396,0.053369213914891855,0.03438036845483872,0.10083238836341467,0.0,0.443752969662485,0.08108360481308168,0.0037909309522521062,0.016945928290102684,0.22632008649401444,0.032232500406091366,0.03178400096748648
2010,0.33331399843317155,0.22999894164519033,0.031611459854913024,0.03887445401536801,0.26247447903165494,0.2975672473616598,0.011637676382689668,0.4933781171992112,0.07618998596049967,0.07115886995530815,0.012765572919974924,0.024985214016195197,0.21929751446473247,0.02045178307142104,0.0245692923171626,0.24819544875293026,0.0,0.19719842989056866,0.10084594272312356,0.003209918981292234,0.02213735818752885,0.5087273676456996,0.07288559123793424,0.04761657028813057
2011,0.15875162315324712,0.1477247140506066,0.05589221609133503,0.052364632086829496,0.28894385974107933,0.12910597238312427,0.05790530437221023,0.565194979396046,0.06266153774858362,0.06510009390983382,0.011379297977003162,0.07062509122696993,0.11497284664665587,0.03244520492713734,0.02398429436442122,0.08087067070140136,0.0002941176470588235,0.1596477974659271,0.08658454011635609,0.007245413259835719,0.0311239071496362,0.2685496346127565,0.295420013591293,0.019204179860605828
2014,0.1213611880962437,0.10179136144889364,0.02313215631480971,0.025489826001186686,0.46356987816094675,0.4078733928981826,0.04376645572521896,0.4728558905532198,0.06814542542262371,0.06640797482819712,0.04236728872991859,0.02427014821842053,0.1662831400187752,0.02306584360753643,0.02737944555122543,0.2723349183343294,0.0,0.35004196652930647,0.058077216650575185,0.014137332255104502,0.01729393621097036,0.45537303066530166,0.021467270055587465,0.017747551979625204
2016,0.18406354386464624,0.09943073275110317,0.024528573860862924,0.03334656233287951,0.39609153421796833,0.12709509957554288,0.06395820389767871,0.5029852483800049,0.07885846603081263,0.062926499345408,0.010976922724990018,0.024885150673329345,0.11406359853721519,0.03666975498395743,0.02431146470647034,0.06859704547112014,5.27023774124577e-05,0.22911027712899085,0.07251845093275248,0.009937845028283071,0.03006584787988046,0.2058982459815751,0.024125246349991726,0.019307939922181997
2023,0.15908006315615167,0.13933279791282505,0.06234059519713424,0.05286092554991332,0.3934850318546001,0.37178878720973535,0.014595952963903858,0.5565378148966303,0.1065531822422665,0.14705393933109984,0.0380602539979442,0.02245176368195686,0.16778798519738503,0.026562801449584075,0.02459788617521306,0.14583981405477112,0.010285714285714285,0.21216986159492607,0.07965339094334704,0.002761631997522984,0.0234593650668778,0.45974421166801094,0.02545909398776988,0.016378102649006746
2026,0.10929210904722711,0.09010466787289312,0.016920802747918687,0.05742638892132142,0.37638616588991963,0.13180418053199688,0.024505840899311567,0.5852352190942157,0.057742284637044075,0.0660875360108966,0.012521444380159246,0.021859332027506576,0.05951860893110996,0.07717046155278041,0.05422798279575474,0.07678057376786775,0.0,0.3593067518178676,0.04852908192963367,0.001465443250607169,0.03351161227818346,0.2416130316981629,0.02515717372271997,0.017721206009668335
2027,0.22513903925968257,0.21324411708831065,0.021316546660139758,0.03178652659154721,0.3077782037588581,0.13944518985909074,0.02104431269875554,0.412087511221886,0.07823725243514094,0.1369591554631375,0.012850568378424845,0.12676936563210942,0.31405196253959766,0.03539536982700247,0.03594849442975502,0.1351275415726528,0.0,0.17967191061081908,0.10347822842296756,0.0042166230387750935,0.016295161733793147,0.27478115470325176,0.23137497333316634,0.026841977131889426
2032,0.21856769698636214,0.11080780185119211,0.02592527030935126,0.03506569941539642,0.295592713294315,0.17010733558225066,0.025532036541281316,0.5149312288806642,0.07564362755696596,0.06500114868525421,0.011957235246048364,0.0418843202524513,0.09045236879500278,0.024464749704713126,0.024450799864764557,0.14748349478207953,0.0,0.15667913675334422,0.06764031084680026,0.005034178929620059,0.020444809391897852,0.3157557023606212,0.11408790256808833,0.02098023021362516
2033,0.14247348869542126,0.09320037092700724,0.0180708887756595,0.023693781380201936,0.4020390674786739,0.14366780691113595,0.005541060494870968,0.5613285416879509,0.12314245809850698,0.07257963781896544,0.02747105373886368,0.021239769816488088,0.11373741708631165,0.029998002226499388,0.03986749268725026,0.07683832640832525,0.0,0.33613504461468446,0.07140770082509479,0.0009230811545064854,0.033832389677846283,0.241729352137026,0.029737163423456052,0.019673046376198065
2043,0.14220666363408863,0.11597456298435403,0.029498720768638957,0.027904806657951767,0.3819504639146156,0.4168723862397472,0.018514977327480385,0.5320000454817481,0.05439600201324093,0.08977219294115858,0.03668255979041946,0.020269003472655246,0.12033598288962652,0.023077083161537778,0.024827440486279863,0.2476360267927738,0.0,0.2550578974990463,0.14285240552151818,0.0065592529064021875,0.017246648552489703,0.5008878839922439,0.023685885347696504,0.01816469252230366
2044,0.1773405631894278,0.09050840095497582,0.019613565909879175,0.02920827012851925,0.3672624573085156,0.4574437974785971,0.007851666577652782,0.5031299040039788,0.06268765064237704,0.06673171624596198,0.03796907201819436,0.02637787037889391,0.10261411512701865,0.020278744980370304,0.0341562992365442,0.2820492937266592,0.0,0.21255639122927572,0.05210218376081527,0.003299871492001642,0.053628197706351945,0.5213740273629314,0.02130447416196493,0.019460467043827506
2047,0.13900029985681378,0.14655879016815979,0.02394434983175107,0.08764359299583253,0.3119896544553779,0.22341733502586245,0.11149181863528904,0.5045195568241688,0.06491767648848015,0.06586307431202347,0.023182017776459847,0.030565276752762608,0.08568322179077778,0.03313712175198351,0.024512596718192434,0.07738031323729838,0.011030911999567834,0.16595664867265822,0.06751349669094421,0.012514332824786341,0.025393761315508065,0.22671513520982736,0.029159999025741984,0.021591366685999477
2048,0.16404584662075228,0.11275870687272121,0.0218736395865609,0.04178329515649831,0.41544446393066464,0.1643699217981705,0.024649771429578964,0.38982253780262255,0.07304296320620285,0.0648124970185027,0.011362883535728029,0.026175556526722554,0.14580928058943232,0.024999127564967027,0.030014644078980867,0.06405335918480314,0.0,0.17471115680069943,0.3113936161721148,0.01699271827117605,0.02030131334708076,0.22867231277794628,0.024774223553090436,0.01859498108735402
2049,0.13773488120437352,0.09129919415894008,0.019329691851194146,0.02908736083375585,0.45134798185639885,0.3949459391311499,0.015598438749885637,0.5804161459001069,0.06466372410878944,0.0787706357960342,0.059782272249812834,0.02077011362641853,0.09093831206391689,0.02337374530077074,0.033847736953256054,0.10925235413790048,0.0,0.29904208801378174,0.06164392550243459,0.032241216115643144,0.044201956882502946,0.34435004012091414,0.03296340108241294,0.061003986571653714
2050,0.11872328037877145,0.09605500881416491,0.023179761868736323,0.03514765245108562,0.34602111451599166,0.11128825719233403,0.014755081947270732,0.5625253713426895,0.06701856542634817,0.07021118896075203,0.011572563431954343,0.03819310357210736,0.07453811393109784,0.024243505166327912,0.02493707475419171,0.06540723768228225,0.0,0.2619388044859583,0.06841343778128685,0.005844074523808327,0.021185414929523666,0.19399859971042765,0.12426467303835764,0.018548390996354126
2051,0.10833021384128032,0.09159667202894547,0.021813795269730735,0.05135332927029808,0.5545137850498815,0.12815877090530273,0.08501310052135899,0.5739851694533133,0.07617082161064792,0.06775696877163029,0.011337802022511913,0.028903119837042378,0.09942404057411851,0.05073758148632873,0.025531580924340824,0.0725533126328965,0.0,0.3127543154656029,0.05578799652354241,0.006506703279845328,0.034960559968190565,0.1974887658509386,0.03311883413450079,0.018542469259514326
2056,0.11284803584695165,0.10816322931428492,0.015661184350969977,0.0934269144867689,0.45407816525594014,0.1390000008660282,0.01974242783192832,0.6476191803717376,0.05755519280489654,0.07553509688761943,0.011781228211241617,0.022839085162468176,0.06910019496645177,0.1645940235536567,0.04823471953535418,0.08033856293148797,0.0,0.40783649483674805,0.07300932110712693,0.0016731767194478092,0.04505275327006257,0.22434059065134956,0.03916965993585024,0.027285276499614305
2060,0.1476167524982659,0.09979716467385448,0.029263674910639435,0.028412266580980686,0.3299529801078514,0.1808655553706425,0.011510588431786744,0.5001505381344087,0.08484119073060244,0.06341670696601712,0.012717681634528567,0.04755813347243718,0.1082754934023436,0.021249643098139398,0.0257489266185889,0.07491602063567539,1.034126163391934e-05,0.27222324299795037,0.04659282103072192,0.003638121596945313,0.016618466307467137,0.22498217482803057,0.2109596932947509,0.03057287386017999
2062,0.1742848311003224,0.13747156804958444,0.02362194709320919,0.049781139892949515,0.41932993675591135,0.1486753368468172,0.03791582881421808,0.5213057248244924,0.06475421323057058,0.10949576904608418,0.011552368738606277,0.04782724317316747,0.08891870966614317,0.027773263964187243,0.033928365791548384,0.06214004929405073,0.0,0.1847736333410022,0.06328184923321656,0.00789851734361941,0.019946934406849054,0.2093027458091022,0.0557914659334751,0.01958958111069109
2064,0.1368947871908305,0.10843496132398223,0.022487610435759354,0.030737860094797148,0.4694634384887757,0.14107589707633683,0.015537680786195022,0.4776381266254122,0.0719049313173555,0.06858814994088851,0.01114781689428181,0.026638948425153366,0.09506208349702941,0.024648705917117722,0.025316014989682292,0.07274434617158826,0.0,0.18026357015210362,0.060686883178589494,0.004031380665348037,0.020870949978731644,0.20622432290735368,0.025655564465483255,0.01827869696439339
2065,0.1373425081441573,0.09752309778279543,0.02369934673513554,0.032196723741932755,0.38875781260058107,0.13126932887885956,0.05487805176986573,0.43198347103772455,0.06448223107517492,0.06577625254055186,0.010394669804719748,0.024278903814275162,0.15461488308488863,0.028885458320616033,0.024512596718192434,0.06251421000336349,0.00011672637720825134,0.15144651697062966,0.06476013563931324,0.030123791832721226,0.02074838445921517,0.21820836997519852,0.02429222018162637,0.024094883638985466
2066,0.11903102654521451,0.09104133234544041,0.022930463410248826,0.050757250926815815,0.3812990702380698,0.12814804560054235,0.09992132830663256,0.4692510184911011,0.06331999751007907,0.06847230844079671,0.010163412470605175,0.026235403946853118,0.09481384561437864,0.03414885418103657,0.024973487057882823,0.06108969738368422,0.00011520619982462212,0.18461446720480282,0.05651071374193717,0.013320854332402796,0.019224941342845824,0.19515571773013093,0.023651653058698607,0.01679869126982581
2070,0.13808644469226938,0.10602469236113851,0.023325246376483214,0.04451429456004365,0.44618072896867217,0.12143530000771,0.0894400342301556,0.44364321134861334,0.06593953985633155,0.06922870841810772,0.020804233356329332,0.04068962941391078,0.1242400752169619,0.031131098455717335,0.024228265199741132,0.0812370364864043,0.00028503973281124035,0.16061195072941825,0.06665816148083817,0.008875073449977346,0.07562973639910422,0.20165311905925448,0.03085779531628773,0.020927172086886728
2071,0.22474056794605668,0.11343038417198065,0.02339563853773484,0.04722102022334896,0.283586083874889,0.12280901652169207,0.09404786512550352,0.509872728705544,0.06305526816589249,0.06525585766193895,0.020812851921364475,0.05945251039174575,0.09884008327225036,0.02683800846396898,0.024935182688112515,0.06555100948044396,2.188183807439825e-05,0.16239037097325043,0.08719643287381071,0.008780526717690888,0.021205142604738353,0.21804307234083964,0.3698899651333944,0.019486545747869136
2074,0.18235532739459132,0.11128218227178455,0.024270461764322113,0.03624801863760533,0.3989070039175712,0.13136098720421063,0.10095426072484884,0.4966965164046722,0.06421040013190021,0.06453046500949279,0.020064150261040282,0.038519043702390954,0.11011192408145322,0.032249616478230214,0.025479538919700877,0.06196812192249673,0.0001244595272075542,0.19549466272074598,0.05701246896497729,0.013527798575708771,0.042735940661046384,0.23966321177725175,0.16564535455224416,0.0205628890081365
2078,0.20737884553737654,0.12092217571328778,0.021956492618163393,0.08429170030887248,0.3367968554098483,0.3394932354990117,0.082181720628044,0.4837387809205607,0.06312775321815821,0.06395713823877512,0.032889988503891014,0.031866944016041836,0.09059786935950014,0.02838564448255214,0.02403462041929142,0.06254570797157308,0.00096945321243814,0.15331746989606918,0.06281751726315371,0.02231165506468685,0.02070351070595072,0.27993824646940085,0.03459998755597162,0.08745635211249328
2079,0.12655207811976907,0.08970271571583792,0.022935239388383773,0.040936456676132764,0.3400479011704685,0.25907853720778956,0.10606555438397441,0.4772987419782798,0.06366442919141453,0.06305076797473323,0.01721331604741908,0.027263757905637603,0.08880096586550586,0.033365411168366305,0.028541734615786286,0.12446790585037397,0.0004830545861123123,0.3297005922300609,0.05663530534041895,0.01394293505148406,0.022459095994992042,0.28591643469825884,0.031940168157665504,0.02097420838551156
2082,0.15866464005718256,0.20317071671559464,0.0428619557045081,0.03382444707685037,0.38107233365075954,0.1315913505666165,0.054224626480959416,0.5125814471691283,0.0748182609329438,0.0769084698695325,0.011405389179034721,0.03355389555953801,0.1138387992812469,0.02388392995010772,0.024985451889081446,0.06667397021346891,0.0,0.18479669299714105,0.07200475738911491,0.008914316327873767,0.021033717497843014,0.2161434328871089,0.08503527341139361,0.04638940855731736
2090,0.13945825366568781,0.10073825834429462,0.028523972463727544,0.0350179010312856,0.3870465499380349,0.13172966471947598,0.051668960181161294,0.44285868076347973,0.06406561896015395,0.06677524108380806,0.010233972505383371,0.026942614728113958,0.0953217211038078,0.02896475116541963,0.024569601709546727,0.06457540917620165,0.0,0.1553936092520206,0.06358415237982623,0.005352040722253897,0.04095772435080578,0.20675410639333422,0.02440598878975486,0.019107454279767934
2092,0.16895667178161755,0.10157760097460207,0.025475638227540155,0.06829036141565913,0.33822845934908763,0.19227713797917662,0.11898145323495783,0.4706367589167907,0.06524612366381405,0.08133076845079587,0.014015842435455773,0.032325568015812774,0.22009744494634087,0.028438008563815665,0.024246061197144585,0.09333233401024955,0.000938061175306367,0.1936138537756241,0.09005751674262315,0.00801708930720613,0.019841367335598267,0.322943443469418,0.03373123167388495,0.01726843310459239
2096,0.1084499574839355,0.08710187282115697,0.03331905922056937,0.03349954372769959,0.37238897824574946,0.1265103380570058,0.027075445673079544,0.5812558950605782,0.08744093542570833,0.06538789366343306,0.022479789092715054,0.0216945372293103,0.13792221417799624,0.02514758609816176,0.024662159249952745,0.07199500070167195,0.01,0.23816805639397515,0.05125588114326073,0.00996848379754197,0.018151973793178715,0.20863740872781317,0.03042908197161156,0.01799330566123412
2097,0.16407634119989056,0.14478215197613048,0.028512052407337646,0.03382249080350787,0.4273992460778205,0.13215848256699467,0.03628619634620897,0.49325291522595294,0.10073883197973321,0.06917651554096488,0.012267013948485452,0.023771303792024162,0.08822352018206717,0.031419655805046194,0.02602318953545462,0.08564305435808243,0.0,0.18357971770391132,0.058595628650874795,0.004235812151149228,0.01991891661838636,0.2234106385088421,0.02326389944780484,0.030387875400624428
2100,0.1304448068446133,0.0991122301586465,0.02224005313750278,0.031284186742061376,0.4554062549266817,0.1262378649861243,0.027154778525800807,0.5112382244105635,0.07028468936099112,0.06458190090525245,0.010625190749683558,0.025080914321512732,0.0868368779776833,0.02632839334695953,0.028174122651638354,0.0678711938776657,0.0,0.26176929525944315,0.056967038353401375,0.0686028496875732,0.020235844389403835,0.22411986112993312,0.057631244163516886,0.019677291139774053
2101,0.1605913525854557,0.11920100946926723,0.020593137448905844,0.04270080579036544,0.3215740936040553,0.1538208977787923,0.04591191175714267,0.49437902261741257,0.11446573299196876,0.07725027583113292,0.023353629649927408,0.02635724617893565,0.15330674056472163,0.03068851548164925,0.024628303447838618,0.07408356048879199,0.0,0.24632154705135373,0.06784986046178385,0.014937454276356567,0.018113355008481814,0.27955245915279403,0.04742913399020839,0.01911356181987741
2105,0.20118457072555285,0.10791498771184617,0.022397139177821886,0.03182931806494957,0.4567337040890994,0.3907555809739031,0.00786510800603583,0.6658968779695199,0.0748579618322185,0.07394638059745041,0.032186389672438934,0.02279974778653774,0.06961345015028769,0.022307693388935047,0.03852212295225439,0.06668758073654417,0.0,0.310837015244837,0.06762306471707602,0.032487863570128055,0.08950210383009242,0.23343296744887812,0.03895933432680147,0.018411526882338592
2106,0.10305004575061386,0.08311610804384979,0.05670002012023044,0.04484039755297391,0.4162027290892059,0.16735678100228324,0.0177232368707408,0.5174759160356969,0.07944407290106334,0.06726006665612089,0.014677787835567701,0.030887687317482596,0.09441514175751664,0.022068983869208886,0.030334745062242846,0.13928391741994853,0.010048006045061415,0.332066405365702,0.048117030513841044,0.005829303738057285,0.0280715782433214,0.28752350627274437,0.02112947171931959,0.017382648839433266
2113,0.12392790830821186,0.09398851218102665,0.02233424293175821,0.04086915417795114,0.3998058563349649,0.1269477150669453,0.05629206198273474,0.5342992844873163,0.06379389519790435,0.06453046500949279,0.010403314870423041,0.029231867522124297,0.10012933323158604,0.03159535509709846,0.023998781652130777,0.06304097838357438,0.00011316645096120458,0.1697479422376345,0.07620565485725479,0.011742612133794038,0.019901243765063036,0.2032389836395895,0.023892423017938556,0.022305352500727942
2116,0.14418884321358616,0.1030791492478956,0.022888657013249835,0.03762719853552396,0.5725607598009951,0.1297712770439854,0.030205180875679208,0.46729143883733754,0.07300470137085138,0.06745234283825069,0.012093520092310163,0.02785969858163344,0.09764282184204526,0.07179241656432285,0.06374354972684482,0.07214796800360897,0.0,0.26785299476535496,0.06021087784229492,0.016898504169619716,0.03350526159399354,0.20225046322869367,0.024081381379341932,0.021103323173916885
2120,0.1232712364986493,0.09260143138342118,0.033377340972014787,0.05487631614303087,0.34609445009577106,0.12470184360054462,0.47186197376091266,0.40412304901415597,0.06445179240440808,0.06402544783573327,0.010270634184903826,0.046090305640720496,0.08261623940344757,0.21313113409525283,0.02389698161698458,0.06146337018645518,0.002502169918862836,0.14465551299286533,0.05861679206867515,0.01662760268513515,0.03499998326349061,0.18988258310289596,0.023769327441854275,0.018448931472823935
2125,0.1217247686950105,0.09170170990749509,0.022932637834729114,0.037457885080756634,0.43975085431342786,0.13320993155597718,0.017666352768130358,0.5812133928754246,0.06396508124333848,0.06400118427749145,0.01161223742663626,0.024336049088017578,0.07707195669300247,0.03553915753127571,0.028539624234416135,0.06390275732858833,0.0,0.19659046615191564,0.056615543649864264,0.005288261227089043,0.01895730602932986,0.20803290790552528,0.023970909932468105,0.018937242847578018
2130,0.1764112638406608,0.14368740924028908,0.03843391025264513,0.040602208238930564,0.37270477747326725,0.228857905135347,0.024526671494100042,0.7151783533480135,0.12288326603114152,0.1214852052494126,0.08851195241738281,0.07295759627559165,0.06659293369119221,0.037532923054673394,0.02642251125735573,0.1034575462611085,0.0,0.3264610342787669,0.07024017890905732,0.03237289161273514,0.037540102307394366,0.24269362407088135,0.04511109151866226,0.06514150813726491
2136,0.13012109475117004,0.08482420693910202,0.029860454471617212,0.03837516865759035,0.42381096687112035,0.1297314766947664,0.02366616439536118,0.5882393032850178,0.07003406705433284,0.06505107902820598,0.021921599429106205,0.023459692742321684,0.09094367809051648,0.026577717967438585,0.034653644233144126,0.08507530822144936,0.0,0.2759305034671932,0.047870679646196165,0.003533215021024363,0.03351109101817858,0.1893074193651327,0.029495381045174164,0.015307457145643634
2137,0.10721459784458175,0.10063986941500992,0.01886326163507818,0.04871513459380974,0.4130269323064596,0.11878068941552272,0.01169253951914381,0.6421849007324711,0.06882484505433392,0.09431123143001933,0.03278322971396289,0.10171263575670583,0.09853541760039944,0.09924140865769322,0.04389288961232731,0.11113666588086323,0.0,0.47229684561370205,0.06990330767206272,0.010940941282299459,0.01628218571469513,0.19536558329768097,0.03919852669740489,0.016516225592815424
2139,0.10964919863368959,0.12131969854278038,0.020085939347473603,0.029889731582357894,0.31620343100905673,0.1385049766375936,0.010737773941991444,0.5235492916932237,0.09283528515232917,0.0775293703306473,0.02156876277048425,0.025191787100078095,0.1921993565737989,0.02193045785571647,0.02639269522534323,0.10309951576957598,0.0,0.2548189927305624,0.07833216828994541,0.01335420244923042,0.016293317793401502,0.27192230897354797,0.020739293686915072,0.01953340330575414
2141,0.11935974225634473,0.0959515713963045,0.025522389896075737,0.050004085797634226,0.3758279458898025,0.12814804560054235,0.404612495038713,0.3279014544549205,0.06452188674221475,0.06376276639529671,0.010192636436403437,0.02962392037162124,0.08968750878637581,0.042572480570960435,0.024512596718192434,0.06074667470112271,0.004770983960371183,0.15157337311421742,0.05793164224599285,0.015518621665439021,0.02095642366896082,0.1801475756570076,0.02427314226886875,0.018876281524739382
2143,0.1802986897580563,0.10917289827857529,0.02254476311009681,0.038078906984574966,0.40946980181302445,0.26978420568729533,0.007544224782280115,0.522084010975515,0.06326200075044888,0.06759212408608266,0.011490915237909474,0.020012804855307157,0.08282959643567246,0.04103174735502219,0.02337307904616208,0.0733345038093069,2.1551724137931033e-05,0.2567544652032444,0.05586083760860916,0.02466047476638758,0.023139053705688785,0.23650586913701951,0.031696875817243425,0.07958016539998404
2151,0.13683748014704325,0.10987133483219136,0.022274492794510086,0.028926733419390237,0.4288452579544667,0.1293877530224327,0.017668334263491195,0.5117283745967866,0.06270562413319335,0.06455670924393815,0.013155062478042389,0.02300104650510268,0.10180669289464764,0.024776133520113368,0.02711907891858914,0.07199534985472138,3.766478342749529e-05,0.18781745890468407,0.05615702809145445,0.008074065106955838,0.020190894370249065,0.22115374587562273,0.03534435488057517,0.02893977648832733
2156,0.1123778081948287,0.07995515013193627,0.023146004494636392,0.054987973326009645,0.37359484979520685,0.12786679198991968,0.11491951079704049,0.5436656533929832,0.0618888715439616,0.0761869826851011,0.01003925072746217,0.02768454052725964,0.08362816343324432,0.037928187380568704,0.024565501802912455,0.060676620243101935,0.0001713079793963185,0.19308536177485727,0.053437474950316484,0.010034039399218465,0.02248814709205495,0.19258612148262802,0.022189810901878326,0.018041777480600634
2158,0.1528482586177449,0.11761153280906227,0.02599581771261339,0.034117805435880916,0.4032176770625917,0.1508202861257942,0.03798355799171418,0.4916504668709027,0.0761649386526101,0.06476970798934638,0.011527783986166374,0.028372672189602134,0.09728410980844326,0.02704058568286132,0.0259536285719628,0.06179395870088454,0.0,0.1615751095295878,0.06235224429590567,0.008862885748946945,0.02060934316223049,0.20621320563763765,0.08053102153635085,0.030820275228335775
2159,0.09364912092391903,0.08504716804708146,0.019555198738004216,0.08422510895606168,0.3905003902381857,0.11950691427583647,0.029344046891806884,0.5232491717690032,0.06679465880455057,0.09487394302359764,0.011081969922717197,0.04399179817007492,0.1427304775719507,0.027810577935549217,0.025808121976461873,0.06625258472178784,0.0,0.33066351799633786,0.047072587645332405,0.004454581364471328,0.07596809032746334,0.1977016851277967,0.019546468349978082,0.028820163619750466
2160,0.16910271148970754,0.08820832136080008,0.02331599111253472,0.03342635174156955,0.4958639984863116,0.18477079539430505,0.0290038194820438,0.47404985269337224,0.06453084623784816,0.06254561146888356,0.01177283285317425,0.026299291139995483,0.08166754041613081,0.06133917171420638,0.0472675144246719,0.06172582730747493,0.0,0.3247978539811937,0.0543264310483603,0.0049768803423299755,0.028573835362411273,0.21947785362007546,0.02302728316596325,0.018242860059377156
2162,0.14703688214211832,0.10788301934861433,0.02382505631414687,0.038130675373625134,0.383487400398911,0.13783222887109836,0.11211284087799982,0.42836569785713396,0.06358455906091902,0.06929616328592782,0.010411082855128404,0.027634261549528385,0.112381158425352,0.03265333649508979,0.025579966654096512,0.10169209211972613,0.0002020620182545784,0.14991581369577361,0.07478702159490996,0.015050460420428341,0.019598776011570538,0.24104046855128658,0.02431973990943813,0.01935488806181169
2169,0.15182654069352433,0.11016361812608486,0.03295050740237009,0.032559259277263386,0.42437628303145175,0.1270109614036147,0.03372716045123838,0.5006267482697705,0.06678685220236845,0.06669141815982269,0.011031215434647652,0.03142708368876635,0.09705633505951175,0.026156845489872186,0.023991362585917376,0.06588549609210378,6.434709174964182e-05,0.1863766489007941,0.07583614870055638,0.010259472021654671,0.19739262016956932,0.20890796025139038,0.03379031323917451,0.021089119931743772
2171,0.135932988975506,0.10118442093926194,0.0280958379822515,0.031746440521559005,0.4007726043096392,0.12470805499641158,0.03128378779634841,0.4399512610777021,0.08247036933610744,0.06450189861268509,0.01190326429947194,0.03989012913444763,0.12266986500747498,0.025794431516572337,0.024814319002114286,0.06236978786155532,0.0,0.17751509717390362,0.18891593684939006,0.0082135083207886,0.025887922631825076,0.21843581871169018,0.1484636259783669,0.0192399339970193
2172,0.13383620808769478,0.11293476178187266,0.03002192704458287,0.04247117139587612,0.4691293235729575,0.12026665537910503,0.01217766634947276,0.5480660262307895,0.0734550807454489,0.10269767439569712,0.032374909162770124,0.023115671898094284,0.06602936522802937,0.0287846076937839,0.02583920769214597,0.09301979609692705,0.0,0.2964359463849129,0.08276788342376859,0.011778229151210866,0.030522089693940567,0.21954282800236086,0.03233235550884293,0.024456080192646015
2179,0.1286557931028213,0.08436980691316308,0.023094589327157574,0.03790093751119248,0.3883424172955533,0.12829200978247737,0.04665581858365598,0.46126013472990446,0.06376663705350814,0.06453046500949279,0.01003925072746217,0.02794909869284671,0.09167403251400709,0.02986362553564062,0.025544589911753405,0.061156342487610205,1.5037593984962407e-05,0.2935577783619073,0.054793621388231815,0.014634447975881924,0.01771883260723658,0.21012910504157978,0.050657803135330415,0.017746502258385605
2180,0.13238039776258026,0.09493174561406499,0.022877365496205525,0.031481074539761726,0.4564848950923875,0.19497836315380376,0.027390734069211654,0.4909754379808623,0.07937259965228777,0.06409128774700784,0.010829776129410704,0.025498307748239236,0.09102168996468973,0.033214607410931754,0.02496667867757234,0.06329164752496069,7.950578761159571e-05,0.19233441047379304,0.05965126277746666,0.00804822882785353,0.0258681173837586,0.2086403978662162,0.022596681467007485,0.018943935638625172
2188,0.11156176071729586,0.085780610995831,0.018320834059020633,0.026678501607393316,0.5807794461012711,0.12839395244858057,0.008781612860703987,0.5346751373544067,0.09859558679445875,0.06742492879688883,0.012013249594620684,0.020462437609379804,0.09041290962371126,0.024025539532935007,0.043839816867102366,0.08829485456493431,0.0,0.47378356783090114,0.048786548212894874,0.012990145896167487,0.01841902006805257,0.202477141165907,0.02177127143384696,0.028440500197507945
2190,0.08630244955414008,0.20314132270784038,0.07572251312083153,0.029362420297300188,0.4377881826614377,0.13541544363131924,0.03755194524465756,0.5566585724797947,0.08325309005817383,0.1914115427008332,0.014886029171307541,0.14149052249122215,0.08858117428926846,0.16144892787134055,0.09739179231775344,0.16093704012762405,0.0,0.39158639327995787,0.09419209583197055,0.011368959185499372,0.03758301908745418,0.1783968821448169,0.061913406891772105,0.057779701963670396
2192,0.22630193221421027,0.276023640440941,0.019694220858707357,0.03958047807268417,0.39184569279557235,0.13666263152479383,0.029854877517220924,0.4715512989295917,0.08671803526472997,0.08133910466573142,0.011161656690775623,0.04442384975682097,0.21014759329783364,0.023635442348590455,0.023695850303816605,0.09209908735506545,3.766478342749529e-05,0.18418977743642892,0.15954359619829728,0.015638192978103253,0.020710879105937993,0.24082011878839982,0.023637104312604813,0.01848075775631545
2193,0.191629423985254,0.16883167606393518,0.03525536881999646,0.02752084346289133,0.3339093211969209,0.19085831149468307,0.012375696269512002,0.4195745596597574,0.08968882549856616,0.17574130194428472,0.02432896176648536,0.024572984418378217,0.21860676203187737,0.029803849130993453,0.07705206760508712,0.08873485935968428,0.0,0.24373664571081619,0.13697732346759517,0.0019860380739443358,0.01962117030071643,0.36909262423352684,0.02508737499869518,0.021740393563527437
2196,0.16022682448929246,0.1270140340227646,0.0337663588443175,0.06544895371660316,0.365493032204131,0.1220781764826965,0.07565488013524356,0.4948785559091435,0.06390832150110336,0.06423385817482083,0.011692361772569538,0.030553329666832663,0.08757848458983382,0.31536233410279146,0.07581852049009345,0.06325990373817512,0.0,0.147982442524358,0.08244263987591147,0.004590904609060195,0.0447348382973139,0.20391549899467662,0.03556682958179579,0.026739006308351944
2198,0.2347916358944748,0.09872079304999064,0.021213318766923325,0.02810103360240327,0.31594033180047915,0.4580534239882206,0.021266929934097102,0.4831577828316835,0.06142298344398148,0.06508860152205176,0.02810551418444023,0.023164528301661345,0.1490909214188041,0.02065391998714873,0.023379450830048297,0.2570761748336073,0.0,0.1831033429823127,0.07688795581474296,0.004428057518212197,0.019965850340418798,0.6581386353642528,0.023387416666940296,0.021423313586796146
2200,0.14293137205606463,0.15509755616098184,0.03335203713207582,0.03402478293577418,0.34503788557148996,0.2957594322904216,0.015686293440697018,0.48335985232852996,0.09568336375385007,0.08717003936480307,0.013454579295610716,0.026847660415213376,0.08851180884073818,0.023127548999412117,0.023103131070457278,0.07396134262796114,0.0,0.2094537022128337,0.25227988127814016,0.02676738377797685,0.019601047673510695,0.2529040370738343,0.0674329355500356,0.07193335361315402
2203,0.10442457530875351,0.09172390319845648,0.02041083084511115,0.03385897703182825,0.44962545700668133,0.1171478750827982,0.05036235215602887,0.6145961484611884,0.07005711303274116,0.06914696943098245,0.011203288954972395,0.02462605378722422,0.08285086544160963,0.038740330197534735,0.027596262108999525,0.08115188700602013,0.01,0.33168279653176064,0.052528485354334575,0.010714818888243787,0.06517999882130919,0.15907576843736493,0.024050345241531365,0.01730341580117361
2204,0.17843949012011645,0.12541373178420512,0.016859905707305993,0.04260575629852918,0.4788311224512207,0.1435603342595098,0.0476142637460053,0.7002462288687396,0.08470900474180937,0.06484287447263755,0.06658200439220303,0.036655407322008164,0.08287873634996132,0.07443726800986977,0.08410853304588364,0.08417291538704884,0.0,0.4068996955848285,0.08154470121988754,0.0011180784116154344,0.05659934129152391,0.1997971314817947,0.12652793344945348,0.02813170858726123
2205,0.14354389818496735,0.11007261638067396,0.01848355231039177,0.03804097345935114,0.3866319087933469,0.14958727619635293,0.04880299379834683,0.5223130596155321,0.07907490025079018,0.10332082541387724,0.06352378290393215,0.023775900988474343,0.10671416107444416,0.03228527524780899,0.03308186241263418,0.07850521095713925,0.0,0.19615940445494295,0.062109747396930155,0.0019920195150332927,0.018401869742352254,0.2108270511902327,0.028078105867048796,0.017638246830190506
2207,0.209551705618464,0.13474942437465304,0.039257965112364644,0.028607769475535862,0.28180321131054864,0.18364131300536626,0.016651890133160718,0.48352015968121875,0.07270389585245686,0.06855372711544434,0.014484866444541937,0.051260093108996235,0.21058222935243126,0.03285679253716095,0.028079518668973374,0.09572234767917989,0.0,0.23965900720697675,0.26279199460063746,0.0030478381141609435,0.022207501388435552,0.3090024939997984,0.03996129479504633,0.019845473217968333
2219,0.13720537631573837,0.10759151417371901,0.02388739011294251,0.028597021892242117,0.45752060668311256,0.12898590167074026,0.0303596321937706,0.4740668068680572,0.101168530586868,0.1122472654497641,0.011741856043475343,0.025003373480551833,0.09393737268251735,0.08976931840424013,0.027477151551140288,0.0721149490689506,0.001590275009964129,0.28156883639960073,0.05979524771897227,0.0038464876155256573,0.020733456816597585,0.22740180802086768,0.02378482683446246,0.01701535056893559
2222,0.13829738562661797,0.10325930356543234,0.02159688905528965,0.029957122163175205,0.4484807122142189,0.13030881118585907,0.01597332463340298,0.5738785740341468,0.07184875233969237,0.06784201920211992,0.01351000208447415,0.024080297375992342,0.07608670189605164,0.033164307151999015,0.027255169755380816,0.06873000254677289,0.0005263157894736842,0.18258706656920154,0.060473681801359896,0.005016828286851796,0.032090229280500024,0.21430494360599578,0.03526843724540081,0.019092462874282835
2224,0.156823723649396,0.10670960903862853,0.02271114184976254,0.028133355370014056,0.3990550014013556,0.12813483419564634,0.02209937961949622,0.46890762066655833,0.06557401460159983,0.0684202430320995,0.016172706067493752,0.046808445991458295,0.13104453394915938,0.04029095458981674,0.03427435642831185,0.062491601593187306,1.447178002894356e-05,0.21905026488849916,0.08141220054828237,0.006848211410339076,0.01997206893377765,0.21362063207970816,0.024305689002937822,0.019688546241256585
2235,0.1300248107416906,0.09882467163066519,0.021300097120774276,0.036655307869414046,0.3209755693497749,0.12541732894955196,0.06018101442022867,0.526084190865795,0.06378898425243162,0.07783776327292084,0.010885551545736161,0.027170991198031024,0.10763790905120432,0.028931841742811285,0.023943639634765125,0.0685860841614426,1.034126163391934e-05,0.1822756590821311,0.05781810499747303,0.006347787537136578,0.018724649978518488,0.20802350695564578,0.024276449397365882,0.018264200355036304
2242,0.15150648920395088,0.09129195171791092,0.03273097625782349,0.04305090175307221,0.5119360804690029,0.12792709180974704,0.04177578754205479,0.4749027941155524,0.06484990309715347,0.09452592230146215,0.010250156134173518,0.025608852099040704,0.0870016323446422,0.11222243717070082,0.02627378982407128,0.06287078934701652,4.1841004184100415e-05,0.22762733614299133,0.06714160914800042,0.01780661661310957,0.02225431916076457,0.20375038606101303,0.022461787101484356,0.024458464282237125
2243,0.28339891865914824,0.18034504288304892,0.04030921348674819,0.06480835170884632,0.30052495924148925,0.3549481249189381,0.07476133655843645,0.4772141779858142,0.09572642647059493,0.08319634917277006,0.042842062841222245,0.03667130194011289,0.0978349200937419,0.04303902534205033,0.036892142647391914,0.2041781332271752,0.0,0.14626456347342126,0.09943913939971898,0.0032047078674183795,0.04561201266371603,0.34807795534136327,0.06453526157395889,0.057602605127062306
2247,0.15433539809784294,0.10388164977786975,0.024406332691585365,0.028477474231082017,0.41063583271394644,0.3151029305818422,0.041117926500955033,0.5460331170095042,0.06529573662952565,0.061838987925475236,0.012661105964429785,0.024514846890517243,0.07828149202953252,0.02331022544875059,0.023880765106777755,0.07929569146751098,0.0,0.20130524250463452,0.060092855327133536,0.0033515068786453485,0.05717546248522917,0.2590468152338852,0.044017266038951515,0.02302725501768659
2255,0.15265549879170837,0.14955340531891326,0.01994566136949343,0.08427430540905569,0.3105773581672944,0.3260583355576251,0.09105460214673271,0.5410053007685194,0.05965898703261169,0.11735783088743505,0.036423786204306446,0.05264937768958701,0.08516432795589841,0.030018111960342778,0.025240895167742937,0.16336385812335208,0.0,0.23335527085093935,0.056230897955724314,0.01355449486229446,0.026131787421932954,0.3001384513201717,0.033356884177512126,0.02705740462607433
2257,0.19708909490678372,0.15769903755875134,0.08124550914183967,0.08677255160368778,0.3260303638295162,0.2352257733771919,0.03164552932783441,0.6091007624058691,0.13061936826527348,0.13206035458172072,0.0653289891483152,0.05796027896698248,0.14066971527925748,0.039446594472927574,0.039357495449399066,0.1573530320933948,0.0,0.27499961715100857,0.10267976000809224,0.013554387539068988,0.018310761104730112,0.31981045211990083,0.0592232771006435,0.07393438740156505
2261,0.15095378052149175,0.09734256200796537,0.034253808025598256,0.05471102867500204,0.3784330778342943,0.1250956699168574,0.12357087939543841,0.4526763093669615,0.06434998049802265,0.06337937314542276,0.01014344541522531,0.031528594500835394,0.09401487802306646,0.03417848819437362,0.024512596718192434,0.06052535247925379,0.0002707257853202512,0.14424261787480497,0.06326182946308237,0.016226550716941464,0.022001700223047947,0.19235815690947003,0.024169430710380167,0.018456001384731587
2265,0.14080739558878858,0.09642365643780913,0.021663240701239383,0.041588566663499436,0.3675745644401722,0.1336900380015474,0.027219572618134,0.5231414425092921,0.061923116083128414,0.08410557302445891,0.022527328522593697,0.02790024062733689,0.09458237075331072,0.025830459908214913,0.02476560529467816,0.06287619161444623,1.034126163391934e-05,0.16470756064255862,0.0630842579083508,0.008309817825162246,0.03634643519913249,0.20840871729711286,0.045863398399070714,0.018230939742263728
2274,0.14853444478184477,0.1079503056527143,0.022470850859339527,0.12124158729613263,0.33050533745949634,0.13259001281585936,0.053729264584440724,0.5163317722730343,0.07157616329189119,0.0664337464392337,0.020070403558651556,0.03342770652676581,0.09481960125055416,0.03942399469571055,0.03376189152850899,0.0669459993955134,6.685106548755308e-05,0.1609126261599791,0.05838628326636948,0.009485808725617722,0.01968549004050104,0.24491137100694307,0.024967917629960125,0.02398204667518454
2277,0.18230860919352967,0.14399610499408763,0.018574722285444645,0.030248840485123486,0.3604194670628217,0.17317819059567088,0.02584366638794983,0.44931918404604265,0.11488295551707338,0.10237117110599454,0.02487517012287548,0.02224687865681526,0.31058860665865473,0.032820993501594536,0.028782953274243545,0.1251117300208107,0.0,0.2061913225583777,0.1272775493361241,0.0015437727119239333,0.13025272997426582,0.3440172579161505,0.03532275313473434,0.027160087971784173
2278,0.07777481428277,0.1129316487127614,0.025304153190375725,0.06699486214183518,0.4406614037553934,0.19686328680355478,0.04048660433701187,0.6485475099296287,0.07019307490748233,0.10240359573477445,0.020966864059267933,0.027942415428991008,0.07564988230166657,0.04261001056023653,0.03737072290591915,0.0988742325378593,0.0,0.4298354297753593,0.0829208309221826,0.0011022293011015633,0.04227149987739323,0.22021867370629114,0.043127613446214116,0.02405726651151265
2279,0.12326490172338572,0.08772054851989954,0.023889612609782455,0.045208391649362134,0.37208636358024694,0.12814804560054235,0.44154156990964305,0.31801695063485913,0.06406561896015395,0.06453046500949279,0.01003925072746217,0.029774026160051023,0.0919901186873129,0.04909167120829066,0.024512596718192434,0.06103207115286157,0.006746037522773565,0.13947709272687883,0.05861679206867515,0.015489071952243432,0.020691628242387947,0.19442649402147374,0.023971044095470594,0.018679284256983286
2282,0.1728944968896678,0.19115491160751347,0.022620590550804152,0.035587770607758105,0.3578425510888774,0.1730887507914128,0.022692871964676942,0.44410616929345814,0.06839380751742909,0.17140989242216131,0.027664134406642518,0.029515370622947137,0.13338152622373461,0.03377755564512162,0.023622989524332887,0.08076137975854693,0.0,0.1508750420289259,0.21883596145244308,0.009347566759368563,0.020351569281054544,0.28337027087772054,0.028592892359160852,0.01816197963003372
2285,0.26679071740001087,0.11567911971368425,0.022788513868958214,0.031909917384340854,0.3536803318206696,0.18371746823310198,0.03334091297574813,0.4698638156529952,0.06604958438725748,0.06394244265631611,0.011001993867146245,0.06730749422643428,0.08180820359370922,0.024725206132587395,0.02564650888659533,0.06464422728752395,1.034126163391934e-05,0.2582201152254174,0.0648236894279569,0.006351020834169345,0.02202174088108881,0.22278903956023988,0.27548151644577934,0.02963489280945665
2289,0.13281019687105874,0.09390154381413118,0.02337562701965972,0.03763466207765517,0.31963234930409307,0.12997124054211248,0.03474269091302904,0.5578403862246983,0.06350891384122569,0.06518897367657864,0.011142021662926514,0.04095007710290741,0.07891065997765846,0.02638295409363481,0.02396381378138707,0.06556391394592677,0.0002449963656905737,0.1608694642237964,0.058129373067199196,0.009641331685063264,0.020538450087655976,0.20990377875719513,0.1793058201357346,0.019335416482351844
2293,0.2953905277304894,0.19261722944224424,0.0237080798373835,0.03795488938140193,0.3235128223566146,0.12721263770422211,0.060189578319580016,0.472300658985526,0.08352120391220617,0.0652773615554972,0.01180869752994294,0.02694276720143193,0.10972772231545537,0.037343115637151876,0.0633981711648011,0.08776807642991204,0.0,0.15761849719940288,0.06749663985201479,0.012676913155001902,0.030545586513320632,0.23987154235845654,0.09395328461238893,0.02053523352973334
2297,0.12544266432523973,0.10487592927944762,0.023027580806199262,0.045574469799003856,0.39119904472252764,0.1431743175418094,0.06143929479421713,0.519394379628041,0.06235998089953457,0.06608476217341903,0.010791508281997994,0.026420628586413336,0.0849140598098662,0.030326555116434086,0.03015417335949321,0.07032251484411653,0.0,0.22012897344584584,0.05514112909280795,0.011022400100152558,0.019101076386161025,0.20830242993054926,0.025803432344859843,0.01879385985856331
2307,0.1285016136359377,0.08751438933356828,0.02410517299563446,0.057873181046656626,0.3747362848245941,0.12814804560054235,0.15125138454513784,0.4509006349780964,0.06406561896015395,0.06376276639529671,0.01014344541522531,0.029624904670646424,0.08988436708089052,0.03568504848561609,0.024512596718192434,0.06074667470112271,0.00022194753870258263,0.14519547310411043,0.05861679206867515,0.01666930469496309,0.022239198684887062,0.19235815690947003,0.024434789306050333,0.018542244649867298
2309,0.0984633260098958,0.1224263926324923,0.02129536404408981,0.06351944167760848,0.31053416036541065,0.12185681830176116,0.045310996476110386,0.6267877743064286,0.06127870311088089,0.10526148637010171,0.010690222146890234,0.035312189422737304,0.09508654286961157,0.03263236417779132,0.025258026791019246,0.0689239980969985,0.0,0.2962803906851908,0.05087080763505721,0.005401060425803706,0.016163590276185406,0.22058576551047535,0.024221752415193108,0.027402280347340394
2322,0.2072329911468751,0.14346517853536453,0.024696792025165237,0.038361390385848106,0.2651088659886532,0.13985000633139655,0.05234134596934041,0.48827688602516306,0.06355013881613816,0.06746005205252331,0.015202502633808608,0.05494425961992215,0.09175599799290031,0.02510818318488113,0.024241738592695766,0.07671109317434667,2.5378855618881745e-05,0.14864602381440226,0.10539822992243308,0.00870544373738128,0.029970251260166624,0.22941947204566177,0.10781612380171374,0.03195194064304689
2324,0.09334754252299848,0.1213700056940693,0.01597060361609773,0.02553386148770354,0.42281914022426453,0.11775299308514847,0.007993277690263699,0.6807814159240394,0.08928214710357085,0.067738799113846,0.02220939487964502,0.020026607086086258,0.07600343516342122,0.059271383091202265,0.03710877829455823,0.10048704740750049,0.0,0.5124440584009662,0.05939310815284786,0.001026837771623949,0.03684436805950248,0.187149384338407,0.019722794043185353,0.01718155324579342
2326,0.19476482879198911,0.10459144068415493,0.035801870113340045,0.048583179367422916,0.3199780671077779,0.15112188983890937,0.05701971878399987,0.4012354069085057,0.08514269203838604,0.07278468604089727,0.01235288146556212,0.02822539160353427,0.21529080558893338,0.024383591785233198,0.027914561233357334,0.11714035292916863,0.0,0.17252215438485627,0.11894188765138715,0.007119338499562085,0.01957600424907157,0.27762505501137363,0.04067075042345552,0.019458809818416724
2327,0.23566863258284795,0.1947702446661781,0.022631106111625967,0.03897412813302775,0.3047025921588895,0.12405919763349756,0.09156385624665217,0.461544031987353,0.06484397207885054,0.08416905673764555,0.020189830515980473,0.04331638417506496,0.15216088387424243,0.02776127074704125,0.024512596718192434,0.07370780218080848,2.4813041662862895e-05,0.1528928797615963,0.14166593188212906,0.008067041856133968,0.02035657756641356,0.22677543161417027,0.1798233229641697,0.01846762841466069
2336,0.1117074686388003,0.08556566419815391,0.02719870516450388,0.055551242306578465,0.3724841751596688,0.12025210016987571,0.07476568265684799,0.5433030439907206,0.06394125632652005,0.07553562307071605,0.010335313543541492,0.03133205391941758,0.08908656547259033,0.029428833192031056,0.024512596718192434,0.06103207115286157,0.001815710552012047,0.2194740980924119,0.06168587417800638,0.011577306217030488,0.020720089803881882,0.19305179187734103,0.024801825099394405,0.01856512499534583
2341,0.11692785695290965,0.09682705036763706,0.022897825701361684,0.03564618605639294,0.4116660075267911,0.2924849309995345,0.03288920450607197,0.5072787838077363,0.06370705877738522,0.07689751002013483,0.010514652565950635,0.02374409147535502,0.08459810203578598,0.03963261068343712,0.03001211426327723,0.19228118857836962,1.447178002894356e-05,0.2338654819837448,0.0491562942126192,0.01047392380595772,0.026006188070938737,0.3014559229551433,0.021056593282376225,0.018190242330758905
2343,0.16166686363869673,0.09883761498741869,0.021225244403398538,0.04462039234094447,0.3965272571346027,0.12667840234126776,0.051970236178579786,0.5363021610667971,0.060425937497651586,0.07954233299837425,0.013764910562655948,0.02639226875188445,0.09639401387999699,0.02466659809247456,0.03344893788447636,0.08425158548828009,0.0,0.2213189762585964,0.07122341061345741,0.006327367489045692,0.020876007709519476,0.20316068103203097,0.025227037517665273,0.021873118249273574
2349,0.19786059655093083,0.09022579071950379,0.023089020349792627,0.04458958017213982,0.4869501272155891,0.15816511735982486,0.02032132440528009,0.5080997309690147,0.06803765536217972,0.06515497703671451,0.011795700887941876,0.02475449395790306,0.09938331598842182,0.024821514416961624,0.03410558507336784,0.06251884967249505,0.0,0.1675743140741942,0.060690713523616005,0.006708961262185058,0.04037598790304661,0.23901672187202294,0.02182411225784719,0.019099895203994036
2352,0.1203161708254224,0.08095723563848344,0.01987447931003621,0.029276486723929636,0.37116423359254386,0.16214777327439245,0.03270069765335187,0.5738418483389133,0.07415540657508343,0.07338575092711674,0.027478160019763265,0.026051440236856783,0.1001556070754967,0.026337429595559167,0.026188838518229684,0.14470020490592927,0.0,0.3450530951269981,0.05407982383500595,0.006944551113771818,0.018288202883923972,0.31505934970766136,0.020608173507679513,0.028211725613815814
2353,0.12534364962401012,0.08686801608102321,0.024115749869840303,0.07814008205559012,0.35382522887378154,0.1276157035572293,0.14487456792466558,0.5004104306357277,0.06436323502953925,0.06453046500949279,0.010166439497140689,0.03367480818356424,0.08425528016307625,0.13385546692758832,0.03298380292593855,0.061168176031919576,0.0014022376983602327,0.1561313755837328,0.05861679206867515,0.01678076421089422,0.03423069421642388,0.20042543882039154,0.023740726856336557,0.018679284256983286
2355,0.20473304990209182,0.14752012093675623,0.02298662475079892,0.030113138911782546,0.32744965704955065,0.2881210978909451,0.01352829066042495,0.4596730696352727,0.06456340500550069,0.0664820606773374,0.012330652480940573,0.022829775017818445,0.0988594311608685,0.03065460810820002,0.025126887331279033,0.07790553047594023,0.0,0.28421556947253196,0.059918394332510456,0.004016663159322399,0.0189558553276773,0.23749103877650643,0.03624721889147993,0.033011820340383004
2356,0.16715585953164921,0.16162398742568942,0.02632385459265426,0.03288119747956863,0.3266916927952337,0.13841427947278176,0.019424684018448143,0.5978465860779533,0.08462673749324519,0.2049343951556878,0.01129722599571674,0.025108570657601848,0.1192097470101944,0.02529108211826619,0.04188019924941809,0.0651126985343327,1.034126163391934e-05,0.2302333079233145,0.049570083441474344,0.0045168948249648564,0.018370903496464495,0.25297702423581325,0.09648673760475811,0.018872960210098003
2359,0.22378121357372682,0.09148853861670181,0.03119262066657193,0.035909412797830394,0.43526342610538715,0.29091305565433945,0.045322732044972634,0.48305874562186124,0.07822849107451203,0.06409420155254715,0.01181715525573445,0.02578011314007166,0.09682795891552896,0.027821019073513167,0.02450071250936972,0.06293387844260363,1.447178002894356e-05,0.16966424774753402,0.05607485760214046,0.01298883848115419,0.020730279829762163,0.2714257199634283,0.027348320562232627,0.019808971010030665
2361,0.12298609891565823,0.08733928265928577,0.020186398254452672,0.023580818519450108,0.40835972409461596,0.13073933733463738,0.022991007829538473,0.538821168557483,0.06723535026151954,0.06418913295921494,0.010114536043404714,0.03411573899765058,0.10269013007069748,0.024275128799275958,0.024600358564453858,0.07335037684990331,0.0,0.2559747358317921,0.04838157392097788,0.004219889680108011,0.015786500880269737,0.21990005611899907,0.024772109847987542,0.018844801739668463
2365,0.16634766031738724,0.14330912602824328,0.03233962875133374,0.028632519505006195,0.4050441720136551,0.1523407837414495,0.03462889374878322,0.5275123081380958,0.09585845718264879,0.10551772777806943,0.04291669935956632,0.05045952018123949,0.10560286326040039,0.06537955548599284,0.03893767309970714,0.07529262782522758,0.0,0.34863541974659623,0.09453478065275008,0.022471094094949687,0.052789719127441063,0.2002624720491806,0.09082604823353281,0.04663128983297561
2368,0.1720423674873324,0.12507051580153367,0.03775039185019415,0.063122407497447,0.29289087971095623,0.11929024658684187,0.067607870869423,0.5286522087535951,0.07637824120072083,0.06533395114444845,0.011291784578412426,0.06897149391026787,0.0740820717626396,0.028998679305937695,0.024378500815077052,0.06780278313501471,1.447178002894356e-05,0.16069703415208575,0.07408736044887576,0.010545640255066243,0.020233357479535537,0.19686642063436963,0.3920395112095392,0.019018280445108848
2371,0.1548125059046908,0.17244380429886824,0.027643515212504098,0.09792911363694763,0.3273749092992329,0.16611321291440018,0.08928281987618704,0.5394591206431942,0.07029518225005503,0.16751369160141663,0.019337048779211986,0.0485762802764466,0.20985880876576243,0.03919011732039428,0.02348761933858823,0.12193668958571768,0.0,0.19782425751761984,0.07162253869006471,0.026783274568032357,0.02630825575561736,0.31791688664685014,0.07015826024836662,0.03913696781914991
2376,0.17353316127794874,0.10324824489129768,0.02640726874707809,0.03899240519313028,0.35705436996365875,0.27850344142795935,0.08904343592071985,0.48263289208064125,0.0687069534896639,0.08700240428780956,0.022758162987164838,0.02556796180325156,0.3562147532849405,0.04170433499891379,0.025541081688983593,0.21663065407260862,0.0005632352215330449,0.17463334157271285,0.1240946192495118,0.011376691423440713,0.05776484267061661,0.4307427747209236,0.02417013569673645,0.023567013496243443
2382,0.17193744567671085,0.10312832777226591,0.023181857020099478,0.04937312600853035,0.390595691277659,0.12914047009160187,0.05029053928198994,0.49305012206663945,0.06371900090956506,0.06686381316585983,0.01225736925446895,0.02883010692594841,0.11967667715593738,0.027795425917284025,0.02454520681129719,0.05881011990924438,4.800604506141463e-05,0.16914828796276984,0.06771851070319866,0.009271179821769927,0.2642673989820023,0.2193283751325382,0.0348415566170909,0.054653269161828416
2383,0.14193753893358754,0.08092567472984875,0.018680821879978358,0.029403579610973427,0.4288177701542284,0.13087306557692371,0.018466595090755832,0.5646558815371227,0.07572073929768447,0.06148693035419275,0.011387114926252093,0.02344830995562123,0.1024527293399594,0.028968896844860925,0.025049445693171274,0.10348639530422156,0.0,0.35917568731876637,0.053665614593904024,0.012792464393659822,0.022582157627924353,0.22592051992780376,0.048593519238793764,0.01927685170940792
2384,0.1261374789811374,0.10025108150143705,0.024288834869532303,0.03813832925177202,0.4168391619103744,0.12827495239060907,0.057153215416496844,0.4285430390406195,0.06455222651663811,0.06376276639529671,0.0105254599444218,0.02708429206947884,0.09131317146552419,0.03411383744030993,0.024512596718192434,0.07508779154482693,0.00011127767150645458,0.15856624344517278,0.05920181862138458,0.014922144812517907,0.0192905157052736,0.19810391234469374,0.02455677569650834,0.018936581713133088
2385,0.18135821918780126,0.16689933773581142,0.032016421803159535,0.02605897633084253,0.2958401317237385,0.22693683061571712,0.0294324833579718,0.47943386650450004,0.10643622262499398,0.09247171350417002,0.03257350370214134,0.03572719176393853,0.12886846327372362,0.020067223528926093,0.024167813094505157,0.07174792464525553,1.447178002894356e-05,0.22780402420067755,0.0975316175121752,0.009385873435818821,0.018743282348875064,0.40388856206010876,0.043828434929132624,0.03153961502352475
2393,0.18849583676172327,0.1514092201318865,0.022512792837986132,0.03825114188971772,0.35857583052672337,0.2643686472842974,0.07125556797307164,0.4693946585440996,0.06197020587542059,0.0664153556435744,0.015421263028809218,0.03164926746032961,0.09796153152443107,0.02998540231440643,0.025750553072488015,0.12185198176766983,1.5037593984962407e-05,0.15509749716532256,0.08276969391289357,0.010770946507783152,0.02005261821524782,0.2813573586623353,0.0299516907687551,0.019710783210130013
2394,0.11406470451828099,0.13926259275474911,0.018929264324094218,0.039393669995155936,0.48689495137804306,0.15442538300955266,0.01713896829578071,0.5437065141093942,0.0698216126501596,0.08676313411306776,0.024984895200819764,0.033766914153590614,0.15307523352999902,0.11111136206349272,0.06366136821041417,0.07744295690073189,0.0,0.3071236185216253,0.07301288246661392,0.013021570424195984,0.017350888590727694,0.2257044328002746,0.03526701846167097,0.03223326648556067
2396,0.1440716913185288,0.13418875737491529,0.020211845054226244,0.063786046373799,0.3533528136720055,0.16426101648671415,0.030893091133513725,0.5370017249487277,0.06263383083624058,0.06409113192505003,0.01103880764081936,0.031338156702010775,0.10823055324713357,0.02778581256246688,0.02421089236925042,0.06621455285120716,0.00028870663653395777,0.19458928788695226,0.10936318454859627,0.005941683401085643,0.036114660555729816,0.22232537041592942,0.02433073908128969,0.033659486709671026
2403,0.14572239512591634,0.16377331511168527,0.024525470689158578,0.053217449737059316,0.3216907009086518,0.12150748303334179,0.19926321825714005,0.44692195905936627,0.06776361707457233,0.08865266691765053,0.01014344541522531,0.030605546690779608,0.10162069480051937,0.029975062473244073,0.024726476840438362,0.0613969114354497,0.002719980615903337,0.16880796520543606,0.20184641354288085,0.010219134090153334,0.019527670837005184,0.18814151790627928,0.025987454300560174,0.020025586491995543
2408,0.15171868418279094,0.08569200338038037,0.026232557514712585,0.15627306779550143,0.5034089399222048,0.29149511116948645,0.04976716969515766,0.6836605799349301,0.08501273894985532,0.06897209115749094,0.048812210447614905,0.0323070381026868,0.14342688110947907,0.10800578787511916,0.04005534099547818,0.1262430922716045,0.0,0.38448002513816215,0.10614811031870185,0.011128703490297551,0.03606666908524004,0.3342001948665876,0.03118707842662882,0.037173102359392536
2409,0.13581082688661553,0.1796544326276786,0.037922524649518494,0.03893665549674805,0.33539740090559433,0.13244141645252022,0.007189112811182753,0.6118784262537875,0.07766345725953976,0.0878881158349272,0.012844933046111616,0.0305059928269786,0.10869836608450788,0.025794253586629012,0.04636907351032584,0.12860265598178022,0.0,0.3814892525004401,0.08612876676983014,0.001480251991578679,0.014917287648218562,0.23664998015945582,0.07977422120697003,0.018834076885994783
2416,0.1531048168376029,0.08639600552065703,0.021395481963236304,0.03250605441464885,0.3924662484172977,0.20610389488328792,0.03525048639460778,0.5104385739907584,0.06247760009340066,0.0650089960397921,0.011983550622384886,0.02498513618223786,0.14713033315013432,0.028021789268611198,0.024301082760124552,0.08586824274781651,6.24778250903582e-05,0.16219906374168697,0.06296717982693126,0.011688328630601404,0.020198525063260205,0.28482265040356397,0.023423411691269765,0.017143045266435408
2419,0.09563518830843094,0.09298627496037282,0.020801768215490336,0.046525589758510885,0.4410644702851527,0.11878050366888336,0.01495772319694659,0.5260918037930076,0.11898865714667166,0.10083271618494946,0.010836950903105172,0.02343909577788287,0.10429744423728295,0.033028789615968994,0.037995529436773846,0.07233166740201663,2.4813041662862895e-05,0.405284625171883,0.04720997457318566,0.011166294205143345,0.01764898993937867,0.18696554058024753,0.02445652916812256,0.01896958132230554
2421,0.20470357714927828,0.1304592276469548,0.02767708173600149,0.09324669607623104,0.35397218574600964,0.1408627595041039,0.03080082317526066,0.4662078976605188,0.06526688952804383,0.07851818009238015,0.011009468320751573,0.033193373527079066,0.12240309655656426,0.025938552872902,0.023927180703122594,0.06484414582540562,1.5037593984962407e-05,0.1537916554455547,0.10054229790514768,0.005378094866385359,0.02004131121699386,0.22391988495462992,0.02552421767761792,0.019164328142373205
2426,0.33755179980788236,0.28802793260074816,0.050147206992818244,0.026917093364578176,0.28689741653925294,0.165219123151807,0.031053385373052265,0.4156545045262974,0.08733969061872054,0.20930801252734582,0.011620242379446047,0.051164543126036216,0.15106525481129268,0.019709345295898285,0.024378500815077052,0.09583087621278195,0.01,0.16787409689978097,0.3535406595945573,0.003224951096098097,0.02016424087368214,0.2894581237268419,0.1428817689161915,0.02402827736422576
2427,0.13142005126317816,0.10957583791540532,0.03007682805693737,0.045773694741095994,0.4122039929696667,0.20629759118425484,0.0322008834304352,0.5123866043301029,0.06542300197651547,0.0905622791616689,0.009956340061277977,0.02527630209498559,0.0914654674820118,0.03835758133324649,0.025845704794515013,0.09823680171883559,0.00036144578313253013,0.2798028210251746,0.06020918799885854,0.008621797630865631,0.017117271263909016,0.2509355936715292,0.022128987467411095,0.01728439438861634
2428,0.21775369822129848,0.18973510823555995,0.035250445143350254,0.04817821218567114,0.2761289600852598,0.18310915992466398,0.023955278174536958,0.4149172076008644,0.12824369194433036,0.1544717771865155,0.04405154194865907,0.024820098376259207,0.17796789287259374,0.02387440445747194,0.023631658970427082,0.08573192205717707,0.0,0.14238342632685583,0.08991216607540178,0.01816185081721845,0.021988294077330255,0.3540092039026144,0.023728874986436877,0.023331673319484963
2430,0.28185573154690263,0.2508067314999028,0.04704076653119205,0.037345100392727114,0.36382119314302563,0.12509289006871677,0.08190603377833992,0.3000752946671228,0.09950437796428725,0.21181268880256895,0.010417302268958897,0.03861019563565337,0.15132897155681607,0.029018901397781023,0.024512596718192434,0.07071808990484969,2.4813041662862895e-05,0.14239172242482379,0.32307153185019116,0.011952119573798792,0.020684624619616863,0.1983176893459635,0.02311620382657313,0.01865814650197035
2433,0.14498060660568587,0.1160797481623837,0.02133194891933591,0.029345573188087008,0.46041550633181266,0.19761146958567583,0.02053697646111385,0.5223178345171449,0.12895215287305256,0.06971303645644626,0.012129035455181745,0.024741709634034367,0.0889812405915974,0.05690388108065897,0.025492239996236097,0.08625013951700636,0.0,0.16730701650312946,0.06969367405606139,0.016022924011699614,0.029780280214409042,0.23742746542757837,0.030568088165134455,0.029840979936815993
2437,0.22094776295215848,0.10817226240577744,0.022186584130167598,0.032190813283221736,0.4743817676361914,0.24945085741086537,0.015316067512418994,0.4651425908241146,0.06362592001552074,0.06682397256300723,0.02494614237233269,0.026215018537519143,0.22483076969772303,0.022157371599315724,0.024440113807799455,0.13019238262245528,0.01,0.16224429537744292,0.08508683155434302,0.004537900736001831,0.02031450528650401,0.4021292478619856,0.025872624750638812,0.019532684978647578
2443,0.14766450025629008,0.22501361417216656,0.0392423605999728,0.03251701387719218,0.3695455142163079,0.12438376752730702,0.020581640544465804,0.40221206096207573,0.10646009833277455,0.30706343253614254,0.010493486052757297,0.02507121516308205,0.1469770266527014,0.026108654236233465,0.040865461085054025,0.08480059431362875,0.0,0.24466999909353818,0.07861180559669924,0.006684967446213244,0.017350410738739205,0.20030657159342524,0.021303467143570023,0.018328262681838573
2448,0.1340961311680312,0.16478396397379386,0.02062270944486239,0.02632267343431309,0.40038564191937964,0.12625396298071767,0.01938753924366001,0.5533616408166722,0.07065496662139518,0.09492339707541224,0.014123933231381149,0.022037226636041324,0.08141702582819989,0.023374642029305902,0.024534031258617747,0.07505257655511231,4.987531172069825e-05,0.2345662431443891,0.05832105049002639,0.004239260462782468,0.01797709196318633,0.21390217489602562,0.025836390445162526,0.028039967733489
2454,0.14308491902908574,0.09493650324825374,0.02278208045104345,0.034748098667827555,0.4116832477456064,0.257565412196282,0.032966345623956186,0.5139950900637293,0.06466985672501328,0.0695449729541881,0.010618271184390501,0.025586835226578133,0.09680157956784803,0.028396122591200425,0.024512596718192434,0.05987012632646678,4.987531172069825e-05,0.18531113626486498,0.05853753022188487,0.010422578714810438,0.019443592952102393,0.2324167656210912,0.03257050344362994,0.019474546731011167
2460,0.10416679879647386,0.09736651162355896,0.021980300905549668,0.03307747296905742,0.4875707038179794,0.114855308108682,0.03950867938960834,0.4965989827102855,0.068251368306518,0.06868672136417764,0.012314297428072132,0.026053889880283548,0.12375931080155127,0.027353415936342117,0.03615292963616825,0.0733022477503763,5.954662150189354e-05,0.4026083158195094,0.05523208540560191,0.008122620589793135,0.032778117305170454,0.1871000919037472,0.021965178740373938,0.01792150161993201
2461,0.1285765681642859,0.08772054851989954,0.024115749869840303,0.0396435682724842,0.38731975203579877,0.13177325436021767,0.13348311839229746,0.44316711932403896,0.06406561896015395,0.06453046500949279,0.01003925072746217,0.027006937712105564,0.09258084855644873,0.03645594578596503,0.02416535118297101,0.06074667470112271,0.0003861551141526243,0.14942115451568955,0.05861679206867515,0.017193544767547815,0.021574266189156872,0.2034301291587466,0.024045930509366292,0.018679284256983286
2466,0.13378017353279006,0.09193756370613033,0.023621220990698143,0.058665662806469135,0.41542525662420665,0.1244907809421829,0.18562896230330522,0.45805517427501086,0.06351864998423809,0.062491009398242564,0.01003925072746217,0.030236637210002214,0.09046494749332566,0.042466184760344604,0.024512596718192434,0.06127710274426651,0.010262278591609195,0.15298120851049635,0.06018666958072596,0.02474836139850757,0.02168760865632071,0.1923082780254768,0.029206421100503407,0.019183274182762066
2469,0.14029375250586326,0.10866852012527724,0.026707029146474704,0.040776946009562415,0.37216837047439705,0.12717266608719205,0.11440374541993276,0.43825502194375265,0.063685873214147,0.06617999734412494,0.013609009928403864,0.06045935253301364,0.11115295191634418,0.027548846393405824,0.02583008488744884,0.0771002373607426,0.0002049932218430431,0.16305589471812457,0.10699046743252183,0.014082104864530124,0.020821546969410364,0.23870145159489314,0.02737575392570593,0.01887443647591004
2472,0.15529021360092166,0.08608600625418918,0.025256459631055134,0.040208681172143844,0.3549856877453086,0.1308227530620514,0.0597490799260644,0.4917450562810761,0.06411590418109653,0.12158847788427062,0.010137180719507399,0.028218851271589677,0.09409037202018221,0.028517382532655646,0.024913093248573222,0.06204344188455105,3.222309970831759e-05,0.1915367722746275,0.0559401614603963,0.010002668770446775,0.018829957913656246,0.20307887753659656,0.03871138205663741,0.018801472653149184
2475,0.17522883256316357,0.15069757152953428,0.031190078183710782,0.030775608466353896,0.35501054719021014,0.1332227811431655,0.048991913458996714,0.37826010960859885,0.08315945279507728,0.20200191122634334,0.044215388554259515,0.02594947651274385,0.21650605258310943,0.02615901624850081,0.02395252553289476,0.0748285564122153,1.034126163391934e-05,0.15954419714351636,0.15439422455046223,0.008001143208783215,0.022197127335627235,0.23767414914140414,0.029204211934313284,0.018733996016923823
2479,0.16949693574213714,0.10694249085832717,0.042106934312402734,0.06526371815806453,0.36223866021484397,0.23738447733202356,0.05141046756083358,0.48363682060587676,0.13803812100448248,0.06709176415957983,0.017423763091162208,0.02829033435229863,0.1058336083783952,0.031163597361257823,0.023670149794343433,0.11501617345175866,2.9509374013905968e-05,0.18442342819831173,0.08225389026819778,0.010600713407935605,0.04029876227906831,0.31748635436524786,0.023429500085395794,0.02021713369686016
2482,0.16311428221066804,0.12627608027374232,0.024217850367825346,0.062162393145723624,0.34558971166833047,0.1274744314534221,0.21751907398070866,0.33156303847797824,0.06456340500550069,0.07721836224423656,0.010509645939067122,0.030941822862244374,0.10779263539485744,0.15504573139849387,0.04403006995527432,0.07410563127497269,0.0011261487050960735,0.15982808578203922,0.0621131471720829,0.0042610431730017604,0.018606861124305558,0.22328871427387575,0.023503173736037296,0.022734946891630487
2489,0.12066445211054404,0.0918739759413135,0.021454034974631483,0.07852098659663162,0.37071573242370914,0.12556209920340208,0.038482910464259154,0.6015946099797835,0.06648441590162359,0.06377892456784093,0.011090930227610717,0.028751675534487018,0.09241757994715952,0.02877890695143586,0.024512596718192434,0.06149216411045236,0.0,0.2382062269570132,0.05465905530476313,0.006575933791147859,0.019760828060312662,0.19827365029469934,0.02514631730982872,0.01872758621136865
2490,0.13343172275648457,0.09462312344150982,0.02361859373578525,0.03949568370878215,0.4402420919200539,0.1290940112930417,0.04984117291635999,0.45924146850727005,0.06448223107517492,0.06378390850383013,0.01054751675027915,0.02699490046418434,0.09276269673981245,0.02942550322268771,0.024512596718192434,0.06135602150810431,3.766478342749529e-05,0.14973817389424576,0.058491318917789366,0.011574676895266778,0.020778161273105805,0.20064322287154407,0.02802758021374476,0.01907360587367997
2491,0.13620818655131306,0.11454276415125132,0.02247105747979447,0.0355925664420761,0.35588673580782415,0.1415555987293049,0.04841158148860437,0.4957723007195563,0.06490664569649021,0.10152057681143552,0.012100406575034585,0.026040621798452335,0.11125402252455346,0.024899790249484945,0.023778973025847625,0.06960669077546858,1.034126163391934e-05,0.1607798187225507,0.06839241281504119,0.00814577942227162,0.021215160271794768,0.2221721781283322,0.023731329220382517,0.018384179948531948
2493,0.413509692334972,0.2075917824354462,0.019993803392914778,0.021796972763969656,0.3781836042894023,0.2190488170560139,0.006821196290598474,0.5033516297124726,0.08403418661096194,0.11657181395378245,0.011433992691978557,0.055810591370593084,0.12996080315101427,0.020589093225491344,0.023088166878341875,0.07989927936300568,0.0,0.23299046689049,0.2669235807249934,0.0022692553877705435,0.03827058642307892,0.32337132712699296,0.1405042561205218,0.01889760093770696
2494,0.20110333937078692,0.10037984754639673,0.025321439890950353,0.055253922382815256,0.3639198048421537,0.39006417975307917,0.11991246332993308,0.4862698193337318,0.06436323502953925,0.06470645748756292,0.012452342737791893,0.04774101135966052,0.09170000980926235,0.04014413281794216,0.024616043932523396,0.06291689872998245,2.5378855618881745e-05,0.1562375619676824,0.05861679206867515,0.013038210835354946,0.02187593206467665,0.24723469332654002,0.03651451976919625,0.020955589592106333
2496,0.13787889114193233,0.0993454215976787,0.02721730272061511,0.04204018313548556,0.3741700197275399,0.1288435442562663,0.08116411583653373,0.4784794302872757,0.09573745913916205,0.06422115875300258,0.010533265864842396,0.0280510714133546,0.09244827526837666,0.036845369462643614,0.024512596718192434,0.0638798653436298,9.439298577185038e-05,0.1533285561295812,0.05861679206867515,0.018619451757183988,0.02088161412016161,0.20042543882039154,0.024434789306050333,0.019188207607415325
2497,0.15043860364683023,0.11800878122080155,0.024922890602209403,0.02431582210078219,0.36778731869678,0.12559976088040556,0.00871365756680903,0.5501013883682035,0.11240813388645082,0.10665928529606869,0.09532889022154332,0.021070867592649915,0.12638755566917548,0.030271006573211256,0.06892230526538422,0.12612246845717598,0.0005263157894736842,0.3733225832403629,0.09631886571761945,0.023456214501549565,0.01972437753180083,0.23082845301201285,0.021810327546788532,0.01921120754730968
2502,0.24590023872414205,0.2565444575288578,0.09086226191693796,0.0506899974881537,0.3897079599252947,0.1635679625478868,0.042305033664470956,0.44711556215514103,0.11756512174099909,0.28559319216041346,0.024770127746815904,0.04655858633380803,0.16539726104717278,0.04697272291267736,0.059127243466027816,0.09474325426440519,0.0,0.3193114103240924,0.17362584145253532,0.010877054088219928,0.05444412562012307,0.2867223154350747,0.0540309519132556,0.05608430580186416
2504,0.12075554357358464,0.10604094942444348,0.023603280379033528,0.03407084983374282,0.410826251031126,0.12366470860215328,0.04060363286677081,0.5226720935480379,0.073740328043613,0.07906159810109417,0.010178790236201236,0.02575780539076479,0.08664873405858006,0.028310280092071184,0.024848215928085143,0.06854628720967,0.00018018018018018018,0.3859695859000757,0.05858810870624386,0.00805591198708527,0.028240211143930476,0.2031699898857847,0.023531719764739938,0.018203161211994324
2511,0.229614784853438,0.11838022282023208,0.018198176567981676,0.02821761984581779,0.3473332864664349,0.4537156761078061,0.027171533257707145,0.5111354976044151,0.05509308594724519,0.08294472708409317,0.031627915619899805,0.043401638295098605,0.11572238914187405,0.03829357304278377,0.024498026894064773,0.2290988647654139,0.0,0.24281981309646866,0.05442747786881239,0.011319696345968171,0.04154185891947814,0.4015762124245905,0.07454370519488428,0.017405746534084165
2512,0.1371674240667347,0.11394607375142654,0.036055992074233593,0.0517707327356328,0.3551396738504893,0.12700222974231867,0.06666682133310223,0.43162314930759427,0.13136650408360157,0.09225826425608094,0.010474377208259061,0.04215216896685786,0.22935558027452582,0.09776627312574943,0.02388643958131669,0.07659745275873373,0.00019465196020912372,0.19292470177904641,0.0712509773282578,0.02006304053293513,0.020382582605340503,0.2171889404932617,0.022629054522316866,0.022077848989942236
2520,0.138127756750673,0.09683449518953831,0.02476835257736249,0.04323230639376594,0.3444220072721066,0.3015459284746752,0.08158637633104657,0.42711760905018026,0.06803471807926251,0.06343263431365735,0.010556136764543955,0.02705130765377193,0.09880197082223152,0.03022281358795693,0.024411515668039514,0.1511217384431995,6.329113924050633e-05,0.15137624782116244,0.06125438519295219,0.01173632948493434,0.02008894109677473,0.37368807192435766,0.029923573896467836,0.019767261110612503
2524,0.33110708650292503,0.2299968379198759,0.027650355890015566,0.02681691146811367,0.3198050427065345,0.16028219256129458,0.03674351717703258,0.3805701442195542,0.07673783235884679,0.1738165325292412,0.022285927783312426,0.052207952940836966,0.10047142757385932,0.03362735919417245,0.02438797604924005,0.07760675870655637,5.1813471502590674e-05,0.16949231476713955,0.2037573917516992,0.003860061002457006,0.022487705379853423,0.2290360147685539,0.08398297486538614,0.02820314024015711
2529,0.160491952086498,0.1227591513748087,0.08790992252035984,0.03710679468934417,0.405857825135817,0.1406206941360138,0.04880744823544792,0.38760902820536747,0.08951112567825063,0.15374371675350826,0.011358826798930593,0.0263639934219276,0.25526068231853033,0.03275141679741432,0.023164634417886406,0.06934041463795326,3.189298577185037e-05,0.16344273907093068,0.12399210231592635,0.01085444132573329,0.02168098978737306,0.2521148026479839,0.024294651770114396,0.020547947437224323
2530,0.1656507887801052,0.15168368110868852,0.02792090228579499,0.040136225228567336,0.3616825654015892,0.12090698452746679,0.03656936554810427,0.3423153313567969,0.1197793055896436,0.1294650611135588,0.010862287586175462,0.02853766041308681,0.2580204323411664,0.026783637104104772,0.02540057640365417,0.06196311085495017,0.0,0.1559198804660434,0.09019315765157947,0.009914119090024251,0.02038596552971891,0.20260309617277078,0.027505405409953155,0.01902862053246014
2538,0.20311860176473595,0.12233653619325613,0.023250221208482354,0.05178910647819539,0.3764875476565725,0.20930745162941197,0.07751910529767611,0.4517235179338357,0.06306257181363854,0.06625169808989527,0.014153341666613382,0.05003086169551099,0.09599689818717241,0.028153291702086705,0.03466643387943104,0.06454450361390424,0.0,0.16383167530691484,0.09170056198108081,0.012756535525715571,0.02038789424566093,0.2199932472402956,0.023751478722789078,0.029119609965282817
2539,0.12045475411065543,0.1174008569102978,0.020609291167115632,0.043793917318991404,0.34445497506057243,0.12257609064387745,0.12877208032807227,0.49162697413407536,0.1065336599063154,0.06838407633511798,0.020893820266330482,0.03516761565877383,0.21746174650990063,0.03662801200930034,0.023684238870638846,0.09653319781220886,0.0,0.21556977167300242,0.07245050145593634,0.0032663175444461877,0.034144469095146714,0.24132592196924274,0.04044757730811417,0.0170635246250822
2541,0.2074807190196756,0.19722218254337157,0.05252975649742263,0.03297403800519909,0.34254299210802996,0.15082001451390997,0.01982096374282364,0.3923828777832679,0.08309976046909169,0.16486306906828765,0.01074309546125113,0.039233127447371105,0.24299622906092577,0.02284937535379981,0.024154971800581113,0.07515727394895508,0.0,0.1985642652066275,0.12271657259583733,0.0037679092059669343,0.02815038257001866,0.26130790792142927,0.0590332400754262,0.01707528778748825
2547,0.14810554860585817,0.09630531709762741,0.015782567559672722,0.027237119510904927,0.44481375867851175,0.21946201636184945,0.020695154934743786,0.6586922154286392,0.07895743047436894,0.08496702012344634,0.037958434001490834,0.017759193446109486,0.1021397587359495,0.035287851863150664,0.02339270309816215,0.11785352167327265,0.0,0.41012972489731575,0.05133674768312601,0.0018860403386220998,0.0294535806477786,0.25601202501608084,0.05859027117633464,0.034968901191111804
2551,0.13600227266922973,0.09191523505554536,0.021734854703191062,0.03585520159563324,0.39737297374376623,0.13548414636157047,0.049757045170786746,0.4944235261082477,0.06594945193423554,0.06556448108320624,0.010536926871850802,0.023492319609262596,0.11149824756023716,0.02555612917915657,0.025380940736811346,0.06265168721793145,5.218226581801976e-05,0.17756605763291805,0.061680170803861845,0.015723266318370642,0.0263678502290007,0.23080475056463978,0.024364572075700572,0.01810389865899097
2555,0.2409422029046727,0.09476448528661484,0.020787301196303086,0.042571257503379034,0.32206695355467974,0.17778726172324216,0.023744686528951606,0.5843098137313323,0.06342780517892697,0.11811168973417148,0.01200528623246294,0.027127592272282678,0.10143955366558072,0.039934249113781996,0.02427430177510656,0.08043820153658449,0.0,0.20346200515690296,0.09274616694311849,0.005733719025085494,0.03421465976042543,0.30041108942866745,0.045049782034711966,0.031012255706086487
2557,0.11490591264731556,0.12881284438741442,0.021173659772022825,0.027712941805978587,0.5273957410032024,0.1391039301009816,0.02801220907835007,0.5540841624800961,0.06959046299709079,0.07291542481314424,0.010552319852683598,0.030558468620804864,0.15446579945597846,0.2115432611001907,0.05837674564156469,0.09322208115736189,0.0,0.2944399458147051,0.069479027253026,0.023499235308831346,0.020377771782186853,0.2183805587974013,0.03772067829290288,0.017576347677274447
2558,0.23848041639524525,0.14620542532040787,0.020807855659639763,0.03932333961324928,0.2648542875011644,0.1397243904267716,0.0190017735621355,0.45795433110358913,0.07913589373149005,0.0960750557852777,0.010517744682661843,0.07298418111963682,0.1906748033064295,0.02301824543688842,0.023968619425573476,0.10980499410897554,0.0,0.17116229295392235,0.18070873900530293,0.004273455721824178,0.04095924706894864,0.2664118873474787,0.0777904580358743,0.037246272789632946
2560,0.14637672312012828,0.10635514641253542,0.01699657607545648,0.03337773494286243,0.32709579974843966,0.25746994208502605,0.009105456310994181,0.5312651661337956,0.06939871616247655,0.07131828001276604,0.03119818644011945,0.021452922783333,0.10314033129892414,0.02076629337883705,0.03338127124283467,0.09602922037798796,0.0,0.35117539076141596,0.1101248466388129,0.003712939964266913,0.016031546447552038,0.284898967542822,0.020661100042498045,0.018572651685402786
2563,0.10140675242133856,0.10244389638474774,0.02009048657084038,0.027808878130229045,0.33948616105342866,0.12300798160475472,0.014316011902441932,0.502281497796127,0.06365166265645877,0.07513254970567766,0.013473782054365637,0.02044325374955125,0.11860583828392296,0.022767185546823034,0.024858469644901474,0.10648687743502955,1.034126163391934e-05,0.25400112058931906,0.047831041032006645,0.003981117318220305,0.024821070465426476,0.25558666369366045,0.02969495554804291,0.01576556758041486
2566,0.15286241930454694,0.2084739513736177,0.04474548570388906,0.09692217102360783,0.2777339750527989,0.1667460549484286,0.10562868220322842,0.555514414590447,0.07663954681251103,0.07425948211668229,0.012026641424783348,0.05671625631645062,0.08877911054895835,0.1993555857983954,0.040336188518834526,0.07296251271995366,0.0,0.21498164828737035,0.09844208109103106,0.04341092179058676,0.06940371524637208,0.24710579855795659,0.12538501948581626,0.027867381442389146
2567,0.16545409766096905,0.11511025910471248,0.021242729213035116,0.02836992132668049,0.3253792624263627,0.4224995389152075,0.01278305326483788,0.5209692169008309,0.058677978536923955,0.06663689455951045,0.02085329212855675,0.02552666013329339,0.1653142958388064,0.023719764117175118,0.025664041297152815,0.24254011624969285,0.0,0.24243470957412555,0.080169004812719,0.015264891698714504,0.017787067059753733,0.47405333217601786,0.022964030948293575,0.037385224969941934
2568,0.21975044472880143,0.11122042581144682,0.022474602194452232,0.028727769216432858,0.3920446126279012,0.30385129692578333,0.031396695847055664,0.4871940689190923,0.06443773447704246,0.06605554382208134,0.014045249119252434,0.022214550561212618,0.08902664412181123,0.024453953379690804,0.025274296415740357,0.07156791429134472,0.0,0.165360391064078,0.07318646929231898,0.00730616706094166,0.032046724926088725,0.22846353624444185,0.026791481292051663,0.01847275981570605
2573,0.17301657733024733,0.13702502313329779,0.025686370313087563,0.02421475243431256,0.40533972784402217,0.25019893392415504,0.022297719217951196,0.5983515244982417,0.07756079049969365,0.08729151772818558,0.017051850717145142,0.026279043994997427,0.08703265596303672,0.03041992048560497,0.02506033725514771,0.11319740675561181,0.0,0.22449742790680413,0.06424875810261294,0.005228427169842351,0.01909877033656625,0.25823445695668684,0.03526414224411882,0.03894743347926463
2587,0.11864402061894083,0.2179010997539019,0.01830214194166074,0.04888632369071552,0.3380141258333641,0.13549974362390171,0.02022949733256753,0.6161435108032476,0.09898166891395739,0.21269223167597676,0.011396418937347459,0.033168165338825675,0.10157961843300665,0.023472887199792247,0.049640370606008524,0.13825386637848214,0.0,0.2555784489431915,0.061097500026338736,0.0033075940636742196,0.015732594592087236,0.22039340134980084,0.052162043764600124,0.04168432378921059
2590,0.11349703983314004,0.08645679947838986,0.023568886375075256,0.036771220844078856,0.4295391122196681,0.12418516819371753,0.06084791524607958,0.4849398109202102,0.07380890183565614,0.06405197504389601,0.010919612404571516,0.028632084708455574,0.08689139810355441,0.056892901836099165,0.03851460619544635,0.06228307403147875,0.010036353618103342,0.22641273739446782,0.05277203773216877,0.02954359346140252,0.019003144581406502,0.19651049983228724,0.022208535229191376,0.028537055903425205
2591,0.12528000833932032,0.09193365348854751,0.023523068339294694,0.06425057103422968,0.3668944384012267,0.1266871877513922,0.1446294901843274,0.4897018710095938,0.06436323502953925,0.06552836448541494,0.011641012620073284,0.0342138798279525,0.08247047541603612,0.036915906458099584,0.024547094019206198,0.06108144759212147,0.0006385258625263347,0.15686461420077027,0.05861679206867515,0.013404138748918043,0.02088161412016161,0.19235815690947003,0.024274301596708875,0.017395932365493326
2593,0.1267022453361813,0.08902790809673224,0.023861135835541492,0.04065321537213763,0.40569413601489274,0.13277600991162689,0.046896241345549615,0.475069402542382,0.06406561896015395,0.06417005539687438,0.02133966238271467,0.027797701925440784,0.15505744957260195,0.03254849931282164,0.04677104306867701,0.07644254362124102,0.00010834938472338572,0.1973514349935192,0.09432913863378234,0.014887890234712438,0.020888193611772334,0.2182111561002613,0.024434789306050333,0.019345981171807632
2597,0.16778359682998834,0.14269990456138498,0.023898087546174986,0.026696158966643808,0.3394815605033022,0.14048785855339618,0.03937355455949936,0.4766327042551406,0.06829316274580624,0.09566968935757066,0.0108796475515533,0.04883019958577559,0.10602580861570526,0.02649633304959096,0.025310198094075788,0.07686452846767854,0.0,0.16087792824630753,0.07494257607582228,0.003020542631223715,0.030505250351198727,0.24847574029952502,0.036523205764204245,0.029935444141909587
2599,0.14583357779294379,0.17784647814923424,0.01849997561130936,0.026104470968290272,0.3011786836706893,0.3536670444912452,0.013752500372245725,0.5454754379933867,0.14099815693031703,0.07539476168669532,0.012142980315187625,0.03682005975556723,0.13255741310315539,0.024947582506234786,0.03411231584922548,0.2562528752279065,0.0,0.23281901797385235,0.0625429243090315,0.0042912207129340504,0.025851577452985563,0.46737264485572216,0.11897094162763734,0.01742904359307074
2604,0.18668862626063645,0.1052548134137372,0.022452669726974957,0.03220042607008453,0.3075197953701203,0.25263385046630216,0.018192509275256487,0.4493765882658662,0.07430262889156646,0.065011573620315,0.01575074499152573,0.023358800192658014,0.2085472563150139,0.023178400979085804,0.024243882706676118,0.13592620551924312,0.0,0.20305952190592702,0.07546714632705162,0.007765127420986514,0.018343744709688494,0.32767352033568775,0.022704712203642105,0.020010982021498105
2606,0.13898272175793028,0.10800027519063954,0.024268630861498646,0.03168705081647942,0.40315428468932313,0.2761070376926585,0.047117469637577056,0.49086848056671356,0.1437556455453367,0.06792740188663447,0.016245438346016577,0.025534022583579244,0.13018291741122662,0.028624616605522454,0.02626925569229364,0.12550683523956532,0.01003691943205936,0.15543639757633684,0.0760325762923771,0.008511148972359156,0.02130870655162613,0.3057968178145054,0.02451378139368224,0.06583752337310671
2610,0.1256089437295533,0.09212590244806919,0.022458365806531856,0.05361681265162396,0.40561341515656296,0.133410338076904,0.09581205827771166,0.47065677221020424,0.06638062827511194,0.06274869249630217,0.009769091849805516,0.02626084814569526,0.08684398522861715,0.034408249433120125,0.024386568938598314,0.0619024132167021,0.00010858102797640302,0.18298264830507727,0.05730490326079501,0.011114883149158922,0.02002001727637266,0.19626481376655558,0.024245962344297305,0.018202933904516595
2612,0.13590576394749476,0.13037097068725095,0.022847916579108275,0.04024514636955336,0.3835000213161678,0.12348259216858803,0.028670466357380877,0.49224505380713246,0.06370313574557454,0.059868945689404506,0.010567921251080588,0.025643878868092707,0.12304496797455929,0.03992109399447883,0.02495550634034148,0.07030683808377795,0.0,0.19760985672188125,0.0573522101076803,0.005564191810049967,0.017357785447784012,0.20087159225864176,0.03203579726030195,0.017856890562006
2624,0.13954087553220879,0.169342562967563,0.02241955445362764,0.03714104289720493,0.47677229759090745,0.2053545653806308,0.019824998252270118,0.5625711338293595,0.08286711639259677,0.06954598367498853,0.02314920822430098,0.023113728323472627,0.07582943628760874,0.023658502885428076,0.028465579571413,0.07224124014591922,0.0,0.4253978424968336,0.05981075773002913,0.014709708257055589,0.050080708847178974,0.20500909630610145,0.022247733561524884,0.018075247648210113
2632,0.13105503500481375,0.09702241672372808,0.019714627410264616,0.0454187459327445,0.31545741647695996,0.12954327048528202,0.05444303373535447,0.49980975076675405,0.061878422676935135,0.06628906236084507,0.011901573198731261,0.05281472174936267,0.1548645048365565,0.023331582949599437,0.024703671983826333,0.09684419972067984,1.034126163391934e-05,0.2164555506465134,0.07923467067832834,0.015356343245415157,0.018523763946998905,0.2577764629062645,0.043407288288880734,0.025723714128412057
2634,0.19872490239519094,0.10276084249456073,0.02119229399868291,0.045717482075599766,0.31716512073990927,0.2517710023190354,0.03947475513236107,0.5273827208071087,0.06350024650351604,0.06536399835686219,0.012613754652075013,0.04389363516448484,0.1049989811374733,0.02352953827425533,0.024155153592833004,0.07395363441487854,1.447178002894356e-05,0.15847202721232048,0.0619434284256732,0.006652037990103405,0.031121210490955665,0.28744654350738175,0.13138983714383795,0.019270747755208085
2635,0.23402007257526844,0.25254267749811465,0.02238696562276408,0.03164701957575935,0.41148928482324443,0.12336944691202843,0.057690599134183645,0.37756432445008625,0.06360690201729942,0.08862385467123021,0.010270634184903826,0.038954299440915593,0.09959730163520009,0.02796608618744481,0.03425912659145736,0.06381329854259464,0.0,0.15675046689116423,0.41620603127729233,0.00882552292712539,0.02000329552601442,0.21865224883204123,0.0750307451500752,0.020261937751414157
2643,0.2204003186974864,0.16333811011986643,0.03372659188791565,0.04423221091563822,0.40837348220445624,0.14031790109468345,0.10440956200637337,0.32772797195632336,0.09037172959105919,0.17861290117348402,0.01208901034365283,0.037694001551553634,0.18552993903896006,0.14407130528905301,0.026890714564719045,0.08813945531742856,0.0,0.15132362968094942,0.10506814939889367,0.017878388215306976,0.019778355240201426,0.2626278697563531,0.023517114439042443,0.02434953746693304
2645,0.1284349506647918,0.09006030179520157,0.015041587059412139,0.04133617857720427,0.47517224735575836,0.14594143372737667,0.017442215386326062,0.618068775250114,0.067980773852608,0.08044601125315491,0.023482111028268207,0.031768512493586795,0.11449024000285782,0.02861022619250557,0.036320260305048965,0.10293575537102057,0.0,0.41813161701836904,0.07522536517575346,0.0009079142492824451,0.09379222749023984,0.25416310636998485,0.037717032015092355,0.01617038439590407
2649,0.11229603246038904,0.08568464221781603,0.029110313449784833,0.028275190236603857,0.503590241324437,0.12196087291526025,0.012200264284030045,0.5012705463517889,0.07391772583222454,0.06573347867167059,0.016184625178121286,0.019983522459035487,0.09082636765334387,0.0239251083855386,0.04899123174874326,0.06926943378350996,0.0,0.47585652935482836,0.05291159134445128,0.014137608746600173,0.018180857776851453,0.20765522480235485,0.02145810788418145,0.02019917432178628
2655,0.20213213890870457,0.09745077875232637,0.024184094236134705,0.05728130003101559,0.3795847456765782,0.190840842899189,0.10662502091823624,0.4362902222713288,0.06456477084276119,0.06573715257554973,0.010362729950762017,0.028060911432884677,0.09802420814050045,0.03488191914462269,0.024973487057882823,0.0616316856860156,8.840278962548412e-05,0.14633391555849287,0.06644995463010898,0.014730114542747409,0.021712093486027383,0.20268136191428707,0.026518034945073442,0.018849180996027518
2657,0.15265373356362982,0.09898290249910595,0.021332562294981008,0.0272097608420817,0.37652341640525416,0.32513180220202814,0.010561539640391806,0.5355824025937593,0.07551883971622775,0.08093315889369768,0.024942230202265082,0.022206763953894978,0.12312507369576457,0.06872372871295612,0.02569157167890983,0.1447283868177909,0.0,0.24947941437649138,0.06054478388821661,0.0023449704346566176,0.017955710074370763,0.41050122901353125,0.02371322733621232,0.03868009376663718
2658,0.14668110874045148,0.09999099866153642,0.024472277836167847,0.05354595902333794,0.3530646846302485,0.13170823150865613,0.12931536643105623,0.47594646539720215,0.06436323502953925,0.0727272226744228,0.011256886334803776,0.028498456774908573,0.12444905975270507,0.031889570126673795,0.024512596718192434,0.06299198170178487,6.0909153617989933e-05,0.15364258792308458,0.06609922520592117,0.023592204912671243,0.020793514673930136,0.23843684302582532,0.025682559285145685,0.018841204281734428
2659,0.08512611380599822,0.08558572839480258,0.020391126341622164,0.028586749364840194,0.4298100060651779,0.11355406076707196,0.01894086136046499,0.5892234132348868,0.0674506976962952,0.06773000081500744,0.015574069269037833,0.02264133036857477,0.13509647121626214,0.031634932792717736,0.026477970738028076,0.08743849204460562,0.0,0.4900240275086194,0.051986354224323315,0.012075615581209797,0.015260197899903218,0.1884206568353532,0.022727529810326167,0.018775149278330808
2660,0.15722164973245664,0.10389849714319864,0.02010408593873179,0.048524778280553404,0.4191324323762612,0.48870065086290365,0.05292210421708355,0.4808693102143347,0.06678218846288575,0.06734606450712721,0.035770076148392525,0.025413286970340985,0.08888627363941655,0.03172356359934234,0.02705139838655498,0.26450176341863857,0.0,0.34304170093686454,0.06813647924933144,0.004738483633319836,0.026541956663471,0.5150773647505577,0.023711581992085846,0.018445733155699542
2661,0.1470036708143567,0.11002394482013456,0.022835021780430544,0.0393893538129482,0.3468215675936569,0.25873041175224937,0.023375010873830163,0.4546517618874123,0.08091729884430793,0.07553272442175057,0.012568234956725852,0.036096960655459365,0.1131088936163727,0.02536822631440178,0.023941469155103673,0.07781424929769198,0.001677007928300586,0.15311105458708524,0.07232089871316046,0.005361745291497907,0.01856292421277703,0.24548420656790707,0.02433255845002646,0.023164792121687316
2665,0.14430705263122182,0.13642401055124193,0.022426640277167877,0.02560875699543135,0.3583001863003535,0.12145216377759221,0.01823660676380239,0.42437462560637046,0.07268442526815153,0.10230995795558366,0.01019242661779328,0.023014101914968922,0.20347965925191544,0.02288049470239508,0.024472473312456566,0.07894876997703262,0.0,0.21642674192729858,0.19507545414753172,0.007462709701871359,0.016598485905283372,0.22163281440078866,0.0307334093453958,0.018323449668646186
2667,0.20756238446706224,0.12598265619410115,0.019150697828903603,0.02156976807027961,0.30288770082434224,0.3052325348982246,0.0063913909132555105,0.5508295106956902,0.0976972284888381,0.07880625334512091,0.046054569678274315,0.01815432474798386,0.1155812446091781,0.016729564436363357,0.026243858283735353,0.13681776944831062,0.0,0.43199720736504316,0.07297669251740552,0.011415315521487812,0.03909766607828054,0.44072877707730407,0.020842601615868733,0.019642737187908817
2668,0.28520394217404854,0.1284930222722052,0.023216818639466102,0.03945040308151535,0.3479742537657105,0.12789982783029152,0.08270996549760609,0.48321138354164556,0.07379059760705572,0.0664792164127681,0.01042401989384509,0.04676380897393946,0.11175546097634977,0.02767159415499624,0.024670346444585392,0.060946853810050675,0.00019465196020912372,0.18720815402707477,0.06184549250072407,0.014885735130986271,0.020850759868067104,0.2239976017963606,0.16703992786042016,0.029205660811893762
2671,0.08668923194661833,0.14291584480795153,0.018211685750795646,0.03994005951035664,0.3649617662584758,0.11874791127433303,0.008344232181454258,0.6422992225142514,0.06844127230835464,0.06321942953254353,0.012415656290203102,0.02244766381367426,0.07879942097881995,0.02434993472645969,0.038312811471491896,0.07682404684032144,0.0,0.5818999578156867,0.05037441371679148,0.0015152938219286263,0.01673433378776694,0.1784724983573076,0.026961434565945717,0.018592788229343536
2672,0.13292060485161078,0.09600741467272822,0.027657489312985204,0.05183048688478185,0.36797181582295685,0.12796204542401787,0.10420950990485146,0.48605601697601797,0.0708851403014779,0.06569349587409272,0.010259355177218443,0.03108737912565943,0.10048912730942476,0.033598162312324514,0.024512596718192434,0.06135602150810431,0.0017361011236175184,0.14646538904401252,0.07634741301389877,0.012609967144013492,0.02013226683993884,0.1987232578502577,0.025371103253839098,0.0190784377018884
2674,0.15915238008624016,0.16634350593512978,0.027433769729369114,0.03890965399652906,0.45172408031042843,0.12822094806584164,0.07257720457399504,0.4107455102531523,0.12380960518354135,0.1867879241369369,0.010488977423953542,0.033554878040196905,0.14697974731248237,0.028478991687309115,0.027378738379898775,0.0616091090321284,1.447178002894356e-05,0.19556527245687239,0.08213666527955894,0.009011690485778406,0.02015177412106036,0.2093652386783563,0.05779975705295702,0.017855017974337008
2679,0.14260998475482195,0.10205818782201619,0.030659280295822162,0.029439546322080165,0.4199479066163549,0.23400029924160093,0.04972032248866699,0.49926517212558075,0.07012078877611097,0.07228097469260836,0.02286119886000187,0.02448262934193179,0.09021190330100555,0.02595106115026773,0.03783426501854389,0.08127588238769257,0.0005263157894736842,0.2509840818992177,0.06866263322133545,0.01690816878723113,0.023755584000237265,0.2642806459965985,0.02410250429868853,0.019460757156138354
2681,0.18117985137123271,0.29125449953515026,0.06767155044246982,0.03095686608928827,0.287645489297687,0.15873066639035016,0.0145688472730129,0.5008731240298505,0.11459332921618878,0.12248809183550638,0.014252652423527206,0.041432947445682336,0.1448001699807628,0.02120883184872069,0.023648376798534237,0.07342324378459017,0.0,0.229570017079995,0.10328307197106244,0.039523403958147484,0.03806136127986844,0.30611448181495654,0.053057392450873625,0.03323569673481705
2693,0.14777203210588483,0.10816751048417471,0.022815599100218877,0.0902248480119155,0.3122124102625214,0.1380335612555768,0.039617832517155595,0.5173888201126365,0.06142377169737378,0.10127641492483236,0.01336049421145258,0.049584029923865416,0.07182406131950056,0.022730147576945563,0.02386518777325398,0.06892269941551189,0.0,0.15728384311271143,0.06032282960890378,0.007191141488111223,0.020389783160654863,0.2510072855714254,0.02367112649700515,0.037229220334554024
2695,0.11184416492317836,0.08575906830923859,0.021879220809750882,0.03773688617085235,0.4508130878557452,0.1734376719332365,0.042276161734845025,0.5410719143313153,0.06201027899506146,0.0638374369505704,0.011454188382415522,0.03513547191422204,0.08950240155497091,0.028582826517671772,0.024512596718192434,0.08026364100920275,0.0001020118751771371,0.25414420308460717,0.05181319183381436,0.013793734032543171,0.0201607821336291,0.21921466925431393,0.024406569157448335,0.018418152401861714
2702,0.13408699055189258,0.08070209489152673,0.021513772597732808,0.034510819468607255,0.3087910703952868,0.1393793745474883,0.022902836818664018,0.4865464647464814,0.06254722817466733,0.06282015282713277,0.010490866061996845,0.026710410593607993,0.09183148473643961,0.026534117873981744,0.025096373111211018,0.06097185742796956,1.034126163391934e-05,0.22625549043111032,0.057235887202340824,0.010753699940040228,0.018549868704671207,0.2409813114263178,0.02203030838005983,0.01918397388168195
2703,0.16515811912366438,0.1208680012938696,0.023045744278777685,0.0323712013732933,0.37205703600167533,0.4634248437571021,0.05153277520833217,0.48566121878751034,0.0595623693272612,0.07618921766165627,0.026561173280913994,0.024659203319742556,0.09370748867201238,0.028937869716047452,0.026191846727253235,0.13396974620174076,5.687859816906282e-05,0.19645144773563178,0.0635996240436304,0.01089375275644471,0.018694201367083683,0.3524165895090434,0.022778295227085462,0.03134641551714578
2708,0.1281047754675117,0.10693840075505504,0.020369619248603782,0.0693140231379359,0.44384420780413447,0.2018526739465647,0.03564423322331853,0.5578828949448694,0.10074691500664884,0.07800459041875638,0.033196845739978845,0.019018289590242817,0.09174139818691433,0.020618249291854282,0.037459313973077404,0.17249823329597647,4.1841004184100415e-05,0.32224950224725213,0.04914376913840109,0.001249639477954982,0.025263879933972944,0.27556845683552167,0.03189009749292352,0.027044012448122948
2711,0.12799673326107147,0.11134823138139328,0.022866025359676443,0.03653424696131318,0.36237500776029385,0.12828928549028745,0.03341664850170412,0.47496415790617014,0.07690933978050957,0.06980850501394055,0.012658306504596989,0.033662916355399135,0.10105465756964493,0.027252345633508996,0.023891576413424046,0.06806640372273501,0.0,0.15165257317977646,0.18131964593709587,0.009763039422837511,0.02052025235619962,0.21164743969525085,0.033331468769311326,0.017669889095940968
2712,0.12040303623257753,0.11534204227566457,0.02497985463677315,0.0784126635015041,0.3477814795135791,0.12486096386517909,0.043084182861892535,0.5997010354014333,0.06442972388644282,0.06574423709248467,0.010448030587968525,0.03007894748679401,0.08553074289637555,0.039597807565068074,0.024787979929311667,0.06376573628432305,2.1551724137931033e-05,0.20036324654121848,0.06346115779061164,0.007881064787505077,0.021528500965577343,0.18367494437843354,0.023399906817990965,0.01922202903174862
2713,0.21976210466974544,0.12055342446964774,0.030906412929484945,0.027746616795077866,0.28324830005145607,0.3545916639381522,0.018282543313696446,0.5079250808861006,0.056326201431901785,0.07950204616948238,0.05205805118587942,0.035742510132337424,0.24273408303465896,0.022993664158382745,0.023964337165178772,0.17112922554808566,0.0,0.20486736530940597,0.05946842597423818,0.0025543063941854106,0.0189926369932426,0.4164412087136681,0.09414911238185587,0.023644605098129733
2717,0.12785181204871313,0.0892919833779881,0.022530174428877205,0.03835446581053904,0.4089387946317577,0.12674076568696024,0.040083798549665685,0.48576664893713906,0.06527899902716747,0.06383489341500657,0.011507652138970974,0.03652643045371142,0.08456260147602429,0.026379666604686394,0.02753026306948641,0.061073972088760316,2.4813041662862895e-05,0.3088811804534226,0.06479107742494307,0.008079874987218518,0.021942381252999903,0.1963847228633779,0.026140665184074922,0.018808344050246045
2719,0.1484027888284507,0.0948372516067541,0.023826679550414998,0.036293655820162606,0.4023937191307919,0.12794191708125857,0.08084259940888923,0.46327910321697147,0.0731480463034317,0.06437404327012412,0.010296831124166572,0.026385613176215888,0.08872937261427614,0.028479457230733984,0.024356973997614967,0.06136388266580553,6.434709174964182e-05,0.1565268080715374,0.060178972134920246,0.013785299982991444,0.10038887385517464,0.20602155664313035,0.023636539917810454,0.01932095685966681
2720,0.22188521118185123,0.14923291618207596,0.02476690214897452,0.026716867251823283,0.4445052151392007,0.2983405623158379,0.015001048483445793,0.5009818916608492,0.06326337274381866,0.06522214868016409,0.012815327764450267,0.02336029169132746,0.07813737510637354,0.029976994180658297,0.02380365402715084,0.06962678741811752,1.034126163391934e-05,0.18280757618330484,0.06444562187021814,0.02272837352791659,0.02124445233885202,0.2910847705983788,0.0665831564128409,0.019929078768994895
2723,0.16230908005606984,0.15744811168232972,0.03437432343183336,0.03598794560420871,0.33986087117603475,0.3547566774155133,0.03444445261224224,0.5217491938189495,0.06550952161772233,0.09283491713080684,0.012233794057167078,0.039305187275833674,0.13791477625210022,0.035373307312963516,0.03410860022697297,0.10067080387499454,0.0002857142857142857,0.16658709352877568,0.072926931287965,0.0054130033440382645,0.019934105933805936,0.2665956916745261,0.036150105689687,0.032454219760725544
2731,0.17999116389013523,0.2134020328107773,0.08503498370596048,0.05071590396820588,0.3256570163324319,0.14015305579584747,0.05375602744264449,0.5150882780932238,0.09913044585517769,0.1903632927071114,0.011553569642887203,0.04787450918477103,0.0824448695737483,0.031097702147513923,0.038230048130660575,0.06169079439910307,6.721985980298216e-05,0.16938747042504954,0.05775443183070368,0.009464818290419227,0.022395648960854574,0.20837843146462368,0.12434610049708096,0.02060753340905272
2733,0.10536855633356765,0.0840711731261188,0.019219783269943287,0.02555746089255322,0.4096459738753402,0.13638591472482248,0.01401564428388812,0.550975814652392,0.07752355093876825,0.0687354766242046,0.011769848399129989,0.01971695782275742,0.11259782192003018,0.02269401133483329,0.02651946190832468,0.09485724593919058,0.0,0.37881886193191017,0.0693709650478363,0.02122288958108842,0.015435700351966071,0.2249019762164899,0.019373538480721306,0.015804768023297798
2734,0.1777084057060976,0.1354195088432849,0.022492371885610988,0.03207096406763429,0.36274561245114467,0.1294342166316643,0.04905640739674854,0.504243380894048,0.06476773764543658,0.06822208933713997,0.011146633073775178,0.032503487838133144,0.09239190919937862,0.026590272154665757,0.026178545166433684,0.06345348112144464,0.0,0.15093291126426858,0.07370025368889518,0.008314231353099782,0.021807984992640514,0.22810544729581717,0.21166506683321604,0.018881476262284064
2736,0.23227470191953242,0.1984578214529573,0.09245487409094838,0.029971405599414608,0.4071482774030204,0.13078900496113469,0.03953426663330641,0.37562404731725363,0.08548782043320866,0.24697170472580296,0.05270632191253732,0.026176128670213447,0.14294636039762904,0.02360789562701176,0.024766587728698955,0.08417943515696369,0.0,0.18693199656649412,0.2046359685182434,0.03475300898307307,0.020608012730891034,0.21020353486295082,0.026271133281500336,0.019338024845858847
2738,0.14959346375222912,0.1520481039390594,0.025512426588005392,0.04028726640562048,0.2994314758844316,0.12012788335617372,0.09794169708406489,0.5369438025168098,0.06311106444171678,0.06434811200921965,0.010073776343316874,0.06360771222007214,0.07959924073310551,0.03285707899782292,0.024512596718192434,0.06057964557543032,4.987531172069825e-05,0.1620410011054555,0.06541497772422968,0.013663454719503811,0.020181495857240966,0.20017351437045997,0.38267798652245716,0.01994420581650102
2739,0.15262160491855986,0.11034012581091676,0.024405867524787572,0.03483930903497476,0.3621032173007351,0.12658208382296166,0.05329678726578428,0.44507263534816055,0.10168687241575164,0.06893065723170151,0.010252964740965676,0.025014935674042168,0.11165093514921402,0.027291942321246918,0.025622967866820577,0.06200405416529372,0.0007064959696538643,0.1547427043632751,0.07734688393496279,0.01491569108775675,0.021963509576717586,0.22521507773685984,0.02380072169481218,0.02197466112530226
2740,0.24080116553389685,0.11265916271053474,0.03822373657612984,0.03155612600587607,0.42152979482624514,0.13068877377742727,0.030802736528614903,0.4373144447526258,0.09229050630267656,0.07810465814249082,0.012059435613778903,0.02599821798897077,0.08807657552364796,0.027191067331873455,0.034656671558403566,0.0697792124646393,0.0,0.2135743528752479,0.06674692709679912,0.0066676518361353364,0.018830676057291613,0.21792166084201406,0.025222634362645532,0.02373680811070892
2744,0.10437530091421103,0.1096169153792978,0.020310408039693376,0.040040506082711556,0.3838118369032019,0.11943713879244555,0.021349522698049177,0.5844628664040434,0.07899491927127122,0.08953154473845905,0.01117621313889456,0.025117976319921752,0.14490879795544345,0.025696177205532328,0.03550140492786899,0.07582558684113984,2.4813041662862895e-05,0.385366583130658,0.06680645123591337,0.005559258640980835,0.01669254824199317,0.22270251528911966,0.02066904801099148,0.01803593604899834
2745,0.24404123330207178,0.12282205003388652,0.02186110940254219,0.03942179248282941,0.27576548759937847,0.29249703752055106,0.053357426529476025,0.5096986670974033,0.055172772861094045,0.07266914104082277,0.07457565383770987,0.08688464454661507,0.09481072384819614,0.02451261982326555,0.0231597011919596,0.13369579131169568,2.4813041662862895e-05,0.15784399685178074,0.06094866267732696,0.0049395117355459225,0.021219831462964463,0.3355904389728472,0.24618223164719727,0.06544226099246166
2747,0.15432971277112106,0.13606127959630512,0.018967516141715525,0.029454283890092893,0.2519331229994944,0.16729651755526795,0.010830140718678822,0.5232018584868539,0.07061895943337508,0.1520698795905413,0.015574960008199617,0.021519614376420245,0.21499399335196695,0.021020168670833842,0.024711965926799494,0.11455360722286728,0.0,0.23357934601723346,0.14687771327148325,0.002450238585259937,0.021158056502576596,0.35283856489098314,0.0228398138672313,0.018660616103009106
2752,0.12623964222953718,0.11305997541111791,0.023113804077507516,0.043657490273528984,0.3973818104411098,0.12522902839755715,0.08295594087785339,0.5439618756759581,0.0627179288857425,0.08278257602006985,0.010857938080604259,0.02672430480673397,0.08245850170223981,0.23592223475362706,0.07724642565171408,0.08151261989224944,0.0,0.19375242472824933,0.08280605555704738,0.008495110815507323,0.018027685570385938,0.21516030917685086,0.033850531354186385,0.020286405741167576
2757,0.17564975754190498,0.09683092980312552,0.02594112271606084,0.03152936422613245,0.4135661539932324,0.296625247170974,0.029071305291088402,0.5237680749493928,0.11965912977534696,0.06330977727994629,0.06024496144667541,0.024046988712767402,0.16535866185950596,0.03763940701771052,0.023953792276894266,0.09699095072127532,1.5037593984962407e-05,0.16542274917441166,0.060265103163748536,0.0068740356204366184,0.035241153251683185,0.27048953227652683,0.025852860166302796,0.01745098142866097
2767,0.12026657437374184,0.08929824778785107,0.029449575188959017,0.03416263725033048,0.42004948050500124,0.14015019449804314,0.02765971199682533,0.5281855393670665,0.07644286434920557,0.0684819994503052,0.01160201867607536,0.026350845227816878,0.09635160110259625,0.031130735367676653,0.02486032652134519,0.08452863367404113,4.800604506141463e-05,0.29571189574293744,0.056322217613535376,0.006075763226409435,0.05042812080061715,0.2235260783031502,0.020853737463476355,0.04257970267985204
2768,0.1153851760343173,0.08431954847294967,0.0943716337541769,0.02770822587792359,0.3955267110775367,0.2063839429669221,0.011418615309675114,0.5109389395245473,0.07394210427269614,0.08481625347695353,0.013404356743647634,0.031702538002809665,0.08030623294656074,0.02626674272506269,0.02532708629962758,0.07175281135038791,4.800604506141463e-05,0.3646557438446869,0.04824795813630048,0.0033429362793704147,0.05608805678708241,0.18723265569265354,0.020272174917685737,0.08127081356932926
2772,0.13982170629796872,0.13792296739446416,0.02862271445228458,0.03601146684325334,0.3305036581859478,0.20780487586117524,0.02695778067888968,0.5089200605842499,0.0736441447734725,0.0712409081629845,0.012308796806447279,0.0368052869743825,0.196958053542936,0.03335989435558171,0.024790781286275387,0.11276255104494208,0.010048006045061415,0.24743800825069798,0.06575307313951155,0.01504132654241698,0.016742034160756876,0.3699115175345775,0.02049744584385831,0.01854276749667009
2779,0.22122643945163525,0.1180558228291714,0.0254658381983191,0.03689103949516394,0.4154220086833372,0.26490616986945636,0.048618911623738804,0.48528625670112513,0.06888544313974292,0.12338176993454023,0.011309432854188606,0.02662486648510452,0.1058874373853227,0.22489718467089861,0.03403863788743462,0.0665104994991522,0.0,0.161441739164759,0.06552131094332983,0.026393125087467637,0.03158420618892955,0.22977326066340126,0.02465496684017905,0.018754786012917295
2780,0.17140722304273154,0.11351853495480983,0.024823396823526512,0.040066049748327615,0.4198583482064297,0.12434288789560989,0.05956068465159553,0.49837342676878454,0.06402129993945647,0.06701877690433773,0.010396793750788695,0.02984767535754056,0.08134275595124286,0.028338588360976625,0.034106070678253005,0.06494239765783295,4.1841004184100415e-05,0.15587976508320903,0.06571377435548709,0.021295346245069714,0.02389508765963829,0.21620836717864161,0.026937466669827742,0.017644447105599835
2782,0.12717078507626273,0.10886573013784583,0.04841455215552247,0.03689560941810104,0.3873469426977562,0.12147588463547558,0.013035362535744078,0.5328750506195237,0.09171010038353511,0.08446615253982392,0.021176894380343748,0.03187989718634287,0.09875191333128994,0.021809267909824914,0.03993279788998617,0.07310437627639477,0.0,0.4423398342402588,0.049535688089642295,0.003294243113458318,0.01870098936882613,0.1785927219699162,0.05711352365306192,0.017823300464286696
2785,0.125096080953705,0.09059344158651368,0.023208489193985448,0.04807145375309283,0.3679786019412197,0.13585627713167844,0.0828137513753407,0.5596601490003703,0.06461789791548758,0.06747386046998707,0.010187223615027528,0.02682050041488698,0.08895402564530754,0.029962804593993045,0.024155153592833004,0.0645134711949349,0.00010618809593374223,0.1575011025227904,0.061965383773315265,0.011242141190113552,0.02060457241337992,0.20988982432575157,0.027067666494514083,0.018024640061939698
2786,0.1255167137009154,0.08857496263125678,0.02420789993180442,0.06793949306363763,0.3501094486581086,0.12736523652045384,0.08707987307445438,0.5052235277826161,0.06456477084276119,0.06453046500949279,0.010192636436403437,0.03306468284247522,0.08274926530769655,0.03543420183892337,0.024512596718192434,0.06074667470112271,0.0010401320935355704,0.14840345997452364,0.05888860551780309,0.014478628523750514,0.02077981629450831,0.2012903223417914,0.023985695559546893,0.019103617333982355
2788,0.18738490520388454,0.10765916409818002,0.01703428575314732,0.02253738254833921,0.40434039678110983,0.4142687747923586,0.007037859584030647,0.5431366774942322,0.058386911173790176,0.10436021835153733,0.08154282394218763,0.019895261433012238,0.19262249498380732,0.05272870975283553,0.15563843173556896,0.24837575783552474,0.0,0.2542366033303948,0.09881984417268916,0.0009801653329537764,0.015323330400908948,0.43826906758136885,0.0318167988517139,0.023131175751958083
2790,0.14332925978445243,0.24687793113869197,0.028498517143644354,0.041692252887036485,0.38658228088926216,0.12647237889142862,0.052146432066939766,0.4281632137925822,0.0636871032897494,0.10771341524212977,0.0112598207992169,0.02671367820773759,0.11334877267713611,0.04311058006426007,0.024512596718192434,0.08381449171339449,9.624007752149218e-05,0.1554810587012282,0.3896853256066424,0.015200494883668435,0.021728614458770924,0.23854516727040445,0.027953946910715944,0.019174097257423663
2792,0.17437380195549212,0.11269827967465464,0.024777188678843706,0.03283226063993723,0.3192869562210336,0.19789226092370665,0.03625401459682345,0.5210605148124197,0.06282638859538556,0.08436415914908918,0.04855238997108081,0.03719628781710995,0.21620460436875238,0.023385721336606546,0.02468074186567412,0.1269297227177229,0.0,0.21620504516305158,0.23512098417805927,0.004872581773863851,0.01862772910540304,0.31889097080956424,0.20366703809623704,0.055157285152656436
2797,0.12619826213011504,0.09077895602350707,0.022839537305454675,0.03725902700759717,0.42598054722491446,0.13201126041586744,0.04291528278977624,0.49961325961626074,0.06346897732632283,0.0655422007093631,0.011820345452214165,0.02592873103974972,0.09434117154063724,0.030024039993190435,0.025888433215005807,0.0595310909714509,0.00018500764680593265,0.21564829646127703,0.056781666734653465,0.013369049590233223,0.02109477759197952,0.20669415786623474,0.02370920624255447,0.01895525329992489
2800,0.1312964321872184,0.08772054851989954,0.023849853916083078,0.04092592529399084,0.38960953369838025,0.12814804560054235,0.13524163195451075,0.44115743696437193,0.062153797731311106,0.06453046500949279,0.01003925072746217,0.028593680656054922,0.09933144728099114,0.036938174413028387,0.024512596718192434,0.06074667470112271,0.00022847098914026764,0.1453841261419767,0.05906446646647354,0.015824846039245572,0.020494012726610125,0.2016836490010155,0.029792553636233798,0.019645738396461287
2803,0.4121767815297355,0.2883325522761908,0.040478604441181336,0.02753898571810628,0.2826762721122501,0.3226495501019594,0.016387794417647664,0.40553120930662495,0.0623666343975653,0.06806949792361011,0.03310909299489313,0.024733956837197542,0.1638096937644348,0.022758509774850146,0.02394289448443061,0.2158193021102007,1.034126163391934e-05,0.1678485424849334,0.32905314061439,0.002488597319102289,0.01868400228006733,0.5235314500925623,0.030585803218209934,0.02407040395517586
2806,0.12185105473614455,0.09005132663029101,0.02430184594768954,0.03837538585405601,0.3878128049843261,0.12227668457306906,0.11591146672952975,0.4501742151991009,0.06847889012165057,0.063895810879204,0.010222403948772758,0.027366102594474175,0.10530412032951303,0.03373688249130048,0.028175899923766436,0.0611845877184774,0.00010834646791798994,0.25005819032973126,0.062198097357512534,0.01572936018791947,0.02129222187218294,0.1983840300276511,0.024045930509366292,0.01998164300647359
2808,0.11658073987701925,0.10296915441507443,0.0801184889626781,0.023359858623364215,0.45908314754104074,0.16898291318770525,0.02067634175245674,0.6869018394184462,0.14971811421187753,0.07816581912296318,0.022925137973161425,0.020915482060404625,0.09696606379931474,0.07009884804733199,0.047872432687340226,0.09792489894924011,0.0,0.4992391561046582,0.0699048056816385,0.0041360731823179946,0.019510455072889083,0.24187806409965287,0.08061027189031417,0.015996247735239614
2810,0.13389374939527637,0.10019264167324941,0.02087166948113089,0.1535761712889463,0.4003633327733974,0.1433323600818407,0.021556852170226133,0.5491825856198872,0.06205806827954606,0.06504939027531319,0.01143407042768101,0.04105926520900412,0.08671661994933146,0.027871547489037973,0.02463147634079021,0.0714019181832235,0.0,0.26118403195663936,0.05239490398895637,0.007432749792142456,0.01983403963395905,0.20049147303222561,0.028802359537264937,0.019004044358192897
2811,0.17609495252019758,0.1151498429958107,0.016848695513082473,0.04782214937970482,0.4500713663588732,0.23798709710135135,0.03256003221547903,0.6396137309736998,0.06419414492073096,0.07375415679242484,0.018901939077944692,0.05705830662691671,0.15170773634309653,0.033927690223086636,0.02344023617714866,0.14924781733427556,0.0,0.39128503892387445,0.07668880774873693,0.0018050277023187859,0.07260867200072742,0.2822777753803035,0.04161706422147367,0.026238997108005258
2814,0.12070674850011334,0.0887341713641013,0.0236048627304751,0.032503477095370076,0.440604568038674,0.1288057088433872,0.05196868908333984,0.41834555824216635,0.07870034577945016,0.0671070023900049,0.01013590552688158,0.026105452258378778,0.09682559573416888,0.030978740247505736,0.024973487057882823,0.06310334975522609,6.304363904637704e-05,0.15540618344386126,0.06174115892019007,0.011929868519144378,0.020841164823913193,0.205672560213692,0.023738780610819913,0.018537377209906655
2817,0.2620607479440485,0.09894431461591317,0.017507186780856145,0.03589917612609378,0.342034645680417,0.23009398898487807,0.007709869716606592,0.5721241953238103,0.06253004133818604,0.07313927739968512,0.03713551261717616,0.020240196581070968,0.07351680921433984,0.021701256181928565,0.02428293009741259,0.09327072845019377,0.0,0.2500521170863599,0.06709239056957231,0.0031568836583608134,0.01733022178314141,0.38023366804568887,0.06323989695727587,0.039832783709464276
2819,0.1147229804106566,0.10977010043210475,0.018791663240008073,0.0289952372204702,0.4340188301570063,0.14240118107116972,0.03209456452535505,0.6777964230060803,0.06638450379318918,0.09729519886204142,0.01337484454556523,0.02067823262408362,0.10677021835077989,0.053188052648415036,0.05380171084025532,0.09503965668728187,0.0,0.3674147692875573,0.06886874171824585,0.042103951796940306,0.06090051366350005,0.21890426892425652,0.023217536149976112,0.020771033344151976
2822,0.08493351905617906,0.08405116643037727,0.020542832405266755,0.027994338751915336,0.4816277324820895,0.11759748948760712,0.013765335034501414,0.55622911854242,0.06875703487302363,0.08506346252215001,0.01173110256754683,0.02181313365864896,0.08685673044801645,0.0505044845465392,0.034170472366165855,0.08149965415664141,0.0,0.5286578698545538,0.058770335333086676,0.006917921331943129,0.03318568541167173,0.19317663632280324,0.026573447343034347,0.021079597593459138
2824,0.12886262128030426,0.09031065820828076,0.023564695735263288,0.045191345031460356,0.3767510118360884,0.1283985126373178,0.11363560144009066,0.4664625687637405,0.06406561896015395,0.06376276639529671,0.01194140525496482,0.028676855491351193,0.08948077932719455,0.04158509705314264,0.024512596718192434,0.062089451173958886,0.00016302454553016336,0.15457440824312685,0.058101445346431885,0.015653450558967382,0.033514849892099095,0.20132639722988452,0.023888015136728127,0.01883607570092496
2828,0.20619519510785458,0.10069737444821014,0.023101926290411776,0.02960944572172132,0.3781776342301583,0.13147125101092072,0.03929644882527493,0.42087894793472486,0.07468445850580499,0.07444121138455002,0.010707824514178343,0.025599096183052086,0.21055778947119427,0.026881546310687957,0.024336118033015972,0.07999523548326373,0.0,0.14174917720970365,0.07772453131594866,0.005505131078864047,0.020081313271272005,0.23775556034240075,0.02620650138358862,0.019429663176189386
2831,0.1635305234599764,0.12039366695650756,0.02351374533427493,0.04072199395760001,0.3543033133788866,0.12823267576409028,0.0680161463114517,0.46914204451965275,0.06358319322365852,0.0641705110148662,0.010886354333996272,0.04294948459482888,0.09569427579774693,0.028829535387725157,0.023875254764592384,0.06745208079217786,0.00018018018018018018,0.18463106639120067,0.07073790375805616,0.007509143694263147,0.03028654647519068,0.2230755951295346,0.03151653278202438,0.02623141989745175
2832,0.14418764268247847,0.10101064513212617,0.03174374154620186,0.0309411642083799,0.4239718781577561,0.13445772361320013,0.01845529645681415,0.495757936217871,0.06488849871654438,0.06376276639529671,0.010476389990563733,0.03444853536734233,0.086957566431735,0.025914571181726166,0.02492728375188241,0.061156342487610205,3.766478342749529e-05,0.16444467568385973,0.05802943614516647,0.008628569681877573,0.02081266558742934,0.19751239138819404,0.049955377573254696,0.018453707408596646
2834,0.44318548123986035,0.40124403607473497,0.09121741915137913,0.06600447769648325,0.2888998966589925,0.21532087443177794,0.024600274887129823,0.4273093190143344,0.1403843540847512,0.22888799053190656,0.03366255183778861,0.12830716493394292,0.18053735621637787,0.03259506567460412,0.0335938637873362,0.1093035416726503,0.0,0.16850859699120335,0.6047112441429229,0.011655508333482008,0.03045894327088572,0.27831247975668444,0.1527027901645341,0.024261532862400653
2838,0.0909576274532833,0.080566219217224,0.020501170810038872,0.030189576021156524,0.37578246862502596,0.2559123720289922,0.011166202091881022,0.6582199841769029,0.0626028243327645,0.06350952762125084,0.015433657180267624,0.022314358399324562,0.10125493939030933,0.04478813214372999,0.03775367526038569,0.16030492621932907,0.0,0.3775556053095497,0.04795349721118134,0.0048495931794841065,0.022957530490947172,0.30099785886141806,0.022379179397118438,0.016904014251328092
2839,0.13367942275027248,0.10956055891687347,0.025797638978203096,0.043137350274295765,0.3714243274665514,0.1341877482961248,0.08829992197425064,0.46446578170382347,0.06550018281868815,0.07575182458815044,0.011372684695350566,0.02947046582469137,0.09921005918909297,0.03218387254663929,0.0239932117360981,0.06854474221136066,0.00011127767150645458,0.15445770027720476,0.06159164440212088,0.030922269467611917,0.021874933263656863,0.22546023094593373,0.024110711136596474,0.018879632252034612
2841,0.2047723019410655,0.09880780130631882,0.026803218234227804,0.09473254370816539,0.3970394798546974,0.2317700223865273,0.04127872128017392,0.6526794700955217,0.13359222338764085,0.08045490982674136,0.025824028598283297,0.08966713847309425,0.09003021495359378,0.03565935544967872,0.035749110601978884,0.11771889488855504,0.0,0.5061249620086864,0.0828948983547819,0.012467691679775041,0.04336022973290308,0.2108691275655997,0.030037269707752688,0.016112219297893745
2844,0.20474893093378152,0.31677533211637365,0.04327239742373319,0.0610802180281594,0.339393286167952,0.1961883522078928,0.028192048623124237,0.4976876994313979,0.08311518648661564,0.1255469891664318,0.023062916175207348,0.05412351556958088,0.09376045233159579,0.02410334369401232,0.024216822357872793,0.08200337685343698,0.0,0.20312086074965108,0.09102534636918173,0.016818074909540705,0.018971236754487576,0.2229792933804277,0.10335949672913713,0.01844874908355923
2849,0.11252595246899996,0.09174090392330574,0.02305228490353741,0.04006029583607648,0.37206579836015813,0.12413692708711528,0.10625813867816036,0.5570109020549493,0.06406561896015395,0.06434361113969675,0.0111653734065233,0.026123206934082564,0.09884404365483362,0.03492748052144807,0.025149193131039024,0.06105622063800006,0.00014154947905285526,0.19884670447516098,0.05294082979041379,0.013681724199241215,0.020244247567555336,0.19838438321202986,0.02266007659384635,0.018184835523151158
2852,0.21962505721805184,0.1042158190519164,0.02289830726433975,0.029254576655699315,0.3487699665889148,0.1556860167153047,0.06473132267376426,0.4990385833960012,0.06315375936457113,0.06649002530939026,0.012354397395637186,0.026633895310290007,0.09495641780169736,0.037869343671878844,0.024689155539431528,0.08403020480707861,0.0,0.15384486605612382,0.09945301774537768,0.006124977801095926,0.04559364334773003,0.25448866507516543,0.023196655937435934,0.01931614409427373
2857,0.1279942711090004,0.21019305695077029,0.06771809943034918,0.06908921851135902,0.41049427096408864,0.1277995136726984,0.009086127973624512,0.47739348624733396,0.10302174339270687,0.23234952788299323,0.014502185982069198,0.0272018540353006,0.10765040104122463,0.13237360760216288,0.09158379263101367,0.08052280099004026,0.0,0.4976020693531879,0.1103903188292349,0.001805215338898004,0.019682723697697108,0.2050799044660584,0.02538469915548553,0.018958852877573918
2863,0.16404741343354942,0.24886419546405186,0.07475409648934696,0.027495133633879346,0.29141673486195424,0.126034922602836,0.026631894636116687,0.3838060250975155,0.14959185768932384,0.2190274099642502,0.01115514501466616,0.026855914399602904,0.32820777004750745,0.023126327747882373,0.024204059872905578,0.09066495656313654,0.0,0.16633143549191773,0.13985238128900893,0.005051357460040975,0.019302147034738305,0.2315579734316757,0.036674938869787434,0.021673840105151512
2866,0.14916862800635008,0.10003993060865199,0.02754987731208219,0.08346065999992158,0.3047888594029201,0.3499319186828835,0.03893760401538919,0.5534620724929993,0.06504945476805492,0.06695308243788986,0.011429663751447381,0.03325794537990241,0.10751858001982909,0.025903708186266625,0.024512596718192434,0.08534984469154158,0.0006420969922801468,0.15921888706288748,0.06355058604846599,0.01043723280171449,0.020733019443720076,0.2922104074727778,0.028750696710891668,0.031219378449399406
2869,0.13362202994573194,0.09427124883844758,0.023577512409024348,0.036773123677728524,0.39312427484640966,0.1335398781880004,0.041400037136925576,0.4772471000485315,0.0639378061402462,0.06379634518907891,0.010907326429422104,0.027795015115712345,0.10526705237932134,0.02727141473236305,0.02416535118297101,0.06293995349678351,0.01,0.14145546349525065,0.068444269437844,0.022605043079229746,0.020952985158027317,0.211532106445889,0.03476574927268273,0.019103617333982355
2871,0.14611694034769568,0.10166461123382164,0.031051866088280537,0.025208559007204197,0.39617640460070236,0.16923917395024357,0.009546900080584304,0.5325168440509472,0.08170290795783768,0.12431083336909272,0.032309957826342516,0.06702334540103476,0.08806318990058934,0.07784228062942838,0.02874524545079371,0.08285891317328158,0.0,0.17828135260635836,0.06737483168175236,0.003405138764184987,0.025550804454420723,0.22073083900158882,0.07379472519339063,0.03894377904906895
2872,0.1451532506013072,0.09166012368048065,0.028726382364811558,0.039894901548878696,0.4191720325371602,0.1225048900490292,0.034646941210369604,0.5211614446528913,0.09046394875785096,0.08451587479001947,0.01139352945501353,0.07687736759628076,0.09378177410085152,0.026590662441329852,0.03661237251624296,0.10533442116510228,0.0,0.295928933142991,0.06672600908286791,0.004146484299590364,0.0184516017089601,0.19589007301880493,0.09238521354092157,0.027974392496986487
2875,0.19325655261702632,0.0979861051124891,0.02074296941216598,0.03193572558987081,0.40184619004017663,0.14436912507506305,0.020527535398780262,0.5550693418193561,0.06308797175684899,0.07820875162854089,0.011968856896649591,0.024946901937857396,0.08017827490530874,0.021200568539691777,0.024324986542098186,0.07645473673831366,0.0,0.16203745064763084,0.057923993994355154,0.004374206582723943,0.019980783991316045,0.2198269511581883,0.03180085307835793,0.019997758068372135
2878,0.11993129204212581,0.08517925058281245,0.0231479882509478,0.04204018313548556,0.41176712029637375,0.12814804560054235,0.1276072541840346,0.43486330944568247,0.06423698963312122,0.06523601843309894,0.01003925072746217,0.028243892813263453,0.10057176808136001,0.036938174413028387,0.02447096864421934,0.06036707430622459,0.0003861551141526243,0.14907995021369166,0.057891897642315275,0.015268040634685585,0.020684624619616863,0.2016836490010155,0.02404706377091448,0.018226369929548625
2891,0.23547339687944846,0.2434166061624642,0.040734490428370025,0.04431552543668857,0.31052727303583927,0.22234178290326106,0.02239365005300204,0.42907454763582764,0.0796489277968061,0.07891222960324284,0.016163919039279304,0.04770597503613547,0.14935813167048653,0.02361151613796373,0.03403925593813535,0.12009332321378746,0.0,0.1555284198094328,0.07392480327263315,0.03323262162624699,0.016864559551073563,0.3326602278772062,0.08359468297409897,0.046860380176806514
2896,0.1694330968070152,0.13370018777020953,0.06562772701765134,0.03777655466979782,0.43832942628932664,0.13333734496098715,0.0228467479041265,0.4737548539598949,0.1622479600252558,0.09673386080768305,0.08289012090351403,0.0235507981615469,0.12536997043290987,0.043003349773670874,0.056414896503861583,0.0998486313736295,0.0,0.21783254857783402,0.10266355538956158,0.037715913411836985,0.14712131324157518,0.21937672693279078,0.028941080887861594,0.055126213380246834
2898,0.14193005150963378,0.16776165905961585,0.02036875140670678,0.03581237821702794,0.4956805368869621,0.12451988786373056,0.013662001445226456,0.5319927160946272,0.08859633378419826,0.0730819952921164,0.013108342971220217,0.029725845484190744,0.08058173428038694,0.026863818018631327,0.025491981517914285,0.0706411077493188,0.0,0.3219251947144489,0.05670576281732604,0.007244709438036138,0.03555299283479413,0.2087703089870386,0.025732473007375144,0.016832000461110053
2911,0.1687120904696778,0.14062632043830697,0.033183349565656786,0.04344229647076009,0.34505830849065267,0.16944075852107437,0.027146925507249703,0.458027558311333,0.08065577987921284,0.19058523092533897,0.0112712823150973,0.0226347362924829,0.19163516057587276,0.026683814939957105,0.026659323349005015,0.06733679611172884,0.0,0.24823345951470505,0.07774571903010324,0.004686921583651308,0.0399416844114325,0.3206493876641897,0.023617452657538944,0.027577997983235247
2914,0.12399598188954633,0.11403513336438316,0.024582097285481948,0.043720471321956944,0.3928415204897046,0.12626487143776996,0.08685688867222825,0.45517433687814873,0.06489525270044252,0.06307551106689306,0.010130642974589819,0.030307233736473642,0.08106808216725375,0.030206173677433723,0.024512596718192434,0.06052535247925379,1.034126163391934e-05,0.16849997122185362,0.30269556567950473,0.014855396763197727,0.021225831171694853,0.2011497124428873,0.02396374406886218,0.018320734379391853
2920,0.18719379735303399,0.14224095832928638,0.04614361493365573,0.019738546342603806,0.4408755426158077,0.28804772281446317,0.03388788815866335,0.4640890162395995,0.10809511435966089,0.10441770149100497,0.04881363532991226,0.03401626293455209,0.13304952432683764,0.04066653285210254,0.03381078515839771,0.08796384918418569,0.0,0.2595036844543062,0.08730513126419227,0.0020689831163196067,0.024063594346860007,0.26222654038584525,0.026224092221835672,0.026459162085965122
2923,0.21827247375243516,0.19876274953331916,0.029716751028913805,0.036048336083253904,0.3331416316481085,0.254328488091795,0.05624954097856971,0.38641101311545656,0.06355918950504912,0.09237350271957114,0.030141818078207292,0.03841149185676729,0.1822934562019436,0.027935953602638418,0.024512596718192434,0.06450246341765865,2.188183807439825e-05,0.19540598377693144,0.2920265401977688,0.007044643249342768,0.024698375996665214,0.2569271096880976,0.03741105335436589,0.018207912166702013
2931,0.1399500233219156,0.10943830842808737,0.03258998248217397,0.03416318707511473,0.4158109068797797,0.12651533847454538,0.041760815475412015,0.46855241786234203,0.06397203410406867,0.06421018684349962,0.010166439497140689,0.026556246513394867,0.09633193681676155,0.02771113852415668,0.025592040311313888,0.06092936422343664,0.0,0.1577477988245257,0.06185961120566608,0.02031324654025722,0.021024159581758576,0.20181464549855843,0.023962821995082928,0.019708770786402124
2946,0.24350819487745018,0.1047690421752457,0.021921233265293442,0.029377071746294642,0.32406617199277465,0.529079347429197,0.024089347011899572,0.5807274381196439,0.07217303109258787,0.07916828363656762,0.06847698966377185,0.023594470146006446,0.08300607838234887,0.02440120125576569,0.024755007131935684,0.14067068728600648,0.0,0.22168430022612987,0.058362617551084704,0.003012436419413233,0.021661621948346754,0.3663526299721623,0.029626873449822635,0.01951814595772563
2950,0.13311858909141316,0.09448121224665375,0.022024283787696004,0.031138676139751006,0.3856671623825803,0.14070383195208508,0.024407585167860416,0.48306752916037077,0.07308254833109466,0.06407195002130456,0.021911267798538053,0.02563502910384228,0.10062082376609491,0.02319144078921788,0.024899090393813435,0.07047746718190702,0.0,0.15705348788075102,0.057970073943967144,0.009028837749909466,0.022931082846441055,0.23799836241540764,0.023218516566027782,0.017628755554427937
2951,0.2488400761802706,0.12954902424251286,0.02209335608650817,0.035503365817633845,0.3493492933299628,0.12895259161947364,0.10957903001799957,0.48670322608906313,0.06385823129031476,0.07878901125781,0.010637993137023582,0.09718065243314757,0.10780938898030928,0.034324769155117306,0.02482284920300872,0.06306547337732,0.01,0.18301215889357902,0.17353414656065483,0.027602066786157457,0.02033624053043251,0.20510336176807,0.23609550820873706,0.026325269397650092
2953,0.08847533000419369,0.08429047316226786,0.01982455228484728,0.03685937454339352,0.4221786297919847,0.11594778534889766,0.019189259524388408,0.6334083493509486,0.14935811311655725,0.06791962206877371,0.010615786863181464,0.021781602062585094,0.09415168906597202,0.10981672973155121,0.03934005488818845,0.07810488894745407,0.0,0.3835329677844133,0.04636910545036641,0.0034098897612465256,0.01839912252048233,0.1707815201274561,0.020139023531184942,0.018316527355251685
2958,0.13248653681616662,0.09455515772015671,0.02071861660481229,0.04353574389202449,0.5498328530493078,0.12233424631735669,0.05494103460524125,0.4940297468285471,0.06489537286418182,0.06596670528564819,0.011938571216702092,0.027402988125288307,0.08473739441440876,0.07512128798142188,0.05945320127750556,0.06281528960777477,0.0,0.17467891988632123,0.06530000311662444,0.009678706633254517,0.019680393018770934,0.19644996433278308,0.029103541141595128,0.018502717152404303
2961,0.13574402543121736,0.1142648765770157,0.016052172481065007,0.047906095231641695,0.3876887879834838,0.23645640325632325,0.03996001399420958,0.5949625331360698,0.09510214565805254,0.08469495254017702,0.028084095617803208,0.08031322792701388,0.13416595767885695,0.023301380810247557,0.03452649717603943,0.11246040069325465,0.01,0.33657007952504636,0.06427536378045223,0.03228400729620328,0.036794773784303764,0.23438193248844594,0.08001767181965821,0.0171221744127373
2964,0.15366285339147995,0.23764233497445914,0.04209981875782984,0.0273435909636383,0.29314711302838087,0.12865665006310154,0.0386137349548189,0.490467708365995,0.08388287136496761,0.10469548412409085,0.01302691717203696,0.025591317201559674,0.2672304805351682,0.022513599866139516,0.024301082760124552,0.07494900782359505,0.0,0.22388068059119168,0.09695659910928618,0.005324649972471867,0.017659052880778448,0.23841292540657258,0.0225167360985345,0.05541053301927617
2967,0.14294808422266064,0.14040206860832571,0.02338415444317642,0.03612622091038191,0.34886211402478295,0.12975312309424067,0.025025261606278163,0.5087153960959753,0.07433280664786694,0.06961004025152134,0.010625319988136074,0.04446404913066254,0.16868611416655704,0.024004074901593224,0.024097550964524355,0.07684952510357239,0.0,0.18165752589974754,0.09565310446100633,0.016220146318265113,0.020443020984294777,0.21642113392295312,0.03467919165025538,0.022163152122286537
2969,0.16241640779688601,0.10815239816685772,0.02375056205561618,0.03563562967468531,0.33923768511581515,0.19413565195397267,0.03882639987169992,0.5059442319581532,0.06690288847503467,0.06820720604758794,0.011674376744624411,0.03967870040904529,0.08304874597915317,0.027211466095607227,0.02459797375350817,0.06578043141083245,1.034126163391934e-05,0.15157165672379033,0.054683769872794954,0.00949487934364076,0.031127739883153326,0.23938382870623573,0.18712243202283688,0.025311169923864316
2975,0.27813625074703086,0.10434856151602435,0.023466745499647085,0.03611667210595023,0.3938636953645658,0.5310617084749063,0.050363952184790055,0.4564579861483123,0.05843202772725895,0.06315078169491423,0.022369994326461192,0.0407511910868232,0.09289094644674398,0.03686983749923388,0.023661183325640406,0.17055818936769745,7.75154190753206e-05,0.14291874808136357,0.05888860551780309,0.012912945270801864,0.020209067833609505,0.4067005231480259,0.024299397061057798,0.01886215393917784
2976,0.1846384466784428,0.15556763272339455,0.03197390801280516,0.027776974280806877,0.41122548788888197,0.23847541302588657,0.03306547676513248,0.4672964629551755,0.11573418448234302,0.07891665962049202,0.020173403919122642,0.023918327896863194,0.11780758577267539,0.02716206337250417,0.027481128159321036,0.08827302342079996,0.0,0.24039549364592974,0.0882655147000469,0.005315985749466612,0.0780628411493204,0.2176297758112133,0.03522029625525283,0.03003955687841001
2978,0.20033954734653472,0.16310773835113232,0.02159694522268366,0.048282072175640414,0.4143637809192244,0.32613699708786065,0.05156180290401966,0.5141550402737602,0.05661470074424157,0.06350530361212006,0.026659123753562258,0.03510208935990158,0.08412234184476412,0.03974335572767501,0.04938286825815744,0.10439066746816188,0.0,0.2621474538738965,0.06521627061122595,0.004773467971050092,0.05165349776786526,0.3107113545184943,0.023658406648187545,0.01772987956471036
2979,0.12906051369117924,0.08772054851989954,0.024115749869840303,0.0396435682724842,0.38731975203579877,0.12814804560054235,0.1261750122842541,0.44447547071002846,0.06406561896015395,0.06453046500949279,0.01003925072746217,0.02752961710927061,0.09216406253179402,0.03446247794455909,0.024512596718192434,0.06074667470112271,0.0002966154322488544,0.1477728235852735,0.05861679206867515,0.01719511021805118,0.020841164823913193,0.20042543882039154,0.024045930509366292,0.018679284256983286
2983,0.32484701533562244,0.2385326811385033,0.05265871773925269,0.11425531063695869,0.3176154999596879,0.15774855030787743,0.1036826823036469,0.5088968150442991,0.0691192410274785,0.14284816366300052,0.03706486946893885,0.07821751165008131,0.12534077393253365,0.05164694317147032,0.03010196985827191,0.0840234769210266,0.0,0.21852796529573934,0.2433476905871343,0.002524678842190475,0.028559935700112286,0.27709956461156204,0.08002700802493756,0.0480940981303486
2989,0.21885237077965236,0.14995675230736485,0.036602524374522605,0.024429443525810165,0.2656619678684374,0.2924510329508914,0.02212070319978843,0.5260799178976044,0.06640511815974194,0.12180364959791738,0.04017381892557264,0.04324002957451348,0.1058908356740254,0.05620473483265071,0.035276025223073576,0.15560982099111886,0.01,0.28803345094710847,0.0851943620193207,0.0013076435667620672,0.027822286450097575,0.40194516842867634,0.26324683717669867,0.08890271177548538
2990,0.23248739687180198,0.20057266512292798,0.02096408511378791,0.03666249184782166,0.30350725619729624,0.1575145003429921,0.008873618759529644,0.545642450756092,0.0655641142492247,0.06348291512168726,0.013442065355259785,0.06918541628812744,0.0872040604593443,0.020516636503913555,0.027527240957866773,0.06328741143232347,0.0,0.26151221565740507,0.06412873980018757,0.004045061614776887,0.02669850130145384,0.23179773088436367,0.18397215219918234,0.02483659941470517
3004,0.15145305354500505,0.09660170313516778,0.02496486311032351,0.03096107991816767,0.41314996631939427,0.38976178950461926,0.07815464752555698,0.4501522628120878,0.06360995737313441,0.06557625020203041,0.011100995583803392,0.028085404866715444,0.1363175523130219,0.026458382868631856,0.027820016546905166,0.2526017135003436,5.27023774124577e-05,0.16647284259957545,0.0736407339907023,0.02012226039751082,0.2347767268694115,0.4090788475973418,0.0243832495594327,0.01903626216887029
3005,0.18948201036936768,0.10769224776966758,0.021904309553708316,0.03763072462797512,0.3157000461424774,0.35010098960795377,0.048658519538174995,0.5324543941381389,0.057182119831438574,0.0656070420633319,0.0537909663265745,0.03936099935649782,0.15323062008602142,0.02476689521498002,0.02388643958131669,0.15750522505051592,0.0,0.13543657216735605,0.09762710173093422,0.005821325108298684,0.022260278721078625,0.4119370230280001,0.021791657803035887,0.01946611082699373
3009,0.1055009103325288,0.15623089974883306,0.037023217503247226,0.029111128429254854,0.431603824489486,0.14072448834797993,0.022818721567691838,0.5926304649114698,0.10356006411345801,0.08729535069319282,0.011019306472669908,0.032587878632012776,0.10018258608280436,0.02743064412572658,0.0362058135967914,0.06112286574192604,0.0,0.2229422746546812,0.056963665413813924,0.006430861665810587,0.28562281517066923,0.200885819336127,0.023607820508620724,0.019142196704345374
3020,0.1795159892591972,0.22190869754933565,0.025011234252257885,0.034315401159052246,0.42481209934191855,0.157503983065116,0.02669384570240319,0.4189125392137549,0.06594687879021773,0.12586300269961315,0.011892331934052843,0.02432327249714707,0.08994894017293899,0.024023196475823457,0.024324655111001885,0.06124632173688891,0.0,0.17258674751293795,0.3673884912096104,0.006550508997023077,0.030654969389629506,0.20873667298549095,0.023047328648260788,0.018268135550349212
3028,0.2616546065583222,0.18075315018602242,0.02350426356582662,0.030453018561516353,0.33661380800616525,0.1766480552272941,0.026009027480834487,0.5261822361522132,0.06687768281152244,0.08801995030058204,0.013251899814901274,0.024978230171613713,0.09085426310424057,0.02430842759106975,0.02608630422021403,0.08828615036019018,0.0,0.32515289002594705,0.07633289406023039,0.01477666506687384,0.029527407771182165,0.36635992805637024,0.026182276949347324,0.02029553377600448
3030,0.1364031519626958,0.09120238466767333,0.02420789993180442,0.039134040856405275,0.3818326299858855,0.12757558852118658,0.09573790080119354,0.4568312465177457,0.06456477084276119,0.0659267524368733,0.010786989025707102,0.028193044690082672,0.09855415611253142,0.02956851946604877,0.024512596718192434,0.0633997452086367,4.636476580079393e-05,0.14904230109719563,0.06135828503705249,0.014456497130732065,0.021382088376700935,0.207822494218131,0.02435990289215463,0.018679284256983286
3036,0.11742472126820008,0.09699150810505267,0.023739904053604086,0.04407979805538458,0.3405711726641629,0.11921470417102065,0.07838420906502547,0.5239102143524538,0.06252962499489112,0.07053296870659871,0.011966919507561813,0.027493989191785063,0.09006949077072962,0.028426259248503588,0.026700239704008033,0.065076476182877,0.00019465196020912372,0.2488380409996597,0.07567856922379984,0.022095993692475474,0.02696532562828274,0.1773461428639669,0.024920150718507516,0.05205107219698279
3040,0.17696570675131296,0.24004690623188524,0.04927768179028203,0.026064071998797216,0.3382552365728715,0.3325814574007582,0.02972169453475943,0.45802001715101776,0.09735949870586977,0.15336106709917197,0.013635841648404345,0.02186401649326274,0.1312698411976724,0.0313987747475475,0.06313247134230075,0.123814984815841,0.0,0.32424160489026405,0.18365165479838277,0.003801097150098397,0.018040758087919065,0.35638966533192346,0.022491531323902594,0.03188154220955592
3041,0.1373503711354754,0.09681808684317056,0.02900592319437768,0.03169826350820026,0.41616333814460527,0.14732015877314417,0.027346914987455628,0.455935996930518,0.07912353422444941,0.0672073295889568,0.023234175738341124,0.0235501799623379,0.11515126784493997,0.026419665979531763,0.024155153592833004,0.06074363824688831,0.0,0.15876573270213729,0.05884886091412553,0.017286135417068624,0.05055527357074253,0.2161669526787869,0.024458527271669975,0.018332603631511582
3042,0.3409794722734754,0.17052440489701431,0.019408750572638404,0.08687166170449624,0.3484186255248073,0.3210763772336714,0.03315198458733806,0.5896638092203205,0.06370221078525545,0.06726949731479515,0.02180617958145641,0.05903129083663114,0.08145116983897273,0.04382573949275205,0.0367103862219137,0.2021929852981234,0.0,0.18282976312674276,0.09288742734159168,0.02647443265276916,0.021875955538776626,0.4826759738597676,0.05115636616538672,0.025867124952439147
3051,0.16482320453055457,0.11390059610680225,0.02288741118779062,0.02182744380209656,0.28410416883702694,0.3128613597812352,0.023965353314557687,0.45335685366347883,0.07902395638868223,0.07571953762089464,0.021669061999462644,0.022114414347764053,0.189612131038915,0.031638588038278126,0.022963646557187398,0.23146371701596904,0.0,0.3029085593700632,0.06074580755531542,0.01194708260082516,0.019103436070922807,0.4451562812131035,0.02098326565814233,0.017926982652096933
3052,0.1342765724659501,0.0964216967008697,0.024163284464829297,0.035230670036425854,0.35403571833471537,0.13830730040963896,0.0935984154282058,0.444408809528679,0.06436323502953925,0.06643648098974697,0.010164704992052806,0.02983416383181639,0.10425921708047736,0.031402614045825054,0.024155153592833004,0.06228927003738269,0.00019569216507320003,0.1590630257466959,0.059424909079616575,0.023651092765900227,0.02071498577694188,0.20545267210909388,0.024604871595364966,0.019158722993649454
3054,0.12326490172338572,0.08828754058770727,0.024115749869840303,0.04841511392003687,0.3806690212540417,0.12814804560054235,0.4512884041242039,0.3176510969763226,0.06406561896015395,0.06453046500949279,0.01003925072746217,0.030580814978467746,0.09270224768583424,0.053495498263480414,0.024512596718192434,0.06074667470112271,0.015680006832054977,0.1409015509988072,0.05861679206867515,0.0172855670249259,0.020684624619616863,0.1927360746921522,0.024045930509366292,0.018679284256983286
3056,0.12014350290995678,0.08939163061751149,0.024866279169081545,0.03821985505103651,0.4777667196058409,0.1683403940314446,0.04917731575202053,0.557061268557844,0.11507886638870397,0.0640881589613307,0.01155349959473607,0.02558580582837452,0.08408296293755897,0.0341538623915046,0.024623029626107393,0.0643825476747413,4.987531172069825e-05,0.1762598255171659,0.06745434311121119,0.011782760405386646,0.02119543455881658,0.19647808492805482,0.021708424717591438,0.03121146495323218
3062,0.19598102356183272,0.15047519419934233,0.053997554934992156,0.03273843061535414,0.45949373292830104,0.13564995556433848,0.030726496955287588,0.5201627357083232,0.17318708097729973,0.0990175701770941,0.02298423355476646,0.021452208789696166,0.09930914656486792,0.03200905149816344,0.07406086757025744,0.0752609428125054,0.01,0.20125320509272682,0.07878517217172759,0.013399342422023857,0.16730603687370416,0.22467654340345214,0.03556119381191919,0.027805699851169884
3067,0.16639180820585797,0.11638724826939839,0.021236022982443363,0.03601409718207318,0.283001454595394,0.13985807967084124,0.032814671737297005,0.4664606196515738,0.06078853535252082,0.12051844620380532,0.02138947845957262,0.03069607278439802,0.1748025609915909,0.03512121884836337,0.024312589055376872,0.1298218937414493,0.0,0.202221446042398,0.07887390365810801,0.004449906938687535,0.01945404982327767,0.274506441133307,0.024177950555951764,0.019385339411793122
3072,0.14099556045748698,0.1599417838197676,0.024000827687413975,0.03150308028930132,0.34938537786269114,0.22475757560269458,0.020861927164604818,0.4582781920871881,0.06990245257987286,0.07762523891548385,0.06620093302178362,0.02560969338005492,0.16832675011053547,0.022818214380312538,0.023575521526236657,0.12845137128267614,0.0,0.14872046592113747,0.07285247508207421,0.0036573658313492656,0.020204496186945056,0.39801045952288133,0.023606997843310187,0.05540954337747665
3073,0.1176408751751361,0.09977693335894616,0.020456778241161416,0.03910118749265283,0.3874059302254816,0.1257696579568778,0.011225737689792428,0.5378878954705761,0.0726051855281566,0.06820675429502361,0.012747114342965288,0.023311378901595625,0.08991371055365543,0.024552114796901732,0.03814622518113303,0.0680630401215425,0.0,0.36389894670465933,0.05895896206137149,0.004677848597831125,0.020377947059448544,0.2195538448722357,0.023847720035461237,0.04153161857964495
3081,0.14646959984981428,0.10217329287743265,0.02163536866581488,0.023340914269020473,0.45596632220895295,0.17988674625263673,0.031465639558388686,0.4481098659431324,0.06560767008351333,0.07911796971313527,0.021089440473925455,0.03415762639636963,0.1860863752499075,0.12002475776221294,0.025411893875377192,0.08219201049001441,0.0,0.1834020154082521,0.07358241855069583,0.004810352765974525,0.029397771717710706,0.3542304948948285,0.02346319417123493,0.026649987947358008
3083,0.2033619523786397,0.11988967366636935,0.0220406200257568,0.027499769522670567,0.3447515541285861,0.3035742296836176,0.016985139475849585,0.46041679043831835,0.05804960014711238,0.0645038856245068,0.021815152211838176,0.03575930986186984,0.09220960983535648,0.029130117370001124,0.02322732106110774,0.10376216091863091,0.0,0.15519839671404587,0.06460822275546024,0.014445075982492662,0.06759242670479913,0.3147635929002345,0.024763609197180018,0.03386351191361221
3086,0.10402147526613287,0.0892259078452275,0.020256817725768657,0.04046616111642708,0.37742448318057453,0.23694341567756247,0.04721253910155124,0.6023062794861618,0.07242411951927892,0.08035543299822785,0.018370749887587627,0.026492380652987688,0.11069642020257713,0.029088890152795824,0.025053450008260494,0.11142109473611331,5.1813471502590674e-05,0.30786665965780896,0.07524493030601928,0.017903567643209058,0.02043171810475478,0.28380840028757137,0.028989142237606753,0.017314736729701508
3093,0.12033455581272706,0.09144833562214942,0.024727069694540017,0.04729071074843783,0.3794214724937025,0.112893255195918,0.038917411670542204,0.583534489896482,0.06461789791548758,0.06606986518459297,0.011518704387175274,0.02713797858769119,0.07742407724761417,0.04053897193165874,0.026491074016581476,0.061168176031919576,1.447178002894356e-05,0.328588435808578,0.05678998221240542,0.00920923057798804,0.02440293282087136,0.173734912277447,0.026328706243353168,0.018300237694222593
3097,0.1915982692681266,0.11110596775638529,0.024719629867957303,0.03189289119659531,0.3678091812217261,0.38777406519678875,0.05320880277293551,0.5309473958942195,0.06174814494692665,0.06594128923174492,0.010995298285604955,0.026047201236541064,0.16294502677620812,0.03669092667860257,0.02805088236208285,0.14844971695807807,1.5037593984962407e-05,0.1590244327825294,0.058476374274705506,0.00782016606962084,0.018521219108676962,0.31146217333872517,0.024328208815838623,0.019533408685725583
3099,0.16669289178510294,0.13242923240850313,0.03276512095551837,0.028253800429465428,0.30964889486617664,0.3830392753697989,0.0623228668180107,0.6066683431496763,0.073055909359276,0.08103060876662967,0.013234119619283297,0.025003379881116995,0.1573416976898221,0.025763975725657393,0.02376146231848633,0.20194683316956713,0.0,0.1685339836263701,0.12016477528958051,0.013555556698412794,0.021621235621093242,0.4288926078714777,0.02309783126660833,0.019702973198131937
3104,0.18025709988583613,0.12337431790743658,0.021716640828855684,0.0425066917460097,0.43832143908629695,0.16872937645534797,0.01667870110689586,0.49208600966059,0.0652850787507831,0.10464132369596245,0.03756844005269546,0.02402228421685537,0.23199713616994697,0.027797138267252323,0.03675352069327593,0.09410313364080528,0.0,0.2892499258351196,0.08895584490567174,0.008944033059790133,0.019784672929188774,0.2885458576408131,0.026823308680717934,0.028303851992287164
3108,0.3180272896946071,0.20243184394622285,0.03409194727684746,0.025157684965715677,0.3782017446646993,0.16235429614322341,0.0167064400577199,0.36884517428911,0.0993421436014099,0.09805560544764509,0.011536450536676785,0.03707556656696532,0.142349828198079,0.022915378384818285,0.03417315840049832,0.09873369232702975,0.0,0.1630281779069236,0.3325150128863877,0.01476288838740744,0.017607877001941986,0.4280450277779591,0.036966251016660304,0.020583156847244974
3112,0.15815838542308025,0.1230499066455161,0.024870661889265434,0.02414050728805728,0.45656705573329026,0.14678935460927595,0.052237533960134294,0.4474868064160744,0.07604111442399587,0.07987545877169795,0.012550785805680684,0.03293359342802619,0.14747292839390636,0.02125677974100662,0.03582317192934101,0.10803416367537377,0.0,0.27020478963032657,0.06304071861789334,0.005966773949226377,0.02043524442313789,0.21952195550326778,0.055468067715824916,0.017220208125344364
3116,0.14066721401061189,0.10679581671490639,0.025392312645444344,0.03873814820934689,0.3824529573896194,0.13411175416585283,0.08334954060660911,0.45517955950537314,0.06376155168737212,0.06621529640257044,0.010268514794832727,0.026059941177003963,0.10096791934635531,0.03113031072048846,0.024512596718192434,0.06854474221136066,0.00014918995512807918,0.14987874654927327,0.06259335805419532,0.01480693552786701,0.020424665143125048,0.226714364324161,0.030391437364204174,0.019464674497570878
3117,0.15982579175946782,0.09591301415220756,0.026608815760556688,0.05046550335815633,0.3668581506921196,0.1256266382086171,0.33459557297148024,0.38100900885358713,0.06903805056367557,0.06438171189374814,0.010657778583085859,0.10751754096216189,0.10116604063954705,0.2232959593082893,0.02535268832446655,0.06146947217723417,0.0,0.15760400268690788,0.059502097119989016,0.008142656424569813,0.02054536550995592,0.1999837934797414,0.023743066759573713,0.018655059017360625
3119,0.15523227936443998,0.11873326500609442,0.01996609239838422,0.04704449173385893,0.36248551958883063,0.12606220248280933,0.062340972553600535,0.62150524759454,0.12119053765195781,0.06652699890974477,0.01581812477642454,0.05320543724748294,0.08918531841862073,0.03145752068199591,0.02441032775275603,0.0935537047204489,0.0,0.199447696891115,0.0805865786167499,0.005785662285057304,0.0688202740048453,0.22369416484092167,0.14491884480468623,0.018005207205680655
3124,0.16866013165159177,0.13133774359076947,0.03984859592982701,0.036655305642730396,0.36137700993111715,0.13646956878883026,0.05675166883706652,0.424204360877157,0.06935458852998885,0.08080481528413425,0.01030440460922605,0.03547589304305585,0.15313206706028137,0.28589467330122814,0.036078119606292765,0.06735266539708674,0.0,0.15247500386342547,0.07455647576900065,0.0053205168900941355,0.019796728900728675,0.218738504383442,0.032740762672687385,0.020501307451219503
3134,0.3195218341626764,0.24741888097589967,0.02624390771489725,0.099033137525183,0.32647628950832674,0.14291421050220593,0.016706874868013116,0.504881992207493,0.11615502233162588,0.20427815425493479,0.01386948598371303,0.1777519037466908,0.10441518000201121,0.03054837747927814,0.02720434091353251,0.07375302464156233,0.0,0.21747115399726977,0.07106856258576873,0.0021540119931682537,0.023426583323514927,0.26489913109543006,0.04265715003416805,0.029637454292229498
3137,0.21613965338095473,0.15090598458064897,0.025627362821241433,0.04288824395225862,0.28860705293168826,0.1351770654580718,0.03559066302309928,0.48376750547294184,0.067669874843915,0.0675852364499838,0.011386630003402126,0.028629288686109998,0.11365642875207344,0.0308669621798401,0.030162823233596515,0.06518598144133474,5.27023774124577e-05,0.15793951034786174,0.0711173384103701,0.03297906922945958,0.020280716166067744,0.22936589198076082,0.05515837214973948,0.027709260010277247
3138,0.221624263006047,0.15254115003032193,0.021985907119241657,0.04246544034888778,0.3762595158078605,0.12549936192714203,0.030615771742734933,0.45300277633874714,0.06535479866027619,0.06568932965013574,0.010602044134284288,0.026589566336566554,0.13305026126232652,0.035538332238800485,0.024467836647172572,0.06151567109512866,0.00018018018018018018,0.15360014163814875,0.0882021638158024,0.006072430386208534,0.023993891043643203,0.2109020834135987,0.024851072315634465,0.01994091664394096
3141,0.23250728767937534,0.16511433031345554,0.054960828387601975,0.0459615554857499,0.3452857594192556,0.3554452442545943,0.015251885726275899,0.5527620891189053,0.07250941072749462,0.0917440653149276,0.05346055864125782,0.03401353739251708,0.14777693529223687,0.02467457567362524,0.027374495898025746,0.16689853930705703,0.0,0.25839122141055587,0.080045646024332,0.001270487957297345,0.027923687234739904,0.4366235614928051,0.14864017695891493,0.039134620732648645
3144,0.127344917417226,0.09855905527869536,0.020552305191791617,0.020621981855292154,0.497478994477927,0.14856996733464203,0.0421308043118738,0.486950975408512,0.11208479008216879,0.07183793611307006,0.012086328740301508,0.026577482815269962,0.11907798075907229,0.037792240463443254,0.032915105441150644,0.10087300531813273,0.0,0.255395850565994,0.05924750268274193,0.0030713216158903076,0.24363735893860836,0.20772888312874013,0.03388007444911671,0.016825290480741183
3147,0.175290195839188,0.09728409576363664,0.02426057261074387,0.032797159413127726,0.3464000282966546,0.48580938800830514,0.053627426713231646,0.4704100874838397,0.06402107998824227,0.06315511251232854,0.015479703554863453,0.02605566517209883,0.09298516457011001,0.025381373087213305,0.02490918071185059,0.1230208891337806,0.01001034126163392,0.1468452129771409,0.05793516596035296,0.010816702320540383,0.02063091122330098,0.37075258088212093,0.024622419317631764,0.033559480796833935
3152,0.12294089796046925,0.08731725590243576,0.02416927328233982,0.03808275918367342,0.3817649228706037,0.12478249094694459,0.08347079913323985,0.45287905399210215,0.0643687826867885,0.06643545694399317,0.010561402204361962,0.02649190018767697,0.15828644864779393,0.030291494638330755,0.02564214821330959,0.0641825056750499,0.0033699226514562262,0.1976294720437781,0.08269191913175275,0.016778394748258284,0.020066531831873968,0.22410669389522725,0.028809652599740002,0.019175956530541886
3155,0.13890091452686995,0.1220009299620755,0.024597291988757992,0.031275026626590804,0.43876236401037083,0.14010343859429367,0.06546667141595655,0.43069401507475263,0.0749277732826154,0.07247443573038646,0.011115397513602592,0.026820213387900537,0.1608267854276946,0.028332989777185954,0.0350944529129591,0.07122729487565743,1.5037593984962407e-05,0.2043147912678223,0.05926054865688924,0.028998670901599605,0.018792086660734657,0.21415366900322116,0.02438727739150849,0.01988928902211067
3157,0.1482520405592226,0.11658476060877927,0.02444416869979683,0.07010700058783502,0.3597019700539137,0.14219258985463912,0.03521042383346665,0.5572212318371595,0.0799056296360574,0.06605646421618493,0.010998607407351894,0.05554266166579766,0.108418179421122,0.028329141028295358,0.04159699864532237,0.08336886051152642,0.0,0.3716322103326217,0.05790831009200664,0.004994515547681447,0.02098485564971776,0.19201388987546028,0.024801633621415024,0.01674249547994362
3162,0.18817995750571556,0.12563510642016834,0.022934288880189023,0.03718462425923409,0.3599593202075615,0.12922747944014545,0.05037755248868085,0.519364461768527,0.06606760649380941,0.062661968273112,0.01125442235726732,0.038551548021074404,0.0847180882276061,0.026581056511643487,0.02457494233297597,0.06138608889969371,1.034126163391934e-05,0.16359280695279646,0.05998500498292927,0.009071784173039618,0.22918024483514926,0.2128065818239267,0.03907803669415533,0.03428740183073668
3167,0.1405900303471051,0.10370878655263548,0.022239452434314053,0.03186865447011009,0.3384346319890625,0.21035715987262957,0.019077264831568887,0.5382956843740907,0.0803294266194691,0.06859139898976874,0.05344226038414484,0.040357895684051855,0.20722685847072078,0.023431516382560157,0.045138077700889095,0.09515691179275794,0.0,0.1734791086557448,0.057836774960750376,0.002893787421247776,0.018327024753953886,0.3507181869379281,0.02426865148120526,0.03038896519747323
3170,0.1270819428884082,0.11573837417454776,0.023523481857013678,0.0421246053907957,0.40380601458115906,0.1294012048642487,0.12366528242327403,0.5363902141021932,0.06280961417364864,0.06853309796678639,0.01069808275145812,0.0270601558635935,0.09318988047454191,0.03283011235479474,0.024512596718192434,0.06074667470112271,0.0001823401951581822,0.2721232427467508,0.058537500953022736,0.01693793139291304,0.020340275503953276,0.20197113865083202,0.023801099983659695,0.01895736983287085
3171,0.2144599316508102,0.14598148554929458,0.021861812866029954,0.038526534325707025,0.35518310747609844,0.2614233862771541,0.055251160709890626,0.5222779468560115,0.07892334819102938,0.062285778333400696,0.01499555642253907,0.027108038119189857,0.09165642983956922,0.030090166095945756,0.026423974163251582,0.12100475907467773,0.0,0.1885332561855722,0.11317729134583329,0.00804922422687976,0.019578811443203347,0.2974949220472753,0.03347480860864207,0.018304435845305462
3173,0.09726773418049256,0.083318372974952,0.02140388490961105,0.032708513674679585,0.47702735212089153,0.12854694083029872,0.013201821834468526,0.4881612520541927,0.06395009933377419,0.06528751144978762,0.011055666342773362,0.02845768914092047,0.0961676304113078,0.02490583880209133,0.038239198129174784,0.06383933909017411,0.0,0.2765491201783103,0.04896261066815432,0.01779259357747749,0.01748590418483826,0.21015771779868864,0.020889338759329218,0.018599080332984578
3174,0.20863139856368007,0.16085006601074894,0.024366365428491424,0.03984467314761841,0.34055385695628104,0.1518261604257858,0.06358324023686994,0.4603721921380711,0.0635524219024488,0.07112377809251258,0.010325320263287247,0.04912247444854833,0.09041755010385867,0.034138145236420475,0.024229657529003242,0.12294369927630827,0.00015274988137512594,0.1486414660648779,0.07305398950430116,0.01610722486091452,0.021315928159207246,0.2900561404992438,0.13084945067520753,0.020791301562153777
3175,0.1278809280827162,0.10859058904094641,0.02228566884502718,0.03255359752225351,0.31663156063820674,0.19470950730883846,0.033708856892660094,0.4788115713970133,0.0732724606393116,0.06777322530367125,0.011751670995570722,0.029050732668166667,0.10873755136403947,0.024627361427474882,0.023963931221845248,0.07365105204139771,1.5037593984962407e-05,0.19876664692785545,0.05659639306432853,0.0065427962858350605,0.04628886133897183,0.2552645575841103,0.021903623169733103,0.08059498940414335
3177,0.12092816195978692,0.08824196749605495,0.023074488514025382,0.041652699163534604,0.5379370842089093,0.12254721193090613,0.021659521408178995,0.5254270052999882,0.06685208493768885,0.06538169177677335,0.013348778046842784,0.0334024945099407,0.11336908383126985,0.025565884944053378,0.037346136126042866,0.06201759695492024,3.766478342749529e-05,0.3378979200530356,0.05493845837644601,0.008230779304424883,0.030777863817621785,0.1950435761915985,0.024137198365825997,0.020095049791899064
3178,0.18564384808730325,0.12003395265475504,0.035775504853275596,0.04327912896724832,0.32683087730453686,0.19283505196247888,0.013887628926959151,0.5535270307442859,0.10568280326509266,0.06655146836941725,0.014636949854749615,0.025080261787503062,0.08833921417328046,0.0219550607281519,0.026187247767825408,0.12169240968502783,4.1841004184100415e-05,0.23414351030032865,0.08781488497165563,0.01269339237608148,0.029818951089008224,0.2567484985039839,0.032479897428632006,0.04461515975570585
3179,0.132042407529638,0.09410370421921424,0.024267121661624143,0.06175146839536537,0.38031257983573125,0.13842205660543155,0.11228740212443337,0.4631175038814158,0.0646383651671885,0.0655577545686825,0.010270634184903826,0.02971104558035549,0.09139912217844097,0.032808078472759614,0.02454597743404108,0.0609149220817812,5.139121208830422e-05,0.16644093110339164,0.05861679206867515,0.013391022409504,0.03120824204460689,0.19735301345483197,0.024930904014542676,0.018555308187868012
3186,0.1398361455012647,0.09486252937441879,0.021058610809414065,0.03121299805780432,0.38171587759353964,0.12477420655971252,0.011654768644880267,0.6082870812496634,0.060052441449714465,0.06713610157698591,0.012219345291494366,0.032593443120490354,0.1462543981614596,0.02465144567168263,0.02935820518551277,0.07571583784998108,0.0,0.4920136423944131,0.07793810285144881,0.003827722657627944,0.01805609252128786,0.19598682082346502,0.022099308012497692,0.017919614090667536
3191,0.1514782362971589,0.09115968815602954,0.02161680389441798,0.04264121557196487,0.37928829878160925,0.22154053416929156,0.05304279177360528,0.524511191313789,0.06270592850050295,0.06516810138420602,0.011458444028309263,0.02546669459257784,0.08956921786191888,0.10381478896907964,0.050445842500251345,0.07128933114551295,3.222309970831759e-05,0.24055492442215737,0.04868519518349467,0.01060106290538435,0.01714426733767606,0.24557902947728863,0.02134963676289133,0.018184691171699015
3192,0.1951707509525421,0.10731956910597441,0.021992753291702586,0.09432546138709967,0.3926910797775306,0.3991987304428678,0.022969884510140065,0.5248928951976161,0.0642194293939267,0.06533881412016211,0.0273970646310802,0.03910079647390991,0.09353682858012881,0.026232160499405938,0.025735623891801875,0.12466179911308699,1.034126163391934e-05,0.26608401221824385,0.09477231358772255,0.004066927702471727,0.034544564278416366,0.46903770751280455,0.028491274767690044,0.01657866934373011
3198,0.09361124808581636,0.1010432456532027,0.028662563000604907,0.054325165273618525,0.4526406209752735,0.16867145392689423,0.007116955407556847,0.6397923083730828,0.09811683283426205,0.07493271985327683,0.013096748684799922,0.07699898517092765,0.11819596784374062,0.03893127432909951,0.03454906423161878,0.08114903831272839,0.0,0.32788285339420425,0.06720551253195392,0.0031391087059651087,0.019915411719075397,0.19985085308134487,0.0734588572129335,0.08705158957353153
3200,0.13817183990038617,0.10357768648319374,0.021069125081830817,0.07793210418003133,0.2880212418015086,0.13045444252765345,0.07110924328509931,0.5877789745439049,0.06460937591210554,0.06796455027604592,0.013771300420019979,0.06639709928743949,0.08253085666889672,0.028008334439446943,0.02396381378138707,0.06437094837402409,1.447178002894356e-05,0.1526460998590188,0.0755807575215821,0.007436969616099262,0.03322640112681771,0.19573593751997348,0.07475205245261528,0.02568450904180508
3211,0.144668361036082,0.13913995902723023,0.02624765574158053,0.03643589683700718,0.34388201352143355,0.1241080568481005,0.07508681094314243,0.4911489843976449,0.06914618743206055,0.07697312797381824,0.014189814594598666,0.04161085017541177,0.2079740581071239,0.03522829515260391,0.024851608938734934,0.15789279982892632,0.0,0.20864507651036393,0.07433362707640408,0.014408534757683474,0.01786714408946431,0.2564682618906581,0.02252379486472298,0.01712861057546734
3216,0.0997577317176437,0.1058226849025763,0.02051719674459633,0.036676638043909804,0.2618566288456022,0.23370163936147859,0.011916838954251241,0.5704496778649494,0.0928480028469323,0.07689040071062625,0.023834308867653108,0.055374743849909196,0.15889359477778078,0.04165644448247478,0.04823316776106921,0.23173696035222113,0.0,0.46111906475735137,0.08186060116124931,0.0022452252243346637,0.01555183101038115,0.46678238803470024,0.0477322538186473,0.016474902436034902
3220,0.1270237043740144,0.09694023111067303,0.022126253314270303,0.04644362279364231,0.4190040584685464,0.2506904246698326,0.0237846491742261,0.5482249149800916,0.06213990372117773,0.07288634520862491,0.011181896157458229,0.026522516080027755,0.08583363254941505,0.04471512645805475,0.025391619555437023,0.08323297797525057,0.0,0.26602381017757565,0.0611191923087664,0.006665962967754412,0.02841246245653514,0.24192227264357638,0.023463590518004313,0.04649912776768373
3223,0.23584880767732447,0.2810073144300457,0.027831454405441217,0.06113639243917733,0.37135338621220654,0.14126952893826938,0.05913833213210842,0.46655666217187436,0.20031383539466902,0.09541264394061816,0.010709116946271587,0.030257853277890302,0.10549686899284087,0.02867340252983969,0.023999530872255544,0.06060609440337045,0.0,0.15070943675549867,0.08454068041697595,0.027740058491924437,0.02312180989347946,0.1937980798179197,0.027417518922389684,0.020789421723908547
3224,0.13364219124723725,0.11850976677072814,0.023885637581185958,0.03870925025528756,0.5471939413177709,0.14729930160039473,0.05657749414551502,0.5112345956410362,0.07036675410988713,0.07699018598747491,0.011234555766484735,0.027429904901323892,0.11281298813724687,0.030667170357811524,0.02450638140461007,0.06702291372098705,4.1841004184100415e-05,0.2539617187305433,0.07012438551430727,0.019262618812572626,0.03161497867405676,0.1977838600568401,0.025311083383374722,0.0280900216020986
3225,0.09814254737798643,0.1886818167361547,0.033026371393544834,0.039964345235147615,0.40674990683584056,0.12063904138103339,0.029621581026477307,0.5757193030713257,0.11855790063662078,0.21346247347720135,0.011199790293913698,0.02270875832259307,0.09381064735334675,0.024205141394407312,0.04047086917057711,0.07061027712516092,0.0,0.41529210352593027,0.05491553320381867,0.007611194322588855,0.01571317034821289,0.20859324833093484,0.026809688322587413,0.017142530921462572
3227,0.216079351854208,0.10764732599817467,0.021662636132375054,0.10488158362342734,0.2979160062591142,0.5731078241019013,0.010050300499792407,0.5514565887116093,0.05712683416114801,0.06750061355424701,0.0534706083104502,0.07728791385057654,0.09761491169634505,0.0226759144752523,0.02669843573218778,0.2674877617647306,0.0,0.25504394614715964,0.056190033607687075,0.0028975665968282906,0.01673375436352992,0.6095787096630647,0.12092709567396458,0.017150104263405998
3228,0.11242468403222737,0.08879913480782468,0.020617658146894154,0.024697563950226712,0.4152897722374288,0.17470900859540162,0.027533826363052346,0.5369138061089845,0.06173662348540147,0.06390731859457074,0.01461203433734337,0.021129483618499836,0.08542966827407401,0.02527003413966668,0.0367019924931475,0.08642087778669368,0.0,0.40324389111419395,0.048400395328097756,0.003921308015423558,0.017865402767341686,0.22728128633987207,0.021902023734955433,0.029857066304711716
3230,0.19604073654299026,0.11074151456279178,0.027556439079818685,0.03743418980826319,0.35290013436511186,0.12734164463619388,0.10988718473736787,0.44951335910367296,0.06436323502953925,0.06531085454974286,0.01003925072746217,0.030094579171782453,0.10227771153091143,0.030220473741936257,0.024512596718192434,0.06581560056876457,0.00025403591797959474,0.14701443493211913,0.07886996416311573,0.015187449167943004,0.020684624619616863,0.2111103593673953,0.19901012181020714,0.018775152635432862
3236,0.13256079256982087,0.10129646421485443,0.0244374279318861,0.04705541175680205,0.4485591256423414,0.1783595802873311,0.03173055259865938,0.44824468456270494,0.11556967116572364,0.06638869258181314,0.011577886974668166,0.032331002331848255,0.2743774122160974,0.06644476048646564,0.025106561295980327,0.09222475581497619,0.0,0.20604497279654255,0.0677608284604742,0.023014318090181216,0.026542057436678146,0.36489955075513114,0.02173804264166338,0.018825440580059374
3237,0.2463738686858297,0.15214138652243844,0.03551334697081701,0.02747135715775825,0.4345639950356013,0.2693657907509405,0.03235507358877747,0.5295956093045207,0.07699382895677555,0.0711924164912873,0.01581973110872013,0.03616870486475594,0.09280623768465636,0.020558548072298004,0.023910113363155648,0.16077229853000577,0.0,0.23780933669893603,0.10838062782868736,0.0038908143874844116,0.019816624346776855,0.34680982796045,0.04124057465752352,0.03371847686750734
3239,0.13853788322066887,0.1189277191228139,0.019524920115610692,0.02496197877097521,0.3990992609349175,0.12203029007516257,0.04353326917775817,0.4545620718508648,0.0813774263156841,0.06742814129938533,0.010345345666978962,0.024125147200578824,0.1494772493006946,0.023186114206512905,0.02377747136977596,0.06564201625441805,1.034126163391934e-05,0.20496182292065884,0.07166436978248446,0.020885259669685897,0.03523396333474025,0.2153311041280314,0.026592028514588195,0.018216847936585703
3241,0.20364372102570485,0.1321337770706902,0.02872128635896044,0.0432228116585963,0.3532318750314104,0.24181693316423447,0.006639727861644364,0.649706758869099,0.06530541478934772,0.10202334248524723,0.03365197532352862,0.05330245431810853,0.09015662788848651,0.03022513246726867,0.06131655996642503,0.09498891174583385,0.0,0.321650516017435,0.08102696564285124,0.001991211404480745,0.01897212335040126,0.3134295631303019,0.07036991008951435,0.02095058183486468
3242,0.11828853002663386,0.12859311928928063,0.03345208187464609,0.05171098486019049,0.3340238052156571,0.5408494522674048,0.030398433471903404,0.5183221572062972,0.10243430549051355,0.10873008146095069,0.08646268600106234,0.05273335029464626,0.12762237797375262,0.08386897172955356,0.05401043075243044,0.36344662479220136,0.0,0.3546255705248911,0.11589203270584393,0.0015564109549174787,0.06845745128490081,0.530731207769759,0.03433689854502176,0.01524609279120527
3243,0.14067388035922934,0.09964206314122954,0.023951297268549873,0.09173899674097095,0.32584820452986024,0.12903221917693988,0.14360825984710496,0.5339968490319943,0.06406425312289345,0.06565159497467171,0.011232126978283609,0.04313564636670331,0.0910466570274472,0.13198399104969993,0.024155153592833004,0.06323807857361052,0.003076486081661427,0.1439091862151736,0.06261775262032891,0.013546840249422128,0.021843297358879073,0.202814881068225,0.024930121912754646,0.018866009585557054
3249,0.12276881409746095,0.09426151638119373,0.022325277408845032,0.037940258551690025,0.4475144121882428,0.12617302565848743,0.04744999848962178,0.45773186638885494,0.06523987961694999,0.06891681378339454,0.010209126783002221,0.02337001025782557,0.12019326228535959,0.031330226322567586,0.025149193131039024,0.08884406854599554,4.987531172069825e-05,0.19842993213884705,0.06677252811286577,0.015489090625704763,0.020721740257311983,0.20550351921913262,0.02146876922019888,0.01808268059264824
3253,0.1394019073382678,0.10446032459635309,0.023768708118006868,0.04204018313548556,0.3627392161592802,0.13202372139699312,0.1400536806825063,0.44227377628270553,0.06402596824942464,0.06412089367677262,0.010166439497140689,0.02956813764651399,0.09154394091326766,0.03176150401083702,0.024448290372160196,0.06103025635050496,8.905599551579951e-05,0.14871063865785572,0.07123556248924336,0.013804423857605845,0.02107195902652608,0.20042543882039154,0.02712505205515322,0.020481889659637598
3259,0.12326490172338572,0.08772054851989954,0.02420789993180442,0.045685165723702174,0.3770895429276371,0.12602209899082673,0.4320162580759802,0.31801695063485913,0.06456477084276119,0.06453046500949279,0.01003925072746217,0.029774026160051023,0.09180694954358629,0.06272074528909041,0.024512596718192434,0.06074667470112271,0.002243942042325439,0.18253303491910294,0.05861679206867515,0.01708914540806247,0.020841164823913193,0.1927360746921522,0.024045930509366292,0.018679284256983286
3266,0.23265950897635876,0.17060441953673625,0.03256943501749466,0.04703967823779915,0.2737434437222072,0.14196317493340133,0.060526396487811295,0.435095829479503,0.06549039213524342,0.1001075036452942,0.010957223884946894,0.07219208532500533,0.17181676424797082,0.03553205643613819,0.024356789002190606,0.07005182163985847,0.0,0.20725863386964904,0.29455559172347384,0.00319503850471225,0.11868795302407636,0.2852518054425002,0.032679192775534015,0.035639321253148795
3267,0.12160730945141576,0.09176742878504862,0.027161838487926634,0.05060798221710268,0.3990046816925951,0.12027572249882992,0.04003270393109746,0.5614475084321928,0.06609895896526866,0.07021411878255514,0.012026093411987153,0.02671451883553023,0.10277072086727027,0.027926585058732706,0.024155153592833004,0.06324134423469795,0.0,0.2514565216535415,0.08398014904814825,0.009418666686392801,0.02130380313837302,0.20505176678296863,0.02371258308023703,0.01868250696659807
3270,0.168140827554513,0.12954927104794467,0.02840628232431286,0.07447843527167806,0.37415001634063083,0.2070655199318824,0.02664995539951682,0.6228130715763875,0.05847172544644991,0.0652379332392283,0.013165529858156198,0.07554686736575804,0.07765964844174458,0.05308328818960991,0.05025063819047748,0.10398812663769447,0.0,0.3924959944058918,0.07618411667234457,0.018166359840477684,0.061575813281213726,0.2553862215998718,0.08667829728731839,0.036625938992627664
3271,0.14655433885266447,0.11056225468040397,0.02076931266071074,0.04152069685158307,0.3221243802593358,0.1982250187507314,0.008915956866245555,0.5370519238218547,0.06588433497037707,0.0679159634516039,0.01913020716308688,0.025446841199001976,0.14464639122436065,0.021444649839519977,0.023636789583736318,0.18069869367286992,0.0,0.16153744111997412,0.06978993982713892,0.002752148016200582,0.019895356363036017,0.37026444377305373,0.02547314752161465,0.01920615026313747
3273,0.13054502859096234,0.09686207564710364,0.02322051733786135,0.04087111177236352,0.36984387443697486,0.12464764703338027,0.06957988373360584,0.5720800094522293,0.06565726645050668,0.06408053730379067,0.011776899046334735,0.03086641102058154,0.08293212187039631,0.10277757701493324,0.04937651342342388,0.0700997105404573,1.5037593984962407e-05,0.2770748883941137,0.05979828166550887,0.014218808429408682,0.020741973178859837,0.181016446684466,0.0243100365879418,0.019111441896796144
3276,0.19343239202051213,0.17890874875047463,0.024076841619608384,0.029505259732517265,0.28705492822619577,0.18725386630568255,0.014415952336309152,0.5122752565945509,0.06533356222063405,0.0966651030977882,0.02816876340016967,0.036098938068455794,0.10563791582764426,0.022287443220043127,0.02569056409979744,0.18488951290889757,1.034126163391934e-05,0.19860018379368044,0.05990804083217371,0.003078703455769322,0.030856098310013964,0.321104920641844,0.14097484242310052,0.02353363162232632
3285,0.1683395976325268,0.16449337600693728,0.02010912499105559,0.056980924729941054,0.3582099320821617,0.13786331239505045,0.02737674278781762,0.5713662947132806,0.11470327888361567,0.09865336651353335,0.013209861738416801,0.024532275282157682,0.08777327511155832,0.15108989321581082,0.06542443860928912,0.07903799131624537,0.0,0.22205411498430153,0.1702087408491427,0.005395782939935506,0.038355802417540795,0.20312796616562415,0.04471466264607282,0.017386254776080003
3291,0.13312490595288015,0.1411035086815609,0.029691208535094965,0.054479578220259194,0.3052032359898031,0.14538896234290852,0.016365883677739244,0.5912234156485519,0.06641970863849465,0.0786757141260195,0.014785449511297708,0.08230183008997514,0.08359957260704515,0.025099401067566352,0.029454385453731472,0.10202059249800327,1.447178002894356e-05,0.4215952876099747,0.05333500194409158,0.02503095840979432,0.017248643987625482,0.2515307640963457,0.1766041070495904,0.018807068532226114
3292,0.13081621670756727,0.089387615486628,0.029641588155697556,0.03245401135083917,0.41511787408727896,0.1557412747830769,0.0175105234330411,0.518140167752671,0.06944768976358903,0.06370717393592538,0.012581776893549829,0.02241147924967205,0.08192428484323139,0.026603440268962286,0.02453858052968887,0.07632116064250839,4.800604506141463e-05,0.24828549447884563,0.04807693633381037,0.009140075786781653,0.02167937225738747,0.24370401324607155,0.022025905225684997,0.050343678668717654
3294,0.2090679914794526,0.13895889844278048,0.027742424337439592,0.03723499303411225,0.46859216646650287,0.13879970134824302,0.021886212849091508,0.5706752716400756,0.09092168800443254,0.0742105774404497,0.011554319216850666,0.03936696924014743,0.08222130408249734,0.026577497772341478,0.029913613295725935,0.07853247922035674,1.447178002894356e-05,0.28898595882784184,0.061663592766607815,0.004967865649883856,0.05048235605825965,0.20177597623492388,0.029510349870742848,0.020900987111731436
3300,0.20340572673825566,0.09865028494937278,0.024919666376364735,0.03283732613004796,0.3819228173579007,0.1585967270422455,0.0566838326316892,0.48793692763859686,0.0634293702733935,0.06405148698837798,0.010319825206081951,0.04653759429267941,0.09523996041814861,0.035852810263079946,0.024448290372160196,0.06295492869839088,1.5037593984962407e-05,0.1543167947638234,0.06186119037646293,0.013385331138657244,0.02776486204096441,0.20676180473428596,0.08562177324228035,0.019366890232366585
3302,0.14055422404716134,0.09190957372199181,0.01918258421812042,0.03987736935840563,0.46451120216834596,0.33287440467151036,0.011703403058943957,0.5416939514069943,0.06173449201097302,0.06419504616432299,0.01331582256209282,0.028153497218674398,0.07098475423384482,0.02295792625349931,0.02458456330934145,0.08701341019715501,1.034126163391934e-05,0.29615926038962326,0.05234334200228643,0.0056900140377640525,0.025541647486898307,0.294685332450069,0.02573288745136956,0.03823592647769564
3304,0.20087103246641075,0.10443832891602048,0.022331450771965664,0.04082925766082138,0.3027816739249802,0.4596597808225083,0.029478839563125154,0.49422589588631477,0.061646505023642655,0.07613249816155399,0.03861834880464313,0.033919535114409885,0.0844235699348868,0.0342456862790732,0.027195080991103557,0.17027947450044717,0.0,0.1859919418026816,0.07758445778234555,0.01459673894317253,0.04293255287457199,0.43617238763320687,0.0367710853356176,0.043995825818836994
3310,0.16022830040623237,0.13402665960399468,0.039268980159764995,0.13392799277140566,0.39940243371389195,0.1472261648051994,0.08305596824353742,0.5533076093834889,0.08612118214524854,0.1174874373991071,0.060809505706318656,0.08363468497735699,0.1449466272646574,0.059710264138243964,0.07027132840124052,0.10460840381478453,0.0,0.2850079275409508,0.08708125391346425,0.04448037508581325,0.05730738234745319,0.22492263898554296,0.04693393227540077,0.06840836396701859
3311,0.1275772953305853,0.09509875302248227,0.023759782473558387,0.12394401869733931,0.3596775137306947,0.12754315662586788,0.4643652561646118,0.3279572237514747,0.06406561896015395,0.06522103430919253,0.01003925072746217,0.041202710129856504,0.09136916452891096,0.18992184786996497,0.04984054645013527,0.060349331320656265,0.0026078231146392673,0.17231286254561565,0.06015344002739893,0.018573654811621983,0.02100309163808302,0.19304422048114117,0.024045930509366292,0.018743269405548945
3321,0.11878481298381827,0.08282540498656697,0.020065814890725564,0.031452213441071714,0.3610672081149619,0.21926547629026605,0.0204780575376122,0.6268555851719689,0.07538516340476052,0.06850938225220182,0.012758264988815436,0.023080115302019973,0.20401140084557617,0.024709771645592977,0.024095508492362968,0.07095121408599271,6.021657335461759e-05,0.30998794122004314,0.05212547640794529,0.00659820378464514,0.02081906557098541,0.24029466962662369,0.021619464937125524,0.016147922752500037
3323,0.15001571862452756,0.11006847684840448,0.022197787083241893,0.03027407560879818,0.40583364552151274,0.1316479359060283,0.03155873009862158,0.5050822677783015,0.08724320297081727,0.0991461844518244,0.01399410302623402,0.024573484624869902,0.22744646365763177,0.06820814704335479,0.033587781338837594,0.09999516876693831,0.0,0.19267001104137943,0.11265983256620685,0.0024088215829137978,0.04298828471909183,0.2623042794893008,0.0347287627132091,0.026689296442872705
3324,0.15652312618104863,0.09725737864381293,0.021664625321491077,0.03926792037896369,0.3504021404611695,0.13255988926726972,0.02927156188643926,0.5365059572091233,0.06953619368404854,0.08177755089015148,0.012057668200347364,0.025579829346930736,0.07916236511517298,0.023231561550643938,0.024439412841683158,0.06761429318520315,0.0,0.22832119871553253,0.05680479339567318,0.005974401674719493,0.019709355981193333,0.209716939843055,0.028224032992683515,0.018951045686082964
3327,0.15036527818854434,0.09530500658834645,0.043808592118010144,0.03319535245204101,0.4064079412169061,0.22324912336761515,0.04477082812403288,0.45831543849226947,0.06438552425365966,0.06562915249455636,0.010416981181969794,0.024210806041916083,0.10094410120498608,0.02450473914602567,0.024887566381677363,0.06387029873199726,1.447178002894356e-05,0.161247403632803,0.06031122790825192,0.007077240534941956,0.02166343269926446,0.21944649994406681,0.0243311160628306,0.029207067040192224
3330,0.16136965553676955,0.0925207366728276,0.024501340925920455,0.03839845864007191,0.36412342291494637,0.1322749894462496,0.06704756613899412,0.50280685473613,0.06818137286505481,0.0730646446329093,0.010927169485334313,0.027797891353686745,0.08792180295077627,0.029661031868331345,0.02426558650074797,0.062200594814609725,5.2136563456438846e-05,0.15594498081691502,0.05992331026872732,0.031532804948024344,0.020703704583031314,0.21509553923142935,0.024741608770880413,0.0750972555459082
3331,0.13306605243589623,0.10791922604044533,0.02398413655143602,0.042806776283242,0.3975755301762243,0.12437376881657813,0.038361703825734526,0.48028131518951545,0.06426070356997936,0.06730062190073123,0.011157783108419446,0.02806465195431864,0.08206944346174065,0.02752933714066748,0.024512596718192434,0.06209358459452215,1.447178002894356e-05,0.15269180675679186,0.06490084140734936,0.011383021795443047,0.021264811646636538,0.20783733178516012,0.0265875892494071,0.01840334490932984
3335,0.13731407092249584,0.12139501566357783,0.024450050496642034,0.03994849069114126,0.44401166703205663,0.12603498821040934,0.030509799348083323,0.47333285815325177,0.13764232698984177,0.06853408911281178,0.010563659044296028,0.027108004295288198,0.09150629271648184,0.028444289479041044,0.024641671990318546,0.06254867090948442,1.5037593984962407e-05,0.15722452723217492,0.05932081341190165,0.011114703877045768,0.022275640038235317,0.2133658847486834,0.023459432690884144,0.01847519903268573
3342,0.11639425449580151,0.1157888795110339,0.015894114534217525,0.030574964812839268,0.42077631742522675,0.16262187963722982,0.018401256344939297,0.5612475734978748,0.07019943366198497,0.10971894009675172,0.03593131611274603,0.0207678672935794,0.1657420578451573,0.020882143858386652,0.046129939436337544,0.0885417491046931,0.0,0.439421177475144,0.09387274002557723,0.02104354628301824,0.019743843084743935,0.24669233537031862,0.04599365889135801,0.01807131542389602
3343,0.13319271243972744,0.08670476503861886,0.016820364251600294,0.03937712770232649,0.3130169664506037,0.39043631035947746,0.01155094369727307,0.5530467433171933,0.07996257719846525,0.070078316282871,0.06761417557188405,0.025122169518183145,0.1305288514469745,0.021334571747578836,0.02400790302239488,0.3141317694013028,0.0,0.37706511642222407,0.06456177270277777,0.005248953817410739,0.019659572481428998,0.4150309940798953,0.024090517525994812,0.026733016611722588
3345,0.23077718080034842,0.14416826191788915,0.02099021493006261,0.04843497059959825,0.434300401497049,0.1539771707486558,0.01785097089253239,0.5827422730759639,0.14685480859768604,0.1212858851993196,0.04264002429990401,0.09247089523588498,0.13840999559909228,0.04035940984744626,0.04280053646733825,0.09444539834687601,0.0,0.4569578490571604,0.13210955745609534,0.011301861562444145,0.04498289342089909,0.22332166484914368,0.11236976914094773,0.025961726008348573
3348,0.14884654650428206,0.10877936478831066,0.022306587805961224,0.05329818660973748,0.34867814755100646,0.12359654036561916,0.07943923413292552,0.49816258486496134,0.06248373959694184,0.09259407661851236,0.010851007409600781,0.030357315421629342,0.13651192544290336,0.31447711766844566,0.040275449156772586,0.07823908602847625,0.01,0.16230827540911727,0.06996942279544668,0.007490128789968854,0.023956656693994587,0.2209223349999688,0.046729873320847076,0.02883356414739986
3354,0.18781192672520905,0.10184429045118608,0.02175141834623655,0.031606998423109725,0.3973680288404654,0.13493533502321758,0.03137728863622427,0.5752530807969345,0.08037779507569062,0.06332399491631853,0.010909534801326077,0.026848663781975736,0.09766868269590658,0.028079988062778085,0.04343803398655311,0.07390901084289835,0.0,0.2034530663334957,0.06255729274949924,0.006356919305766834,0.0841780845037659,0.2160226294178093,0.026684076520430575,0.019970826006069076
3356,0.1313863907525273,0.12412198130266691,0.02540567922382531,0.040017691859362284,0.45439011444217037,0.13012301817572786,0.017175372885249503,0.48382837235517484,0.06486464447420116,0.07767477397917011,0.011830449113422696,0.03575646739019736,0.0854002688754913,0.03498911203129086,0.025116760567703754,0.06626842997918118,0.0,0.19356232998569284,0.06230541813180332,0.0051543512675421045,0.02779339904313882,0.21905504492717043,0.03625776042709371,0.018246803534901976
3361,0.14230325654765108,0.12402451532394398,0.061030549107793215,0.08002537083479742,0.44852114260392395,0.15661658567196995,0.0053364501111011365,0.5988392535497056,0.13743878288593225,0.13411302850618492,0.02350750641543112,0.02099366421967835,0.1333592594570743,0.04118941345297956,0.023578496326826525,0.08674354423657459,0.0,0.27820283898869586,0.06292611713012346,0.0010078067845880568,0.022202884215563955,0.20244499722728093,0.03464294312646857,0.017630725544444573
3363,0.16321569829665683,0.1117964773263946,0.024834178609465015,0.03813976799423429,0.3943217166592198,0.13177325436021767,0.09017181350656367,0.44284456001296535,0.06453299826751034,0.0691094181251192,0.00993427405561147,0.034195609644131174,0.09891616882921815,0.032129929519618135,0.024601640093307443,0.06074667470112271,8.132284551649664e-05,0.14731533095967303,0.05888860551780309,0.01954148962986281,0.0203950178825963,0.20322299964105242,0.03671711505940332,0.018641810870408785
3368,0.10397967108486185,0.1037828086252905,0.020951158223880734,0.026593841694892636,0.33811543798485694,0.1818670845325895,0.0552754476230661,0.5544315593194706,0.05979689416752173,0.07632284598388471,0.023143656999578835,0.03257146616342931,0.16519064982735723,0.06477818129020009,0.024100555862018327,0.12573479104487534,1.447178002894356e-05,0.2861687956316189,0.09138544963346482,0.006914769871967211,0.01664155184932075,0.25653057030471293,0.035910574783161175,0.02711459279633721
3373,0.14570041713109555,0.09236612157051734,0.02209012900164582,0.03933805761314137,0.39283815569928626,0.12967412531328484,0.07062131230510861,0.46599685602980656,0.06406561896015395,0.06363245730790083,0.010486969568546098,0.032432077420744186,0.08675978152707228,0.033516333526789566,0.024612678955735153,0.06079418720726412,0.00017574586513308788,0.15745266459225707,0.05780323820602687,0.024568629533384696,0.036889892126437424,0.20119314059710766,0.058526221605769424,0.018643310754762357
3374,0.12225409860346335,0.09390850709689841,0.024086916162733892,0.04113994916185244,0.3968783354284786,0.1478494838121758,0.08684543619957978,0.5525327244684259,0.06416539814157898,0.06978593724455572,0.01075826453671733,0.027532232214801933,0.10923495349073944,0.03399621594057984,0.024560886717634126,0.06074667470112271,0.0005345379436784357,0.2654554763104975,0.058802350990258836,0.014666548037340427,0.020548519219463716,0.19279601832307008,0.024142493434017462,0.01859881581878967
3376,0.14471506200438536,0.09147298217866931,0.022400102242042818,0.09440713098248069,0.5364675595104437,0.15199449574961338,0.024266274140092227,0.4989082493759479,0.06297599058078672,0.07193029024323075,0.012335570953611546,0.04730688724512858,0.11197969471221418,0.022904879699367952,0.026565031314364548,0.06389659824904756,1.447178002894356e-05,0.28383399795371494,0.06211663591823578,0.005222805372048963,0.021710092733613188,0.2447459298353845,0.03544446445656349,0.037922155609599696
3380,0.12199274367653594,0.11363860836338484,0.022607214336431678,0.08021263477442066,0.481088660334833,0.14304261736273838,0.11181311625203072,0.6361058761578606,0.06070890576706176,0.0667352685425909,0.010966936453776227,0.039352732075167915,0.14425793387037775,0.28853305700721843,0.08066703437117452,0.07618682142847805,0.0,0.4070783936707625,0.06476892359852374,0.007755905998014143,0.097857905662209,0.22760082421324132,0.022238430580012646,0.01588282774572704
3384,0.1301700527156776,0.10079158930834865,0.023435009800282267,0.03936551279002631,0.3410916655672246,0.12435408106555759,0.17942422124555107,0.4946562458275836,0.06907421587802576,0.10295604915083074,0.010319825206081951,0.030933725253639698,0.10918154174804805,0.03313491905027245,0.02407424668930203,0.062396233371660476,0.00047429782723900374,0.16745208289415825,0.06015344002739893,0.01461329168124266,0.021305828673587848,0.19400169084188132,0.024429602900337643,0.027701564732854643
3385,0.20261742172588618,0.13732346235537052,0.03562863103393665,0.03040413663861313,0.4866936961810497,0.15336724772375476,0.03586247538566762,0.48937321708290377,0.08055070855069733,0.07789288189572169,0.01691259717795143,0.01870003392908177,0.10251876217892267,0.025585757424858656,0.04358394188231383,0.12078446372624166,0.0,0.41223972229671474,0.09690334019139778,0.012903746737500797,0.12407097098971664,0.2252573594218206,0.034042629088933574,0.0451442015822387
3389,0.2331671387343041,0.1609511391546624,0.021205775084355363,0.06552220151267178,0.4255012642894841,0.1293568469519473,0.04102519869359464,0.4190830645264485,0.06302538349438937,0.08862455406532556,0.022700704564384905,0.023769256394566972,0.11919684375555104,0.08607249164512958,0.025409882239769716,0.08123422584621037,1.034126163391934e-05,0.2216091494070731,0.11740255980769483,0.009063580951074856,0.031749543324376205,0.21679997826249778,0.028808100855061025,0.02366146816625743
3390,0.19404328800288315,0.144909868832202,0.02172554054746704,0.026832209289856426,0.41696693360709375,0.30469595535128735,0.021530610991495988,0.49049489308735866,0.08373542363155922,0.06675657790612799,0.01659536031032805,0.05409968035887082,0.09871938923799213,0.023388631599555648,0.026899224372679713,0.14978356366295628,0.0,0.18091618903073703,0.06477427784184149,0.006956660807072,0.018956002942427504,0.3409690521009325,0.10450522387106226,0.0179257125543592
3391,0.21430150956219746,0.20774065539192027,0.06286907519189518,0.033712525546299305,0.47628679108641025,0.3921267111713753,0.09223126380739091,0.45487277092698547,0.08227629855541402,0.12483862701914294,0.05693597193852331,0.04974660595545576,0.21972269191794058,0.07254151534384799,0.039237062578884256,0.32618879474400925,0.0,0.3719510348659129,0.2746427115375615,0.0037734142840796397,0.05030122089903424,0.43258536336290865,0.06175045340404226,0.027834747977054094
3394,0.17729452315244498,0.11881484443168044,0.04203264253286696,0.0772059392511209,0.4466422498569969,0.27265307966422875,0.034406512114381525,0.45573336744864845,0.06848469033609078,0.07736499549533005,0.04164468339361295,0.0347473450498971,0.168581445595568,0.031832797123135734,0.028722720321005438,0.10108808261516583,1.5037593984962407e-05,0.2115174513153072,0.0657716883435949,0.016150717067140725,0.020674034305595813,0.29294133608507444,0.12891301439912298,0.02780152021902285
3402,0.16142844549568103,0.13624007543232777,0.03378531052019567,0.03848488153979322,0.37177178084696844,0.1261901445831079,0.07383624569475003,0.5275086118486169,0.06713832720468746,0.07618864610131551,0.010830494974157561,0.04685633509387875,0.08014365211185419,0.032753489559516694,0.02492728375188241,0.0622931978643953,7.142703585862929e-05,0.1527160365482867,0.05783213168764115,0.012631125541529753,0.02326862435381792,0.19866898878899042,0.15030196242679186,0.03343512192033155
3414,0.14803344296585189,0.10850361822476741,0.02270348335049402,0.02931338460968766,0.4068034312517847,0.12775420786311742,0.018660214299953,0.4739001661796481,0.10416888448846376,0.06379634518907891,0.010491719180680727,0.02890878090100043,0.1046395072588647,0.027149046317405924,0.025289874448156727,0.061984564537973304,0.0,0.15564783893404752,0.05836359661340615,0.0057589603163404465,0.03612568234279118,0.2107920627479349,0.03796681837256258,0.01861534668172624
3415,0.16269222747601014,0.12723130996334672,0.01522742180924846,0.04939397998783228,0.3861536682424663,0.13927209182414055,0.008916753538413149,0.5403661568532914,0.0603780057625553,0.0658630160600485,0.04341066665424714,0.02460542197727809,0.09111401084190952,0.21067788522481284,0.07756017280718214,0.09415823083113467,0.0,0.3890552899941329,0.07980893919331516,0.0021391450557399945,0.058407533678941054,0.23390930179291075,0.02982507244694789,0.023280929478164666
3417,0.20418076803935187,0.10809328242944675,0.01828935880186423,0.020209706392550545,0.3455079000339966,0.23953474100977024,0.02250545086424624,0.5019534294196345,0.05881810241953371,0.09127578867681485,0.02344910326286314,0.019971869465221993,0.24035149081128768,0.020262273688097597,0.022573298987711706,0.2031991054435968,0.0,0.2114269681901257,0.09991649119579864,0.0026269510954804896,0.017938986013626645,0.4101620387917337,0.02336586400927194,0.021212971910413835
3419,0.24936205880259465,0.16080200790788357,0.02133674320929794,0.036014205262021856,0.36530067479521294,0.14154572464649695,0.01582614023040471,0.4995238022284693,0.09044602283733394,0.08957943886277947,0.02897184525875174,0.07733173514199644,0.08469530268538991,0.028679905952623926,0.02459239181821174,0.07810665884324822,0.0,0.1900278406857413,0.0962036395411756,0.005339247703343322,0.026328811715410745,0.383732687606863,0.11724273381695666,0.09353915743675892
3420,0.13120273600346444,0.08761559021876422,0.03220066515427908,0.03611045126334097,0.32949205818358634,0.2698453164098632,0.06917473585145573,0.46058176096857417,0.06206371009084173,0.0638184665889293,0.01925949539153264,0.026010336993583252,0.1783254376336046,0.030670919188731726,0.024512596718192434,0.12182670253925751,0.00018284855583679743,0.158218483833842,0.06229807732192524,0.010468293785060654,0.02020036237458099,0.3073401437719729,0.023210315458582587,0.018520609230372197
3426,0.11344940674636879,0.0960191464521154,0.021327833557633024,0.03859718076888428,0.3659708663381708,0.22167824006600928,0.0699603453005429,0.549609092174524,0.0637268220416663,0.06327266446428197,0.010695270655667593,0.02753650836077454,0.17171340050701178,0.03844575307729285,0.03813129922218839,0.08691301518078162,6.0909153617989933e-05,0.30178815666781894,0.05927998677070057,0.008566180456910637,0.020256034695694206,0.30699096042857443,0.027870660490791777,0.02944318677265233
3427,0.2638500582542757,0.16793066080450397,0.03168126259750932,0.021645542339596206,0.32862172341273443,0.18506852403435547,0.01572283387395621,0.5256605533518635,0.12023753765711735,0.15870479328692855,0.01213032591920773,0.03852739169507385,0.23688291898501868,0.021377900883032357,0.02381616994444215,0.09421851154911065,0.0,0.22061810628073408,0.0829513842083407,0.00173879512372919,0.021230757687273734,0.25392439660212407,0.10032080704533594,0.023466668309436292
3430,0.142431707507354,0.08799871116411095,0.024487689700177447,0.04784437491275297,0.37142189025447875,0.14367166328301592,0.11322145873531632,0.44639589086336,0.06813264067754805,0.07793744710343488,0.019947902180967477,0.027794308298185202,0.09350665305729068,0.03601405283301093,0.02540927706542486,0.06191753336632246,0.00037470520138892656,0.1413673415912734,0.06021423201830368,0.013314598615750777,0.019700205179484717,0.21268010603145324,0.04260499844911677,0.01880978628292469
3431,0.12974027090858942,0.09707795424092215,0.024983632550411427,0.05126417452216996,0.3905359283891764,0.1373042079627168,0.07591936810118267,0.5092263019704277,0.06456477084276119,0.06337547700467279,0.01115586508210486,0.03167549377466652,0.09858864692452438,0.02784304451063175,0.028082637042656476,0.06689077184404431,1.5037593984962407e-05,0.15492365226206678,0.06063613390474784,0.013063706243160817,0.020840555868048685,0.2510963537567227,0.02452548007412833,0.018711889427166825
3432,0.1541574832997462,0.10526766880117223,0.023283619304815706,0.03057061682214838,0.4113804908822189,0.11980258367835397,0.021427566486395752,0.49898419867438315,0.07647133737100009,0.06648883495546971,0.01082728705076036,0.026179803085187903,0.0926475077146224,0.026682355822872466,0.025863382649159355,0.06564085144463,0.0,0.2753495186666626,0.05834818527814966,0.0034504592516086253,0.019069146884297485,0.19821559388330218,0.040477677739673076,0.02249115732787132
3436,0.1424987390898819,0.11264504921923535,0.022076145178397528,0.04321335276675708,0.33983699428240277,0.12748924863172767,0.07330555519536701,0.4412459632827694,0.07328289961480154,0.08600799380307182,0.011883450860950138,0.04141500786453723,0.16888418677705935,0.04445602921833977,0.024543495128488815,0.09729558852578087,0.0,0.16496993290059675,0.14048321228430416,0.004883841753252332,0.029771103577177164,0.25389311737630404,0.026909598024468923,0.031035664902607372
3440,0.17417313190277955,0.16848341898857572,0.020264691430852605,0.04358600562811406,0.41331768775781347,0.1600318871786076,0.02763273777295012,0.6188613871908868,0.189507330135269,0.13003845913200363,0.09003628288652228,0.027576044136315533,0.10465221252733985,0.04275980632051587,0.044655661196858466,0.10072856241838178,1.034126163391934e-05,0.4440725700378838,0.09356113377888116,0.001465586864438026,0.018047231979425073,0.2052680452219746,0.17746696132451498,0.020137154613723226
3444,0.11579743539042797,0.10299506949337758,0.024321758462482534,0.05186481905461697,0.4054321352337531,0.1164237183558091,0.05959300160726615,0.6262430780155077,0.06175553353176524,0.06475720769445009,0.013992358304195216,0.026221622972956476,0.07942450203690946,0.026455974893839412,0.026413522752363937,0.07162028690847602,0.0,0.4078151380179959,0.05116740955241294,0.004884332830561653,0.022528623785289227,0.16828540567314337,0.02506543065298352,0.01729472596117551
3446,0.14669767122674637,0.15936281860495322,0.022272631077331604,0.03003920540396955,0.2905575450194889,0.24180729491440073,0.037352271049558614,0.4977261512720483,0.07772192287079237,0.07651756068737944,0.015856105864274904,0.028932205340613998,0.13490269346955208,0.025521783198880776,0.038009391127952236,0.13270466379397378,0.0,0.212548677667511,0.26346878357110587,0.0031726986951599364,0.017777589869404687,0.3516165982532153,0.03199058267746999,0.016396899946157343
3451,0.19252441093677777,0.15518096709847254,0.02135239597668459,0.02628740403439746,0.4359512763123874,0.36892917457772284,0.027114223628987383,0.4927643875050876,0.06188458072387041,0.06324233885883229,0.011310857225202808,0.03611889347111712,0.08262645445644828,0.02765891154772047,0.025737787707745614,0.12656114795952397,2.188183807439825e-05,0.1582961907096538,0.061117586896188264,0.005240113718593803,0.034766361070007586,0.3385913445100002,0.05041064917034286,0.03181265106710876
3452,0.10311863793605623,0.10009652364475974,0.024360333681543143,0.03021160958589253,0.48853328033338167,0.11770700653076395,0.01600867046103632,0.45105700527229664,0.11494376142511137,0.06837230857945677,0.01224149968911593,0.027803614362690018,0.15447573185153732,0.02665097038114866,0.02827416757978618,0.07759939209587176,0.0,0.24269268637111233,0.047462129646964495,0.005284614020910624,0.028143348902562933,0.19751472839276246,0.020696929512183226,0.01830525239713427
3453,0.1534858628684248,0.10130957203025473,0.02442409162566557,0.05637610666020094,0.3611352767803547,0.1464810872183088,0.0990765103328804,0.43802088623203517,0.06397150679269731,0.0638274198482307,0.010450656687335141,0.03880227914335794,0.10237055185140545,0.032635739027961866,0.024512596718192434,0.0612594253550024,0.0003121774464147087,0.1490157699085408,0.06481853132054846,0.016502323299400375,0.019800556201596795,0.22129613088460243,0.040121728940449165,0.01958555325079518
3456,0.1309839810273823,0.09627879585305292,0.024216777224542966,0.03628590834738311,0.39804349061843114,0.1283985126373178,0.09381393347538297,0.4096961030310191,0.06406561896015395,0.0647837960198839,0.010270634184903826,0.027245945088354782,0.17555931032894745,0.031707301308506165,0.025286170112222388,0.061454505883622786,0.00012859359939151763,0.15300633122070584,0.058401186516327135,0.020860248867990313,0.021803943518312437,0.2055526149716114,0.025773271485784593,0.018857358091286632
3462,0.248733763464557,0.2945244870169597,0.023689749988713493,0.030850292557029153,0.35272428949540574,0.1394659835499454,0.03374854996929055,0.4296200521383601,0.06528034535094536,0.10177729494435017,0.01282976578628867,0.05037358723201137,0.11557438897162024,0.02266591109699371,0.024486215119806816,0.06523861691340539,0.010048006045061415,0.18498464251419208,0.21788566175326415,0.005098758193058797,0.021803423424721125,0.2133304473970467,0.13429941255486808,0.02124564235793597
3466,0.18872819760414855,0.20517027206640528,0.025717246910137836,0.07254733741236614,0.35017396426765274,0.1411906726249528,0.030944038119054388,0.4854110565400576,0.07395089578521884,0.14658794532309438,0.011497605866150737,0.07922773692649013,0.0884733818362761,0.093863860641527,0.023646227713559925,0.06795980998091046,1.034126163391934e-05,0.1963952760248583,0.06433815246870189,0.019447568878609288,0.02699230086787718,0.2128723230232046,0.028309796830303526,0.01863391406599187
3471,0.12502796717949805,0.08951912670322555,0.019382897659958973,0.03648930655840274,0.3863738760136745,0.1446481177427924,0.18929853014484663,0.4381182151857655,0.06023425307514139,0.06405969571743624,0.011504369375804504,0.025084872209575275,0.1217930670636826,0.04626261547510071,0.02485814991977478,0.09693575536910627,0.0,0.23984721662531372,0.05279879062573712,0.013195906775111559,0.015680645722237152,0.2544706598869029,0.022457148366776414,0.01804853046028926
3472,0.18823875470466309,0.10970451854030328,0.016713069041411024,0.022597124752297363,0.31801398024543237,0.4037871484645067,0.01629591007460719,0.57486169649459,0.06516253899354497,0.0842876569545999,0.15655397497508602,0.03841172042726724,0.2015084916787571,0.017439260293456337,0.03753325999237921,0.232583276219493,0.0,0.41366971646533357,0.08646699262041378,0.0019944738484413303,0.020095617286484967,0.4690199560741253,0.018246802247024272,0.018975758156410324
3476,0.13298292884854881,0.11390187888603837,0.023041665669416497,0.0325518961860274,0.359379177277558,0.13262415305902434,0.06766199638909709,0.47511737162805706,0.06330288041817693,0.07188107401390872,0.021352829487554677,0.025616262630566662,0.11494350484177801,0.03601976653710921,0.023872214403643822,0.06938970703819564,0.0,0.19241142038015938,0.19553265594939656,0.0059823191526606765,0.02002501477232654,0.2152318829287767,0.03564232952559808,0.049376503811260936
3483,0.1690749655477216,0.12550209906478632,0.028102753411304696,0.03585551865084102,0.4041153336681483,0.13298294895469367,0.07858199958455608,0.44976107903654927,0.06488892931830582,0.07145449969218885,0.014278144684011609,0.038450770906433014,0.11463565209809361,0.026146519282797497,0.024512596718192434,0.0917736987491052,0.000287970936399705,0.1467463395188856,0.0633223850148622,0.009782148031495571,0.020143330161244963,0.2251793614097754,0.07504738520092016,0.018733493161278404
3486,0.14447081739488213,0.10036783446604053,0.021426127208716287,0.03072572644540847,0.35612323348131064,0.316817875218022,0.022199972320575193,0.4877446605591842,0.060193879253937564,0.0788050264886562,0.02531050237676737,0.02626473382419118,0.10829512343300575,0.023694491200722857,0.024065327020596675,0.08811072373301643,1.447178002894356e-05,0.176129690293826,0.06768679312969245,0.007052837919997885,0.01875783794222398,0.3178938919434067,0.021767046518344227,0.018535349161415478
3489,0.23611906267121607,0.23496798054368373,0.02461779931158586,0.029725656858605017,0.34185824511321283,0.14890721261678166,0.020183008810687117,0.5474218415690731,0.08264147272676955,0.12368926202334031,0.010674412914510552,0.04532632303891754,0.09304191204850502,0.027169510950599433,0.030681837545612874,0.06162280813008581,0.0,0.20577135727246837,0.08913605370271448,0.005173862994792044,0.022238121386804185,0.2555529980219857,0.039245214432672565,0.02092164890207244
3490,0.12995164006597557,0.08916091860338252,0.02439399066341214,0.0434197903620197,0.4069409008796391,0.12568431553415224,0.06695071462065938,0.46882134682532756,0.08889174091159074,0.06944032325269701,0.0110373997651022,0.025224644523747553,0.12053380573273931,0.03243106330680247,0.02407545814105546,0.06688309136699566,3.6589318122893444e-05,0.15971840202669899,0.06202536029007426,0.013660514772848393,0.020942962649566493,0.20870674161898475,0.02353019285363271,0.0184876891972914
3492,0.24809576836024508,0.1446819122342421,0.04470628546205308,0.033966129459151645,0.5428189841919844,0.13417460209734014,0.043369136017084454,0.43568069419366723,0.06573178746773523,0.07214063168904622,0.010188349913321784,0.02778943559893349,0.10977770224521889,0.024026612373263458,0.0445064147619372,0.06446324055199171,1.5037593984962407e-05,0.1559389247672084,0.07586038986155189,0.015609604752602731,0.0193717493849497,0.33321418806987535,0.04048944175274581,0.026916289487776725
3493,0.14253056543914816,0.09617510634250687,0.029246817133524897,0.05982855949902427,0.3748973208983012,0.15132502725539207,0.3667698787116678,0.4245882676087003,0.06464179504558168,0.06380816567610378,0.010682174133552602,0.057021790092421476,0.07519626090202483,0.3905098819856883,0.040595085581437526,0.06081330143004246,0.0013140870277227818,0.15919862525799344,0.054490229456697514,0.02029655381489481,0.036963024240739835,0.1882240688537114,0.14416348318345665,0.018230948105736795
3496,0.18469171577958834,0.11718901253846388,0.016415315980063027,0.032442833825374724,0.399854307050042,0.3494617568580462,0.028999795940587738,0.6060520997938236,0.0692380704535245,0.06904474494839245,0.020757681792309256,0.02481147248755402,0.09231321901780841,0.02829998650937666,0.024001425839658776,0.1511469081548948,0.0,0.3004128122036512,0.06224630020122019,0.02257765759924083,0.016825970459322992,0.3438332045947424,0.035930860874397806,0.01713432097514511
3500,0.163517151606146,0.10431294822030454,0.025176631586527668,0.03754381491744439,0.48355895644397656,0.1382296101722128,0.02808214402004512,0.4648855425532342,0.06524359415026657,0.06668812583305322,0.02094638666897067,0.048566738735592176,0.0877153445222243,0.03510085999802931,0.025246241937672793,0.06125208529111749,0.0,0.22289831843220156,0.07234492449058653,0.009780333298724435,0.02054934537845456,0.22282222568057616,0.028276015048038988,0.01913161226230456
3506,0.16701321196997948,0.10685396003700942,0.023653364637799892,0.037385263736599,0.3964904491841112,0.1537351736014859,0.0426051423669626,0.4863750795577769,0.06554075707837032,0.06460211294996761,0.011257969416370264,0.02742470476062064,0.08749552906110583,0.033025418694774863,0.027388080977055453,0.06279238729885953,0.0005263157894736842,0.18194274861616486,0.05806878939507287,0.00767641540514816,0.025409978618677866,0.20346197022055595,0.023039592426721437,0.030039908866003072
3507,0.26038137984638005,0.2124596653132886,0.029296839888609854,0.03773369393639985,0.3120585358375248,0.1316598834071871,0.038101554752018506,0.4955029321760202,0.08257540991627899,0.11168460638379524,0.01093567654992753,0.031427333250046194,0.2125007573902744,0.025831366803502585,0.023870822074381706,0.06234807158493399,1.447178002894356e-05,0.17336351700766794,0.10310498979374783,0.009510618151858434,0.047961255047854603,0.22155951623515194,0.12201439294788287,0.02040618441488116
3510,0.2414442348456486,0.10307248117439091,0.022418334490669625,0.08575896257576156,0.30130348593357326,0.30234880833970984,0.2699456119028311,0.44932099260077457,0.062880634382334,0.06684072997632029,0.02569189797398437,0.10035093318319781,0.136683063000054,0.04968607699533537,0.023520665229684486,0.13707785669978179,0.03168170426065163,0.15550594421478375,0.07784752593646888,0.00883398948790869,0.01940074916415937,0.4288037816549566,0.0334207263575055,0.05044927090829345
3511,0.12569353327755167,0.08721079938312956,0.023822674033938313,0.07211083127085965,0.4128757283302219,0.13049296010947664,0.10908830973586092,0.4811575317348648,0.06456477084276119,0.06453046500949279,0.010192636436403437,0.03250764970234099,0.08894398369879143,0.03987284932876751,0.024512596718192434,0.06093452017730744,3.6589318122893444e-05,0.14502780766032575,0.057919176645032336,0.021066418989260507,0.02141564015235877,0.1956363206127772,0.02411583638105041,0.018973115308040953
3512,0.12812871137598109,0.08791331903954752,0.024115749869840303,0.04105199121988998,0.3873276114742066,0.12814804560054235,0.13509499241423487,0.4397612851997632,0.06406561896015395,0.06453046500949279,0.01003925072746217,0.02758885572980712,0.08999801627145045,0.05020937072760636,0.026890714564719045,0.06074667470112271,0.0002756490690912097,0.15090449832076464,0.05861679206867515,0.0167295419953168,0.020672034889057264,0.19933299638609778,0.024045930509366292,0.018679284256983286
3516,0.14446582820136156,0.11236606638730665,0.02429609201699627,0.030774003642162814,0.3754903570920191,0.12705438695341126,0.05036649195590043,0.41500694818876566,0.06466199410036265,0.08387748838196384,0.010456081411958551,0.027296099033502687,0.18811498333517956,0.0259197520172345,0.029069208472337637,0.06600285814177714,0.0,0.15447321166368078,0.07574548256594964,0.006660057397936994,0.019681160864665814,0.24211722303234015,0.024564806818666095,0.019252034942631904
3517,0.146057570231478,0.09440982884265545,0.023707997756897123,0.046383822690746215,0.5383359768673255,0.14610351325174242,0.08043108768068423,0.5061275121344035,0.07231035951099458,0.06558041710477841,0.025627171483663225,0.03039608814757351,0.08827139485271243,0.028582211519735792,0.025246241937672793,0.14980212224958614,5.139121208830422e-05,0.22566031017548174,0.060767858617622045,0.01271245865240946,0.019625918900888172,0.33945435043343414,0.024706791536546143,0.018593947887416525
3523,0.13604762570151394,0.09544934789397314,0.024862409154412207,0.03403303021989155,0.38667619442712314,0.13467349630224018,0.035171316152387264,0.48793770880315207,0.06708928663814212,0.06357892297221068,0.011568626537502458,0.027638080051659727,0.10574747682217951,0.0279170958475891,0.03371594706713257,0.061548709826782025,0.0,0.16412170641911283,0.05892559801884322,0.01228005401911898,0.02030767709988271,0.2028360221722319,0.026346440605930273,0.019818887486614045
3525,0.12906051369117924,0.08828754058770727,0.024115749869840303,0.04105466760920515,0.36910538883764643,0.18023402965837054,0.11118734717123464,0.42977126875557525,0.06406561896015395,0.06376276639529671,0.010238328901548924,0.027425511981685972,0.1792183144238143,0.03256143521080594,0.024512596718192434,0.11499660987134024,0.0002966154322488544,0.14714289954026058,0.05861679206867515,0.017193544767547815,0.020592794994289773,0.3623565129373861,0.024434789306050333,0.018679284256983286
3530,0.23252009645969568,0.30254540379984585,0.041185571206139374,0.06619619355479096,0.3819447011316892,0.1742995739309093,0.048261151623803816,0.30045161876403514,0.09370452139464232,0.13252818614378467,0.0319229457627033,0.04491157696879908,0.15505678316272462,0.03692853306953798,0.023324720820679948,0.07229131237266477,0.0,0.21763674390651566,0.4414171068120239,0.005390591642169043,0.02168236121593516,0.27492548666311967,0.02717774439248082,0.01991347695852852
3531,0.11380845609803318,0.08629494333340754,0.019613536252516287,0.03032984243372729,0.4622637393892573,0.2879585322641279,0.008767253017089877,0.5760262991557134,0.07047861504579363,0.06957558483300971,0.01631189504927496,0.029947168411863612,0.09247483727568025,0.03121269158595316,0.024358895227085547,0.15866799248035857,0.0,0.2970349729348356,0.05596149958121132,0.007679717057544909,0.019042887236360544,0.316460064429201,0.02092416179882065,0.015295564222662863
3536,0.16303439425196845,0.12276818362174939,0.022031489822064456,0.026715586389239553,0.3709719981292775,0.12704819446202337,0.02556572057457202,0.47411693851343395,0.08148118486278795,0.08848361449027814,0.01265102523964853,0.024795558055083246,0.13070622537497045,0.023055192987783513,0.02478792707207829,0.09720906534779625,0.0,0.17446394536283563,0.12705495990892618,0.0036197434847546144,0.1369429413983235,0.22971143549907347,0.023480627986286532,0.020040651275698006
3537,0.18084249891168497,0.12288717290672474,0.021620394945070943,0.026092147315660355,0.2826375372697027,0.1311453762751499,0.006180237007029969,0.5907932898707895,0.0970016590568678,0.06672460522325341,0.021397035525653644,0.04040377381035269,0.09203412148643024,0.03373973180207285,0.026317091770506198,0.06510637898652118,0.0,0.3344718420823917,0.05528152407548028,0.012431619843081092,0.0222849582306718,0.2286651820211962,0.031955021800539905,0.038849110923420964
3549,0.202407222614267,0.14834208040528132,0.03398991004342604,0.033001679282291786,0.33673974266026163,0.1234204816895903,0.03211609577039751,0.393474148735975,0.10434465873403616,0.11259801802956834,0.012120736185207526,0.024631915869994737,0.15311024443335794,0.026273878263053656,0.023750129343657736,0.07356589530372963,6.215473313651003e-05,0.17557710651387043,0.2096039850992644,0.004514369011914942,0.018604775224310907,0.25290935968690503,0.03749263547409746,0.018425703517386524
3553,0.10123090866025188,0.08331367078942532,0.019284461624600905,0.04610710963336352,0.4694329728913859,0.13004611043849304,0.026358339883165525,0.524800805549284,0.12250374674763215,0.06606832368248491,0.022888046849335382,0.027248823646567208,0.10070697756051648,0.02676098260822843,0.03568313753757076,0.07080900198161545,5.1813471502590674e-05,0.2549270231143156,0.04722392264971049,0.007063023377965775,0.02455085328285437,0.22412873689184884,0.01851510764852813,0.026830368247572244
3556,0.209557246268512,0.10528612628497333,0.021946148282516717,0.03139685228880189,0.40324824368940265,0.3048039595155594,0.025017330044108697,0.4474393578953406,0.06406504273308786,0.07182513051337122,0.011883881569196801,0.0406689337026509,0.1835038226028226,0.02633459762079518,0.023664053589540542,0.11545507006326564,3.766478342749529e-05,0.16428654700397022,0.05915468585996051,0.008457437252031047,0.019084149076860693,0.4428026350454459,0.02962746626258208,0.018530999345956502
3561,0.1341268948025604,0.10394294996011491,0.02001543155787626,0.04822835864796396,0.430680276362521,0.19905543678351725,0.04444997957501891,0.6006219089153433,0.060699850642146495,0.06447023531268704,0.023235584205880455,0.05071989162022936,0.07373252328411756,0.03993460302727845,0.024280692478995752,0.06407419600851652,2.1551724137931033e-05,0.25063100146321265,0.055207112717422444,0.015542892323228917,0.084039503306286,0.21586365601899796,0.11326082216727017,0.018635653123311335
3564,0.14133663289009912,0.12885154269720045,0.02261942230450047,0.04428231743190523,0.31826599522332966,0.40087764092868894,0.042471933875199354,0.501634813194704,0.08759500249995751,0.07998135041078003,0.05204132311274859,0.02538082502645254,0.08896956547276534,0.02999914320713494,0.024411515668039514,0.10628772907645237,0.0,0.1548171457567198,0.060986262202796404,0.006852171640402646,0.029328950125138687,0.29935368057818773,0.031962452908897744,0.018898291721329376
3568,0.12603474886707466,0.13595535952153937,0.02094693809512509,0.03198603908945845,0.3979632524608713,0.12036849503769606,0.0075374989489190415,0.5860814062985027,0.06188459678813408,0.07822220354627596,0.015826972422822713,0.02040641210745271,0.10330811428107875,0.024771239286240435,0.026111661679162138,0.0714725818723437,0.0,0.3706601925406626,0.06187213777118386,0.012451012073610445,0.017203772365734428,0.2046562964166386,0.03888186547425759,0.027071347841479312
3572,0.15428623412876374,0.12390456966368481,0.03317011723661623,0.05055829528641784,0.4208736227988458,0.13490374040141098,0.03617995827238267,0.45017350810244333,0.07238864449305712,0.0728006522668588,0.010312523161691504,0.02538538592072156,0.12903637645540542,0.030413748654993827,0.024132934853322033,0.07789442284167623,1.5037593984962407e-05,0.20672798601405895,0.16457505876183304,0.016092406763505186,0.019322496221749457,0.20525965699902238,0.03415709856051534,0.020708953363425504
3575,0.44252963768617143,0.3719432719223692,0.0435138620312736,0.03704804171737452,0.22653739573156537,0.17828481414297095,0.026380922737328637,0.31402944755294837,0.13438056876246698,0.29402864799223594,0.025645209081977455,0.06485006181754038,0.17126121295865357,0.021061692427525838,0.08335187445924026,0.10149533486995659,0.0,0.2595419640649597,0.5757009097857702,0.012193298321609685,0.01994435509594427,0.24687639577929185,0.2299486968174127,0.056032244615163915
3579,0.13105634600967195,0.12396277971677146,0.07374757456805485,0.04050728548778368,0.39739165916989266,0.12833359193724014,0.007018438272395563,0.5368912317858292,0.10865265741996032,0.09586278301570486,0.01386119579472539,0.018099854593181437,0.10542573829672591,0.046335580759220577,0.024719255375345157,0.08005222150997451,0.0002857142857142857,0.26500819256116115,0.04999189832132944,0.02254158890686288,0.037613777276968,0.2446002306845208,0.034005688190206065,0.03743951989595382
3581,0.14767074188763088,0.08473149747049788,0.019968424244010997,0.05755115578060703,0.3037212075483566,0.39088031668162077,0.021191761331159582,0.5369757875931153,0.0597602356415578,0.06591506531602265,0.027590684882231452,0.022570014373592254,0.13720601295561505,0.021324893618759885,0.02528404217651473,0.15090708403026323,0.0,0.2675417188584061,0.053291906566693956,0.0071837257155595744,0.017504802492324376,0.30064146473715025,0.02155731149635119,0.029631933663301194
3584,0.15052833025137066,0.14551567865101048,0.04469956329112055,0.12023215190393477,0.3782233458130203,0.18837861688723528,0.08416305044235617,0.56657190062794,0.06886235978895697,0.06855041852113425,0.023536538272249375,0.03960256165203106,0.09482716435365429,0.03714853159996841,0.02307449640913764,0.07883905189330498,0.0,0.23982921552519001,0.07300198387888636,0.014297042083564894,0.021632074609430355,0.28330497560430223,0.04010807882245622,0.05400552912988608
3586,0.1527901478663982,0.11247511676863961,0.02154510773622425,0.03864092583193676,0.4698797001536563,0.13308882531850824,0.019687332105338864,0.4604200846691674,0.12844871658869433,0.0667369516641313,0.012101581237543412,0.024256844897129516,0.09671154767484678,0.024136450505144208,0.032525498008704926,0.06197630008826249,0.0,0.16142177972175722,0.05970998570113814,0.004842683987548715,0.027638731807175625,0.22116950740303715,0.02399056934754067,0.018822350131745807
3591,0.1321390513022288,0.08990097607983705,0.02420789993180442,0.040000416134954656,0.3683431645889943,0.12814804560054235,0.09914531556830317,0.44217204160322315,0.0648623869121465,0.06453046500949279,0.010192636436403437,0.027778407169215365,0.09470895328696091,0.03130927305543359,0.024512596718192434,0.06142611368941513,5.1061098151837004e-05,0.15067274352358687,0.06107780567373244,0.015188364218549143,0.020544287221740162,0.20151256853582,0.023889092540163623,0.01906592244270895
3594,0.11972239777395721,0.09005052257434802,0.023207506659225094,0.037469188357807943,0.40139580324905716,0.11308901794696569,0.03509643776108365,0.5615314361201019,0.06861426446706503,0.06527191093025135,0.012064906724265453,0.04782011503644976,0.07019240283064286,0.18334051436905408,0.07550252613493505,0.06295209000886835,0.0,0.40041028224034486,0.05777664686405684,0.007789190146133397,0.021708132051665597,0.18242645253995043,0.09970352181182122,0.019265731884071834
3596,0.12320573007296097,0.09678627959031293,0.022555182035925152,0.04737953211745329,0.31491340282052177,0.12528164670248285,0.0720611868569817,0.5449588567953344,0.1399901882250774,0.08570863606439426,0.010514822314369237,0.03358225648942848,0.10916033565298931,0.045786501732798836,0.02723936603158761,0.10203931949836278,0.0004032867873166305,0.3061658084796916,0.0950860227407076,0.009796284645520743,0.022071426027756347,0.21709386585913037,0.023846479399623317,0.018940918284248764
3598,0.15407629552622126,0.10360417945828787,0.018972619089666614,0.055273456794031534,0.35744886668286957,0.3487364385917755,0.04184684871591208,0.657966452839575,0.0623753213315042,0.06835753807876871,0.048644554888838384,0.07055762859005184,0.08262145101726145,0.0340999854497315,0.023634199058779556,0.09436520381600982,0.0,0.2831559360896405,0.062312812904575195,0.016143395493830752,0.05883494072203441,0.3822265967247317,0.0996939278452157,0.04333171856573526
3600,0.31885775252888615,0.13965507010264874,0.017730993816827672,0.06786162539403523,0.25813676797067214,0.32381366840605713,0.022833475813737816,0.544063213697232,0.05178000493794539,0.07625357976816739,0.08865964685670664,0.04216176636067864,0.12188483558759466,0.023975032817145702,0.03276931429610922,0.21649402183770083,0.0,0.1711954363973954,0.08225444514388741,0.0063184197966581436,0.04047981632150194,0.5114468340932298,0.10377561721524865,0.03046249928593449
3604,0.16240301647235328,0.11294723846458271,0.022939533937408073,0.028717315903728714,0.4272586074172283,0.17708706973923907,0.016878339513260426,0.4656088618950948,0.07590402515853246,0.12354574887010701,0.015604974787444992,0.02471709599796748,0.137537894593768,0.022345574195891033,0.024521576936491,0.09165952077888878,0.0,0.1922122749264491,0.11615307447608889,0.00545130393158041,0.01856795721527249,0.2230260529744523,0.02352040146906401,0.019999560027108867
3607,0.13899377770971227,0.11913293233555457,0.02351253450098787,0.03280001231751808,0.35133481078344764,0.15505685991829984,0.02375949687982529,0.5022411268340149,0.07906461373539257,0.10127496812840311,0.015353556045458268,0.025738985187729494,0.08400520782543108,0.023380601236746953,0.024512596718192434,0.20557770748187879,2.4813041662862895e-05,0.17957646085828177,0.06554895479053767,0.0070532366532844335,0.016944910599189032,0.40791097906900275,0.026825700536541416,0.018353152054345224
3610,0.13903545354479577,0.09203992795425679,0.0224278926774241,0.03744623722544044,0.42020525625029237,0.12966420239154966,0.07550493519630148,0.49854582915634277,0.06369020098261437,0.06114021029044845,0.01046359679293396,0.027163256870210303,0.09393660975123624,0.031410016041156716,0.024512596718192434,0.0605153425945579,0.00011943308092004392,0.1534740711474309,0.07167781719360775,0.009503273108349964,0.020331192473914253,0.19952953373907756,0.029052489783065197,0.020101229165183875
3627,0.13376228447576113,0.11361771526613032,0.02454766973609988,0.054324219745757546,0.404160504535173,0.12606203969260749,0.036975507762765716,0.4541932700494197,0.07004254501968091,0.07480575580942597,0.011629543937421277,0.03805259093537479,0.09464451179281763,0.02748301777503373,0.02512941176906411,0.06314448609894824,0.0,0.17693017368405406,0.07278836165821323,0.005552852631612949,0.030640938467622246,0.19322854466007836,0.024043838751234777,0.02566468594518317
3628,0.11601470016379904,0.07973768577178134,0.023197237041259783,0.0702181240484065,0.29887370936861285,0.2652551937524475,0.050216027155201466,0.5639228760005521,0.06341795962394688,0.06330768921810231,0.02120645650642163,0.028346502111622596,0.08661442439044947,0.027649089975764,0.028936048450332555,0.1450721431769478,0.0,0.3626937467139008,0.04886020127834712,0.009755142751136285,0.019106425672381747,0.2929549632757153,0.02419266779915533,0.016730303581781444
3629,0.12280612689589741,0.10542328964291116,0.01851977523775386,0.05112978528776992,0.43563184687408396,0.12132372225436301,0.012235961987973911,0.6653242986837068,0.07398865483319156,0.08639287117009886,0.013003350170379888,0.04114779169395108,0.09147187281009656,0.024492214192207977,0.024295678813191553,0.0990664855381349,0.0,0.3950278348364871,0.054184572890588256,0.0216531158019395,0.017340061816796256,0.19040086283336788,0.027060153991194102,0.02593182533764232
3630,0.21228021081725082,0.0946608739791645,0.02330698530772501,0.03640244558003234,0.3277884991631303,0.44452614267395724,0.09071533191335365,0.44996356656928455,0.06352869822452183,0.06450903588862904,0.026153627763440726,0.026994096561998318,0.09811553037885985,0.029981578173947882,0.024578178587935432,0.10907851396003825,2.9509374013905968e-05,0.146957854619857,0.06128155894518143,0.011321411050555215,0.020326668457408267,0.4676775457865076,0.023324712751555007,0.019610690951556202
3631,0.1531553441635768,0.12024290176827161,0.027005652234584013,0.06583252950998097,0.45664823495453105,0.12690395561166734,0.04526556214896162,0.4916057010949288,0.062336214766855275,0.06513536628610156,0.01022963299715619,0.04027800848917475,0.10508649458811054,0.04622860808370343,0.052667346657932004,0.07548317210268356,1.5037593984962407e-05,0.22529952368705333,0.06126285415796047,0.020709315401779352,0.029806075334374228,0.2004790811805394,0.030960943356569424,0.028805236104609503
3633,0.14825696888993975,0.1178081488246734,0.04773535745502373,0.03025409816201845,0.34641734014438924,0.34646588244987675,0.03633602964880315,0.46010333281135146,0.06350307297009121,0.08269451272461219,0.03680976676845619,0.025965442289521648,0.27121022657393384,0.03830432478808306,0.024042521390737374,0.22737256684416207,0.0,0.15782176807193232,0.23500227883568273,0.026391658163570596,0.01816990664855607,0.4994198867360015,0.027745944515978015,0.016955826528150857
3636,0.11481689099286836,0.11778696454301528,0.03051898763973204,0.03293363326225041,0.36651888981189074,0.26278525423185495,0.013701135147520955,0.629438043464779,0.062312084809745094,0.06511231528867448,0.02399236691558851,0.02581691158886259,0.0884604845096235,0.024903130047135763,0.025342778909876046,0.1378102810561283,0.0,0.38426708349429767,0.056942636150704544,0.0074965031340630175,0.016682808483327285,0.2842088191727125,0.029278302480394033,0.01934864861617387
3637,0.11643451686699245,0.08488636762255147,0.02108264007650924,0.03305787157312162,0.41705400356330435,0.1292350035421655,0.023219836068844427,0.5234015012749159,0.06480457730906358,0.06449333649048358,0.01160058728573266,0.02439196621962373,0.08670558001987498,0.028744830680422755,0.02867001198687042,0.06122586057898956,2.1551724137931033e-05,0.29595206902186727,0.0530808162522852,0.010849282232000863,0.01968926219111661,0.20112394132792935,0.022658142591459624,0.018292575378354933
3638,0.16684557655983678,0.09848307668034664,0.025733007989093008,0.04097915951800062,0.40319150042518637,0.1440044312501207,0.03609789081131562,0.5056044826018502,0.06322079023581666,0.06573154925508334,0.010677908377305033,0.025424855673778658,0.08980991269345613,0.029012799506995403,0.02469795866827661,0.0625044155014273,0.0,0.17337045244111057,0.06121862951994833,0.00905486238845265,0.03292702365792738,0.21346989203570416,0.024789304587649212,0.036710827421602
3640,0.25378766269969544,0.11598953534892642,0.01990855078743599,0.052436633064781975,0.3639554327070604,0.20625119721553353,0.03228141368525578,0.5635934109021321,0.062449973214976105,0.06690876484638675,0.011080701815297262,0.03226596941270414,0.11766086033545019,0.043069182338689845,0.025776723835977886,0.06213473117345478,0.0,0.275798519438852,0.061226252218902426,0.012774454599785583,0.02056188836198228,0.33772889842899523,0.0373766275477833,0.02682946405343144
3644,0.17702112290048663,0.12172232214970181,0.026355966863354355,0.03847310132756762,0.3834007091823046,0.1240938706174334,0.08256406419230423,0.45246374603645784,0.06585863487546453,0.06785053531498947,0.010192636436403437,0.029596651798613465,0.09273895059100956,0.03052475938846759,0.024512596718192434,0.06074667470112271,0.00013771228739016352,0.14841053923211817,0.06818849722808674,0.01508826058464403,0.0203950178825963,0.20578578236330083,0.05273053107461039,0.01898699265728795
3648,0.14404870826617855,0.10848057155607053,0.030640493244687733,0.037857344294894874,0.36002563028438006,0.13893578728355943,0.034309312100477135,0.5587057519419875,0.06316271635028393,0.06496672085946494,0.012188549168523514,0.05326473853994753,0.0732334443766535,0.027389142390496408,0.023570907992185298,0.06138573468075022,1.447178002894356e-05,0.15416105244138278,0.05568027493855904,0.006462586187697143,0.02116070624255697,0.21510636906226083,0.12975367751840367,0.03026154798103063
3654,0.12906051369117924,0.08828754058770727,0.02403610293871731,0.03951653426863821,0.37791972743727037,0.12626487143776996,0.1065938322241622,0.48363774708291063,0.06406561896015395,0.06384320968108914,0.01003925072746217,0.027555994957975304,0.10153579130228897,0.03486824761406429,0.024512596718192434,0.07056469116091386,0.00012094898128764989,0.15824859692728713,0.0580828631433325,0.015557424716065802,0.021112963873257146,0.20326161847434715,0.024045930509366292,0.018679284256983286
3655,0.20516617616989588,0.19972440789538354,0.022646396316871296,0.030038685347822943,0.31344754236224515,0.12329327601805624,0.021854176507467665,0.5070039210763339,0.06371932407987504,0.06934823073606151,0.01150426488191382,0.049384937509671725,0.18805138682854308,0.0231161894956853,0.027544177752203542,0.08050981058255063,0.0005263157894736842,0.16705830121077647,0.1091366764677726,0.0073468159342878914,0.02017140061241442,0.2455210426478286,0.1289660133401791,0.022355417047227922
3657,0.1451949575414839,0.11611022444383245,0.020957123388365296,0.027053166041501542,0.47699581638164823,0.14810617014771738,0.028662689393073686,0.4782173040293553,0.06231345064700561,0.08662318081625181,0.020177957080582086,0.024942387245979695,0.1609955015534232,0.023037954658448004,0.025246241937672793,0.071384908614394,1.034126163391934e-05,0.20870708997926332,0.08551926128048476,0.006062776383081122,0.020589318182349034,0.2604708711590668,0.02377974557599898,0.030903743293362377
3665,0.13608564563968212,0.09309284402459898,0.026097305241584066,0.03895572051130417,0.3748232594656369,0.12814804560054235,0.07777625747436755,0.4281593602430579,0.06362905377592684,0.06445333569499645,0.00995478058388628,0.026150844684534536,0.11121432830072274,0.030346981400223735,0.024303431030765873,0.06074667470112271,0.00023792285869003046,0.1534793834272811,0.20384629575568106,0.015627943766917722,0.019447306625795024,0.20235811611965257,0.023733174091941877,0.01987962833944415
3670,0.1142065298893945,0.10872135033376634,0.021258164591918347,0.03441471119421014,0.3351590813662695,0.14058736761701301,0.03224037013469992,0.44726983045181234,0.0639833904047972,0.13932314830756565,0.010102522921579623,0.02397481576239922,0.13411681604707065,0.026599529600176725,0.025343579013172076,0.06771772533192538,0.0,0.23061654317274474,0.11484094358149631,0.017088728633639645,0.018194902526755027,0.2211477722235496,0.02366280919981799,0.02072908521003998
3672,0.11054589799011535,0.2260559890078529,0.030305737749715577,0.040512732886415354,0.356902453429977,0.14298038690021886,0.015388087897091729,0.5364006439406113,0.13487449081501984,0.23738649434246537,0.012624121592641604,0.03217875797423531,0.08909522925401187,0.02268997947124939,0.04673697596968679,0.08116376797798329,0.0007407407407407407,0.3344751117157914,0.04819867059589707,0.004586261387627424,0.022758161413546786,0.2125461948286342,0.02319305396666548,0.017786793018871774
3674,0.1372566928103113,0.23311917755118192,0.034121097963643265,0.037228271335318024,0.3410462288705737,0.13124532912041295,0.09525334096428517,0.4348991022080876,0.06447779978007322,0.06483764105931857,0.010494855258989369,0.027842281934715305,0.1336241299011007,0.03205383410211331,0.024284623828482017,0.11133054171516124,0.00018040707089410832,0.14825976395220056,0.06791433472260716,0.012779050918991987,0.020197919683393108,0.23466491185949034,0.025718829629961124,0.01883868013760708
3675,0.10802305998842705,0.10311688605910291,0.01617838207483671,0.02589538486345254,0.30300336887283386,0.2917405203124791,0.025332448236780745,0.5979882740527575,0.07141085981933322,0.07939222537675078,0.04680591089295781,0.02502119807830787,0.1120760365722276,0.03188894108597748,0.058103681433286564,0.16075146895554623,0.01,0.35891194873519866,0.06144233571155042,0.012311727475371872,0.03684990141265217,0.4081287645994616,0.01871351421676137,0.04429305268534502
3676,0.23898476826310355,0.23999715111851497,0.059506904728088145,0.0508956042634623,0.5199591483879105,0.15632875100065263,0.06710455189365595,0.4531885410067499,0.11555783364988904,0.08707706527497017,0.01654671477556936,0.02509946781005734,0.20219534644918777,0.04087691957520263,0.03983895825232251,0.08524462067763203,0.0,0.22725003692408258,0.08128491763709514,0.013459445897386775,0.1653094063512381,0.26907964510281696,0.03831652305956333,0.037410464431678184
3683,0.11448193951843796,0.11343903310233525,0.02357728843673631,0.1071705320589511,0.337056246808203,0.1341977725927466,0.2866852425838978,0.4581312862233338,0.07551070192543755,0.06314536934499188,0.013582440860445062,0.06044587994987541,0.07856148970428803,0.05319313981270666,0.024239196992506304,0.08131423294291121,1.447178002894356e-05,0.15427786631305135,0.06428019738262584,0.014385589715220531,0.0199734376005821,0.19330153100403205,0.030172706458300808,0.018873223651253303
3687,0.12351542077328202,0.13045559847768443,0.02096383924312617,0.03908209043518218,0.35429304849896615,0.1268598505785094,0.060724198871860126,0.6009752130643793,0.06302469296211687,0.0644034735126108,0.010805620461071778,0.02740707013233511,0.09406312336621317,0.026104662947081428,0.02604521482661022,0.06157700469505681,0.0,0.322527788060313,0.06687680642924941,0.004632521470984202,0.018447013204737635,0.17678191023068812,0.024531712240704936,0.0185266727599259
3690,0.10150472975500907,0.0880070120930931,0.07777613338631575,0.03566980494388029,0.41695418648179744,0.1256307326668658,0.015889357215265295,0.5663351046050513,0.09451912140941826,0.10397459248251295,0.010641868298775219,0.024911228786575174,0.09480354292890505,0.05209667631057241,0.02662747027165538,0.06848821116447829,2.1551724137931033e-05,0.2818751944890857,0.054728146522820965,0.03087186601281569,0.028710490553517567,0.2092466140679552,0.022298005676081555,0.01963428956566404
3695,0.14752889884105794,0.12299123396156013,0.028328638932802463,0.06378794770302783,0.3699689324508881,0.13847310122022052,0.01957948413119776,0.5260524887842553,0.07913709261320459,0.06657273333341392,0.013434691711071596,0.047537145077635935,0.07343987263222432,0.024781551848807273,0.02475046908945898,0.08891727186308128,0.0,0.23114432480579322,0.0627259814187308,0.03864285223689405,0.026178217850951938,0.2211102626232141,0.1406616490908622,0.044761635075018714
3696,0.10472067682762366,0.08313776040382358,0.023559109194793804,0.03841374819841875,0.4188709719194156,0.13643407217799866,0.0341376634305308,0.4850440786764725,0.06444614354809172,0.06805286476691723,0.010384606104879504,0.0290409611245722,0.09017350367488138,0.037344287312636865,0.033843646013526664,0.06787653111542687,6.24778250903582e-05,0.31963838267791994,0.05144895115940778,0.013480739378300698,0.02031472187059278,0.2002751511955557,0.02302899163160581,0.02321538896466211
3699,0.1701948401606707,0.10961103803177347,0.06385944197120481,0.036822530228472344,0.39049109798201864,0.13425381904089442,0.037426228863160105,0.47060002098606085,0.10254865120616015,0.06959374385447217,0.010207727581296322,0.026014877043555432,0.16885193572459783,0.025963520689316663,0.0242989122804631,0.08856669560702779,0.0,0.15219448624418438,0.06728728777684986,0.019897749912882453,0.035800740891072616,0.2212681943240141,0.023282783587065675,0.039515316134298574
3701,0.12570414253369094,0.13203580743558543,0.02214241635447389,0.02852831381339037,0.4448606172909409,0.13328326798316487,0.03269663397371502,0.5539988406428207,0.06400467484677053,0.07521997294388215,0.011083706867656844,0.039524633107220215,0.08315448780942551,0.021455361172946816,0.045316296660052276,0.08435952346772241,0.0,0.2373496837776097,0.05555898698657367,0.005519828660961417,0.018192739693887617,0.20432342029282588,0.09127161599104436,0.018104002292544896
3709,0.21198672446179675,0.18182572404279798,0.022539005907012247,0.02567738316507131,0.4496004613114027,0.14646094207520732,0.017212966696540252,0.4834743753467514,0.06411968903556271,0.06585942600041761,0.011407433610585948,0.02374211805130634,0.14406960032482036,0.023378776192461693,0.025624989601697807,0.0757287690326578,0.0,0.21579269563559456,0.07180953811197105,0.004498800188847405,0.029879089265611055,0.2096161947074129,0.036112524065713074,0.02029523644621133
3711,0.11185043739855502,0.09978345947332508,0.021201992309275726,0.03276746564694733,0.3041221448903637,0.374363299478741,0.011782990435473244,0.5670711140881904,0.07110697514240046,0.07876136685501123,0.055366522477014325,0.042133269448727285,0.26583574615869454,0.055182460049456566,0.03952501768386984,0.22223904049574203,0.0,0.2691241957949629,0.06545734393331236,0.0017279490212424346,0.02889407389716507,0.46090250518236026,0.01842305662321473,0.1050776519610062
3712,0.13948826822092278,0.1219740658940579,0.031728068211175596,0.11042068284072702,0.39453560120734754,0.1253203246180389,0.05208790041241681,0.5950982869680325,0.07590471195055949,0.06627916756322576,0.011833007460791231,0.06291879701824579,0.08521514206879743,0.03571668990819197,0.02522487094549005,0.073730347241598,0.0,0.3220055870180986,0.06558012514754026,0.008971579331937525,0.09526360728412354,0.18075590655741686,0.024268759188191304,0.02001375875098187
3713,0.14735419455922064,0.17531074539892091,0.032947837891773774,0.029536221152436693,0.33996249091990044,0.12515232793108333,0.03272945541917081,0.49507378414504366,0.07925531470004843,0.1063213831972278,0.011342043734263688,0.046855256958072695,0.0816622248235821,0.024044555094373837,0.02418914119863801,0.06704093212802922,0.0,0.2592647040880108,0.048355528788799916,0.0057248792032099415,0.018285187147283125,0.19892569537939062,0.047293157399516506,0.046791323847899094
3714,0.09610259855716813,0.08091134269613111,0.019101967410359657,0.04553812485183128,0.41965273628866934,0.12377913791809558,0.01359920118227428,0.5899803775571506,0.06433437152195842,0.06542457359596686,0.01505093459435485,0.02344289673942576,0.13054985462037821,0.024618599429820164,0.03932963317116671,0.09864133141877363,0.0,0.28689478938803353,0.05546704918232054,0.0033785840775870397,0.016458388866668314,0.20820034882343738,0.019770866222051948,0.017544241932566117
3716,0.19472910834708576,0.2356254714126706,0.03673578505760347,0.03172585624833935,0.2942641341628534,0.12779130913541042,0.019467112288830846,0.5149086915578899,0.08221914075270012,0.17767100108818543,0.012719081734306319,0.03877777243716906,0.07791819342594423,0.020782215153400178,0.0366915106497809,0.06771469036597427,0.0,0.16235114552782615,0.06535843936462819,0.002489353755082826,0.01942850413709418,0.20935286099867245,0.08767975874849271,0.021542398206585534
3718,0.1492200821825691,0.10370559331468426,0.02940488571295257,0.039935515716444624,0.35498198755098337,0.3623309824205454,0.05490456310066108,0.5039275088570977,0.06381186035598564,0.06494111424498826,0.03151119946345879,0.02447367153164937,0.10416930558817963,0.04106959487486755,0.028028953524891754,0.24012187575342142,1.447178002894356e-05,0.23633198560637222,0.05912949041767715,0.018822803114231727,0.03931354727967435,0.357381548865411,0.02649503898981159,0.017712599178205158
3719,0.18987963619057563,0.2222113152440575,0.031815646343912915,0.03565815163365452,0.3605441432862473,0.12437358149325772,0.052347164943096436,0.3737292564769301,0.1722315207714642,0.18125241639923317,0.010688804755026338,0.027568117640549908,0.13822852587322199,0.025727190109618495,0.03403577237758597,0.06667343645365147,0.0,0.15475366849735392,0.0798219889874212,0.007811947074077624,0.06349803491798588,0.2119307343522199,0.04084584349430541,0.0780319246823479
3725,0.12169206372620436,0.14674952004081465,0.02418216086915899,0.05144679047721917,0.44617628764689427,0.16396893150667732,0.011099315900987821,0.6569985976964827,0.08446544599993608,0.09754323742498372,0.056819307837174315,0.026777674302379054,0.10256099349751581,0.01908448135567652,0.04674423766863867,0.17774548198987694,0.02,0.5164823001827308,0.07363226289975316,0.011167231279972182,0.01854240211912858,0.2644864850058427,0.022396330210991654,0.015241607760247832
3726,0.10759708595123552,0.10973599306790494,0.024781940669315574,0.03295428473149059,0.39170450380535854,0.1282274675321288,0.031115838747022537,0.5117824216468779,0.06107485173206834,0.07087803221538404,0.020751424189720872,0.024565809638002752,0.09763607754432799,0.02765814987937416,0.02674893615042094,0.0682824296379763,0.0001020118751771371,0.2960032891144638,0.06134073268186136,0.010336330386343384,0.018002707184862455,0.20230324137000452,0.01970956702224533,0.018622544621641222
3727,0.158611575114471,0.10526554874439434,0.02279442012613366,0.0448980133002328,0.3501298134299076,0.15216283528805882,0.042029476892280336,0.5101389204019307,0.06436323502953925,0.06458471790834511,0.01029862523540038,0.02682627914194981,0.11725733704680827,0.02744945895576373,0.024155153592833004,0.06459822126066449,0.00036536806231073283,0.15995085215015506,0.05733136422419428,0.010843325847152257,0.022193824673452326,0.2300305933065133,0.025846012063294625,0.02005270641601114
3730,0.22070424128354382,0.18157104663712814,0.019326642846345315,0.030835486561667045,0.23538937646139446,0.14429574515491292,0.007891912869246908,0.6108240851244302,0.08405188816376652,0.07286085188019883,0.013158362177974727,0.05045251342989419,0.10405695186980418,0.020367268224890423,0.023338363231858603,0.08887961661490325,0.0,0.19218155393141118,0.0915895043989931,0.011331020375775103,0.01811131931271798,0.2355221199760048,0.12887763473224192,0.045888329135763024
3735,0.27095503570681284,0.12100368189004859,0.02028660820684769,0.0620492277166598,0.35012728072030436,0.23430013318677015,0.06562128013471065,0.5146328600567408,0.06972010855811524,0.07984986087427037,0.04260034142777705,0.050214310113033685,0.3074803259697719,0.09535156982900579,0.02415056714894202,0.11749645316830301,0.0,0.18400400309160328,0.11606283046321102,0.002860867743320084,0.053964374286424456,0.43372476181208613,0.07193490294189536,0.01897799324429903
3736,0.19637587049121186,0.1485461723897876,0.02410371990068876,0.04704842679447486,0.32512665835973775,0.2917630876501855,0.035607051952657696,0.5434594513860386,0.0652583853262435,0.0671347120614056,0.012283896112695359,0.02934947539899745,0.07765104504475738,0.02490378023917046,0.026829442304752493,0.10252701317470443,0.0,0.15939026324619093,0.0911382897028709,0.014800232177036944,0.06118061839538473,0.28878619655074267,0.025033492786743813,0.01788751525215455
3738,0.09751037314610127,0.09739217530159605,0.020299732553152112,0.04168917940391197,0.4700451759831373,0.1519100877458631,0.026442113329056105,0.5425102255218693,0.10319350754157164,0.09603382586308089,0.009428385326634207,0.030028500141442937,0.13897602692229286,0.024061802071780422,0.03460349476623151,0.09273845836478925,0.0,0.25734818783282676,0.04917417516529696,0.01634484828870956,0.032639301847951,0.20195726443261988,0.023899332521321436,0.018196392711770225
3740,0.15953816537197213,0.1303889108456878,0.02585941209132098,0.032097355212024906,0.41607430138485496,0.13531731327288823,0.05148585652004636,0.516712730749937,0.09103942400812706,0.0653895132113281,0.01058856543232857,0.026012193139396168,0.10158287130651765,0.02603927502737822,0.030380820256224322,0.06861314302172677,2.5378855618881745e-05,0.17223300334280028,0.058454242357286565,0.006111147155382206,0.02068062302289595,0.20084697534725562,0.04542748163734828,0.01832252194923332
3741,0.11594938715603068,0.15500136736106673,0.019605828595271813,0.03363040797744385,0.3289386731500227,0.16694896314160698,0.011179292052615973,0.5755047952837156,0.06449610243290932,0.10726385396561357,0.011674316703787579,0.02173337441237933,0.10590535082126382,0.02670638482826339,0.025121209015923417,0.07182987582051947,0.0,0.2875221139846402,0.15707651440195536,0.01254326674915545,0.019432766486173467,0.21754437821950057,0.021928879416817013,0.01791783164267627
3744,0.19254950687095465,0.0907073910808815,0.021398955071584756,0.029433419158622617,0.45545805562208536,0.1725158841183767,0.03037920187177984,0.4767442320025133,0.06261063516428553,0.06494712340943329,0.011015843357780277,0.02328094251245036,0.09513106543035463,0.026186350514787758,0.024771378459132524,0.06218117588070542,8.754009514819354e-05,0.15880970515325704,0.060834220203458224,0.006955137761313942,0.05024383356801631,0.2361065586340118,0.0226170562968402,0.019255312818876224
3747,0.13615644089111245,0.10962442202963076,0.02259891707389043,0.030369620923741972,0.3128294767686209,0.255500353320676,0.06455449792836289,0.4641214111743188,0.08483388406638191,0.06299348961699898,0.012312219717642658,0.02249520199153058,0.22476701648281858,0.02340225284683849,0.03691783811712071,0.11918923612423646,4.1841004184100415e-05,0.22903639591593677,0.05868808935346317,0.009228513909698447,0.018871365429675834,0.3029378299849853,0.02284877595774881,0.01888352792557597
3748,0.12550911773932996,0.09287587160025343,0.02181995797001203,0.03872005209800727,0.3800310374815532,0.12628580534555714,0.059889320148964205,0.4613754128876718,0.06746714468064853,0.06376276639529671,0.010192636436403437,0.027230427996286853,0.09867528849137852,0.029927785402148847,0.02541644245258642,0.061125785327354014,0.00014975576908409803,0.15601872263990835,0.058129373067199196,0.008695361816427572,0.020704811474653216,0.20582180528904698,0.024362126053310486,0.018973115308040953
3750,0.22028579989602814,0.14932641777132757,0.05474197461210551,0.03470965842473277,0.3795596409149099,0.12902291661170534,0.03171761729597609,0.51980832348737,0.11230178982547151,0.11599475946542237,0.010039309709886781,0.04973617882534992,0.09569840635489085,0.02660805112212306,0.026713486002201473,0.07935561178431891,6.021657335461759e-05,0.1832794802868894,0.06749033171140095,0.011083274788655348,0.019993618377263003,0.22344765866465433,0.2071438187364986,0.027873498832385022
3754,0.13422803952053716,0.09228297027004069,0.02318375001044932,0.044222404284960604,0.4086007980411058,0.12627017651794667,0.038654127400313605,0.5337639910397972,0.06789113142444879,0.06938057194896204,0.01114657540934626,0.027860667365360418,0.09332203651706578,0.025040444245462923,0.02451566916510862,0.08252848955449403,0.0,0.19712493013363577,0.05288769571490327,0.010299073636276725,0.02482767928614057,0.20992663016782534,0.02374968786730229,0.018542142935397764
3756,0.119832439006578,0.08633876906818796,0.02410517299563446,0.05462750403001814,0.3606278963690423,0.12878918951198148,0.44220859185159567,0.389591712376431,0.06365502445241553,0.06453046500949279,0.01014344541522531,0.03082391505484648,0.08442009714300451,0.05870838279591146,0.024512596718192434,0.060601219292413015,0.002272265629908206,0.1441735649635674,0.05861679206867515,0.017137083473576148,0.03357484171598345,0.1927360746921522,0.023106659245098405,0.018679284256983286
3758,0.12605454092191823,0.08828754058770727,0.024769898792943872,0.07377761307380984,0.3479102172769701,0.12736523652045384,0.14458766340421614,0.4827610676006326,0.06406561896015395,0.06656732874223603,0.01003925072746217,0.042763402642344336,0.09216682618787736,0.03791245182236089,0.024512596718192434,0.06167809402877383,0.054607483427844106,0.1477728235852735,0.05791779541315675,0.017186882814399583,0.020684624619616863,0.20171400779306947,0.02527925104972338,0.018542244649867298
3760,0.16779747864152383,0.09523675393705666,0.022333726794620742,0.02931242303895628,0.35649113926260484,0.37249961980778595,0.020054047916076897,0.5004535033694715,0.05761417129185288,0.06929354090511756,0.021213477628629886,0.024240545676196684,0.09976601509530006,0.024789475357345138,0.024243882706676118,0.11747001637376052,3.766478342749529e-05,0.21737739522460076,0.05857699388935294,0.0060828388990085466,0.01935080777493176,0.34987201737568535,0.022503175260869264,0.02653054872827265
3762,0.24412010730896483,0.3718631568073086,0.05870673972377536,0.0392574020739587,0.2810880813680844,0.13485983477521205,0.04158335804073985,0.4008755259957873,0.18803666672427588,0.31085465478721325,0.01220339471099453,0.03797203719495002,0.12872258468780198,0.07272991877183914,0.03135490070133435,0.07584350917571943,0.0,0.1540570029493239,0.17207343459239902,0.002826276639079586,0.030475497557930508,0.21631494759577075,0.028754228105858398,0.12367751349422647
3763,0.1647347980899311,0.11202552419133434,0.021111016653164213,0.03925122019484034,0.3442049259426099,0.1622847522745966,0.0248162163527699,0.5409810284516987,0.06481717590974458,0.06698142585326361,0.012031112496551324,0.05256822118562132,0.12716020799802843,0.023053936349216056,0.02581929695990007,0.12097008661425723,1.034126163391934e-05,0.2281205910976964,0.07179996275729984,0.007970565590349138,0.020745951047075665,0.4046312561772083,0.1040980148029792,0.030188993095257563
3764,0.13521171457774128,0.10779294101165435,0.02386528655951621,0.0313804855485826,0.38457513169905994,0.13171345392305894,0.04331439319913244,0.5095070481033399,0.13607504953291388,0.06453829586318982,0.012915180931721055,0.026834839108528095,0.10955790204506087,0.025036439708691353,0.024404849091696802,0.07710117778751278,4.1841004184100415e-05,0.16503414905524866,0.05748094888567043,0.0078102880148909,0.030479301343585168,0.21435695145871936,0.02393398716221454,0.01844506456704299
3766,0.12407612598817082,0.14746490123659728,0.017316913857771215,0.07295387974355864,0.3396557647772914,0.11345248552425162,0.029834111295882076,0.611921428573816,0.09471639398150343,0.12557286160779543,0.02590317337585638,0.09063130206537644,0.07202630027239072,0.020838386419986935,0.02794747660059079,0.09886597368536992,0.0,0.4631130612011311,0.07857375483014022,0.0029498763674221168,0.016742162709877034,0.18292350086584677,0.14143188353384292,0.038585564800887054
3769,0.10983510408841622,0.13803457955005136,0.019045341864831703,0.028950600833716828,0.3285732764907136,0.14560901705343893,0.012992803896792283,0.5254469323868105,0.06138147159022823,0.06691048779971992,0.011658019974720242,0.027662550930969206,0.19775980429485734,0.024011819112988428,0.02662685776774383,0.09415462820983848,1.034126163391934e-05,0.2520691220821601,0.06198646271135987,0.0032549681608814557,0.016250286939851772,0.23410706471823853,0.021234937142707837,0.017552501487688565
3775,0.10544019473375096,0.09003626670219189,0.018875180160975617,0.03223715273728387,0.42815357348365163,0.13228263591535644,0.017450483531867803,0.5675840652649109,0.06124062217858297,0.06435480906023136,0.0262032186347754,0.020705653900840372,0.08027286804682167,0.03321345728325735,0.025096112574740155,0.08646134786873746,0.0,0.25298479519852024,0.06617956685214035,0.005871488810220805,0.018453397508544477,0.2130149492150048,0.020109363787699695,0.017504847012698863
3778,0.1710473054880143,0.0955446491548388,0.024315122813151194,0.0456377371524841,0.33404623967452884,0.163613331201549,0.07702899074808989,0.46467428388186716,0.06567269015753117,0.07376778117039566,0.021675914130645683,0.025941832849050734,0.13194027297252567,0.03141893325931142,0.028248634137768278,0.06585964088478033,2.5378855618881745e-05,0.1834618828169885,0.06763273331154152,0.013103261927281014,0.020680555919103408,0.23249815689087225,0.023842145727953318,0.020319835995353714
3788,0.1281786389376053,0.08969628305189312,0.026112430111722474,0.026731102200847134,0.34145231538904014,0.39597038956040237,0.027434512517570724,0.5222340127440723,0.05791479496841097,0.06594696469161306,0.04208269238805622,0.027707834686777667,0.20095244913277877,0.02498674517666486,0.034775794408843076,0.23137555185770722,0.0,0.33064922167151023,0.051256377650033845,0.014816533723686721,0.018069004804916116,0.5281671901598918,0.019975970478524556,0.026663658931801823
3796,0.15088167519224993,0.09707405240437439,0.0227856305190665,0.04151156851123876,0.44705113162872673,0.1280401327155431,0.038286615220811795,0.4401000181558008,0.0660215570227429,0.0642516692397096,0.010261248919770087,0.02617362842693671,0.09085080478551161,0.026443665633472148,0.025689101366872972,0.06104049534307615,6.304363904637704e-05,0.17699107875212494,0.057057501979663465,0.005548819873325486,0.02021409132386194,0.20702006891664035,0.023509712500670518,0.017740114248938815
3797,0.38293559665359617,0.11602193235604727,0.02150344177944636,0.024987439189611736,0.3451179158580212,0.35085968770558407,0.009474773733070575,0.5376592415426034,0.06259457860761727,0.06471537057004101,0.02263285796393538,0.023973757717386333,0.09755409166287811,0.0208663639256362,0.024322529496186688,0.10567568467426797,0.0,0.16265465160157686,0.08978531965127018,0.0035128717159543083,0.018866259908901364,0.44219605750354846,0.02272954668054241,0.024114194278870137
3800,0.1715472192189046,0.14653837318600083,0.02003110337396325,0.0287470064653586,0.38826804002712945,0.19482594930154545,0.022865563502813335,0.4596616058192203,0.07358056612301453,0.12407892326710991,0.011864470451211645,0.026541474007148826,0.11943294121010414,0.02937563495731394,0.032548520551278985,0.10105310652683536,0.0,0.15729086204290854,0.08340465468813602,0.0026824576893714758,0.018513210781900737,0.2523878577123141,0.023676664315665362,0.026451383857146373
3802,0.22162078843003222,0.3519037451313267,0.025976990744216204,0.03401696580136066,0.3031479240071187,0.1340181976196605,0.055800702990070186,0.4701398686329677,0.08752950507019226,0.06212982636137193,0.011616594990013948,0.04154397169815252,0.11326420183479602,0.02691331672921073,0.02885925577730722,0.07137955841888083,1.034126163391934e-05,0.21007709460951257,0.407790166573473,0.02066966281344104,0.022460982720310513,0.19849491052789794,0.13911189853038516,0.019606663488985196
3807,0.1535155202066986,0.1474132986251807,0.022753002388965878,0.033919002522948924,0.29089060479462797,0.19488508054088066,0.05359291908098994,0.4652870759109994,0.06409057266572256,0.09988342416263545,0.011804185272952496,0.031077538863782367,0.23331574390459342,0.0251113056552902,0.033704404906985314,0.13699142398349073,0.01,0.14819279334611535,0.08432753230263827,0.004801342082797595,0.018940209421366365,0.321442495452752,0.03294965860358313,0.03256679587059568
3808,0.1536068574094784,0.17803778605248355,0.02904764937710312,0.03357113992052303,0.4782101478420354,0.1419358864570547,0.019776584017168773,0.471103313584633,0.08879263848143179,0.07794511657931341,0.010760628739407975,0.030991684880062743,0.11595436889728918,0.03157955054215815,0.026181035095994006,0.09312968338234974,0.0,0.19521490263221547,0.09089676391445256,0.002716999000604915,0.04349697962209104,0.23157120371141915,0.023144221175297245,0.017632460227126272
3810,0.2600173313276749,0.20310522619409266,0.05108240784187022,0.038145444728292344,0.2937636965945586,0.1348434642114298,0.02853922755355252,0.4030721314975176,0.08942626389445757,0.08814439812896913,0.021636531617785962,0.044858475327354104,0.2381425086823147,0.021623317269580142,0.02669098772142762,0.1530611305355918,0.0,0.1787543344668771,0.29041521976938106,0.0036735902166270696,0.09677303854279952,0.2855611900442501,0.02748404171922625,0.018709583938038298
3812,0.1340335609558923,0.10957062454965527,0.022288386963816763,0.02601709188685965,0.48643576164334235,0.20571471937271835,0.019959069589463207,0.5261760479331878,0.1667316714582872,0.06623413234817713,0.011550956017804339,0.023322464553230737,0.10536997279824967,0.025082522576489005,0.0271559956152136,0.08935698812605136,0.0,0.27149150357256957,0.04697405002256926,0.0032128245165567314,0.015189260266637578,0.29924199515679234,0.04279414605052236,0.02892652245980782
3814,0.10738713737211004,0.09351794266516744,0.02582363618975631,0.04476329623125826,0.41108794304319374,0.2208941922992717,0.013500764846372804,0.546018579099753,0.070810508213784,0.08237684638212345,0.02313650590798987,0.0169924328899683,0.14006206804079857,0.020086039485182946,0.02786537958883917,0.10017754220585712,1.034126163391934e-05,0.3736294071453681,0.05354418144340177,0.052965433628990075,0.025547913407249757,0.24651385295354786,0.02067289460358517,0.01920068682531026
3818,0.12523045353096443,0.10005408072863865,0.02470224593850746,0.16518483111636595,0.33409775531011476,0.12736523652045384,0.10003048228193326,0.4864639584865128,0.075998503154073,0.09166126860003092,0.01003925072746217,0.03798788134062375,0.0911150242898015,0.040719917451353844,0.026890714564719045,0.0627892801513432,0.030357387966130002,0.177420593243037,0.06050401084156141,0.014837419277822823,0.019957330236845993,0.20367007259961745,0.024141759002122218,0.018436103794990742
3825,0.1452416664809036,0.11074597281217927,0.022398105290227094,0.031551105796065876,0.39709001002356636,0.13966476422034899,0.04754354072576353,0.4819496895223946,0.07612913196339836,0.07298979946274696,0.010332479505278762,0.025567551365129657,0.11198268419753844,0.027039588189667105,0.023975760582654784,0.06383951520799962,4.987531172069825e-05,0.15779613134172654,0.06421851134355674,0.009122556247832985,0.022999315002702917,0.2114898129109981,0.026817648162157228,0.019604666655021544
3828,0.19717845990621594,0.1018265799558983,0.02017079215761318,0.05138032269710454,0.3543015235849918,0.12447957742852629,0.0385769205835892,0.6163720073913319,0.07076547368263465,0.061783252985689874,0.021291465529991754,0.029646103991611144,0.06919080089320886,0.025976562701126017,0.024377754957429252,0.06212783860460359,0.0,0.1957180406385809,0.061783345228546,0.006082611076365777,0.3555620682735032,0.21585021641788646,0.11230020017785923,0.01793204859059066
3830,0.12818331878115086,0.08911286065600375,0.02008622579047605,0.03205736899111424,0.446622475797389,0.1374799164885252,0.017852786256208324,0.5666586779707952,0.08367902202070196,0.08322474056558588,0.010847153423805114,0.021596053255140368,0.14792941218731145,0.024385929887823888,0.025391294273949597,0.06858300417597868,0.0,0.23004340029853904,0.05024723509020542,0.008047727119030578,0.01785175391868102,0.24453327038441444,0.020329034822746787,0.018945781832401597
3831,0.2151056535254549,0.11881702543324192,0.025091130792571227,0.05208460628080611,0.32845342113901893,0.1575490263893138,0.037676156188358234,0.5206685321110549,0.07601861614489476,0.078311491630512,0.013222230686884526,0.06297382681012859,0.16600376488126536,0.026554382885560477,0.02403462041929142,0.06345917550410868,0.0,0.149049640650225,0.13441225092443088,0.010979411502072172,0.020350812373325887,0.2194464469785867,0.12287066119667013,0.030493112157978383
3835,0.12687964376209002,0.10255432734105248,0.023093567162316,0.02857998581994828,0.4552667782174723,0.1301460432750654,0.040533555346269116,0.4288945181848862,0.06367411265623887,0.0636221361693904,0.011714992673405908,0.025634191757220242,0.09008121385510832,0.02702861299106989,0.025590106424237903,0.06826182510884368,1.5037593984962407e-05,0.1566657681944139,0.05718297513054926,0.010554986065908677,0.02014597118769254,0.20570487703512685,0.024153840110714964,0.018559644506802496
3839,0.26709386501264204,0.09871346017556684,0.04036620926674974,0.06661373866090664,0.3183259797414378,0.4005207704781196,0.014813379888662818,0.624805707752445,0.06652594574595344,0.08464988029561718,0.10353608427918225,0.02928527861880295,0.09901217891924788,0.02637227755001205,0.0625745780723363,0.4652892663176442,0.01,0.41530669983440965,0.08567886272254706,0.0009210581654203855,0.026172903586353755,0.5131244494839836,0.03824445538529652,0.019497408692083426
3840,0.12812871137598109,0.08964870502019996,0.02333484251444627,0.041404937233846216,0.3762676411999715,0.12814804560054235,0.14426796644607948,0.43902739340397884,0.06406561896015395,0.06453046500949279,0.01003925072746217,0.028395644548223842,0.0916909190620937,0.036938174413028387,0.024512596718192434,0.06074667470112271,0.000260363974912118,0.1477728235852735,0.059327291772270356,0.01758334091418895,0.021197788246838333,0.20042543882039154,0.026538025936663434,0.018679284256983286
3841,0.18651134699908398,0.12421677726216807,0.02839271805874991,0.0372852318607644,0.3747582474328116,0.2705230152837795,0.05945289596722692,0.5606104821965898,0.07895745988922492,0.07808374214679101,0.05233888333729325,0.06554785438251581,0.10237631470133325,0.09008887970845722,0.0399282190581628,0.1708209322883014,0.0,0.2426786074438963,0.06739169480078393,0.0016207099421727972,0.04938276717801659,0.27642052337643747,0.04416082325457012,0.04560025225345603
3843,0.19280239923852022,0.10138466674165586,0.03480365326274817,0.11090416746846664,0.27186501167532784,0.41688680014364077,0.1550874329730583,0.5185434134872366,0.05815812905296137,0.066283354307425,0.0251283083958091,0.032681523795754085,0.09219986990240925,0.028238674179696638,0.023485922186822696,0.12882807431290164,0.010327555289898387,0.16487631657360807,0.059615956073599055,0.01799366082641917,0.020019465056997244,0.3678727304871643,0.022373813609445566,0.018399348347385124
3845,0.12326490172338572,0.08772054851989954,0.024115749869840303,0.04841511392003687,0.36341637493873924,0.12814804560054235,0.4414805437902659,0.31801695063485913,0.06406561896015395,0.06453046500949279,0.01003925072746217,0.03005051194816472,0.0923451346976265,0.1768225357100071,0.04048380292593855,0.06074667470112271,0.0024429036574518,0.1459880890325063,0.05861679206867515,0.017263805891322658,0.02125756538073785,0.1927360746921522,0.024045930509366292,0.018679284256983286
3850,0.12573670701073464,0.08441790074991525,0.01956792117655708,0.03308675976945289,0.3921163323096606,0.25566884735276113,0.023138641220073444,0.53333997744812,0.05805637487266468,0.06809542777406202,0.021394845476061342,0.042575056618398596,0.09044945092704872,0.02580007425287604,0.02477979061417511,0.09892243300604911,0.0,0.2578336544024003,0.04870800929559637,0.007260236043735158,0.0174989751944912,0.3256268084273315,0.01906615687569029,0.016856907881693906
3851,0.1666415407331318,0.13421368807112263,0.01978342278687681,0.0283551697941271,0.41630235197511445,0.23481556356779404,0.025570175768727332,0.5185678372970961,0.07472746730008681,0.0657004819041614,0.02551430116260476,0.05353590063715916,0.14518439835473937,0.03312419507438767,0.0598956877435844,0.12590444514539575,0.0,0.4059164402363985,0.07088620022097439,0.032595369876215814,0.016702428831885743,0.3140759356119188,0.07644032422129685,0.02840429558181052
3854,0.1266832078929816,0.08849866108389699,0.02349719099701943,0.042322160699526455,0.379146305064954,0.18506618997574084,0.11528664723005509,0.4176358006568943,0.06365502445241553,0.0637509859878185,0.01073338534900526,0.026825270728312457,0.18275817814800277,0.2690990532417704,0.0287543523247601,0.09697441467164392,0.0004036247230329375,0.15249401299935167,0.058491318917789366,0.016164117886850283,0.021551589259817473,0.34528704426538037,0.022894420606727563,0.01846859642865581
3863,0.08273869741323353,0.137491116148607,0.0339027578767424,0.03309784550624323,0.4198061794677491,0.1540085010825435,0.039717802354125344,0.5950134709105338,0.10161514191817769,0.092372818097999,0.01035849917376415,0.02891391375658411,0.13019130273958038,0.08480214041237032,0.031556416895548944,0.08451026141123923,0.0,0.46277946562487066,0.04574312403497313,0.0035592235744837312,0.02939324160408155,0.18931713336925893,0.018324700538382383,0.036425265157279195
3864,0.1051700613065773,0.10645625954625407,0.03893566003982865,0.03659043916657505,0.4047642877065213,0.24115501934442501,0.037995858059685646,0.5526714925998346,0.06621212660521685,0.07904976460578542,0.012382941375632133,0.032881393461950306,0.11030139136674263,0.018330341625762678,0.024374793291265698,0.08538019402409029,0.0,0.23171523719166662,0.06021649572979098,0.003976613968871187,0.017593982390830362,0.2590721012596803,0.03158269141979649,0.018419871228023414
3866,0.27958752495636335,0.11444387916107875,0.020769964445317254,0.030663586530093916,0.3777469391696389,0.419173393326173,0.007840992489807755,0.46615719092626806,0.07198984939044575,0.07082546952714465,0.013022387486468983,0.028100923811319647,0.18757691322982428,0.031193166158128487,0.02349060536741589,0.12661521439147544,0.0,0.18905615539924503,0.09434821116287435,0.0036824406880899374,0.02412256788337233,0.5289330179944962,0.02536110462561735,0.018538378603177464
3867,0.13086547928474604,0.12103917520464805,0.02512830554581115,0.04076795750170076,0.37037159378498075,0.13000532810298615,0.10116073806323364,0.4774717054362157,0.06763739141232435,0.06376276639529671,0.01003925072746217,0.02800742999938753,0.09485336733112255,0.0305826635305047,0.024512596718192434,0.06229578588640388,3.6589318122893444e-05,0.14967880511330592,0.05860188881871749,0.014967294695095694,0.02008894109677473,0.19431340617215714,0.02435990289215463,0.03198850894757981
3868,0.26167449842836493,0.19523772426815586,0.028534480174643852,0.05019527673777424,0.38543944148436055,0.15635852417998802,0.04654283953811291,0.5414161634996515,0.13151065395980052,0.09454728177767038,0.024391956613821958,0.08303276477094493,0.10954030634699502,0.07757115883358173,0.033471982547345264,0.0694891717010309,0.0,0.23232512986497436,0.08812275621510159,0.012775972384424392,0.16279764185046802,0.2722684385573872,0.03522062888260936,0.15510868241448286
3871,0.11695778605032782,0.11625864252015954,0.04841092010834681,0.07245840246691233,0.45467166030379214,0.13478378333876645,0.012362406864981128,0.5975762946199086,0.06263091883427356,0.09512548314641917,0.011333027431905587,0.02501899291998306,0.10542042428488743,0.026919087520555354,0.028394867448109845,0.07657526555518848,0.0,0.4245604018971079,0.05882327194377047,0.0020546389330675725,0.015255714547186175,0.19932817083498056,0.029041684476698304,0.01728649383593475
3874,0.31833574295433315,0.13577844042945597,0.023037427228299823,0.027328309590877623,0.29717464661624104,0.38938172609937943,0.018840830806297417,0.5216808811203782,0.05768550967276237,0.07737825961112767,0.04069003683152363,0.02634924170933238,0.09160642582945946,0.02294739122926226,0.024030198268946784,0.14050342372263688,0.0005263157894736842,0.16862855390693102,0.05927019414388766,0.0052688898423093045,0.028406439744023956,0.41590503621513825,0.03807923711466487,0.031716327732712685
3876,0.11441016795371883,0.14637412711460157,0.035732792175160906,0.03706881519495002,0.37712126978625243,0.14786692140853253,0.04406885880210458,0.5818206966893711,0.07412909056832899,0.10984299412187362,0.010826272478249016,0.026064980678050232,0.11967702430107587,0.02960124141524987,0.03536357349849296,0.06831181803624972,9.98195165640053e-05,0.3229309186907116,0.048806142660101956,0.009023406292417184,0.017678652046237232,0.20952828266448498,0.03565999161478746,0.020806983214334263
3890,0.18759124064355176,0.19604853468705322,0.023168314461771436,0.03611974634482415,0.38098490705241306,0.14070399203846856,0.06641761329873928,0.3843115821894226,0.06559870688799792,0.13315308686915323,0.010777423643226711,0.035339231024133826,0.1704936293527003,0.029498100655091588,0.03166376387937986,0.06108303813544737,2.5378855618881745e-05,0.270684987631067,0.5182421991693292,0.007054354362149586,0.04332454877367611,0.20032964647552556,0.023851786411230137,0.01918968267486586
3893,0.15518954739411467,0.10945920327518945,0.022158748859714552,0.05570037534588103,0.38339337395665707,0.1961657903791817,0.08121610183129555,0.5600287451469391,0.08010166207371258,0.08633360338164713,0.029559877296194793,0.04926399659443398,0.08620320985901377,0.04812954831062835,0.02420793091770931,0.11647292299693009,0.0,0.2937536930723509,0.07546424720494951,0.005459639995534543,0.0219319323611401,0.2020647768538254,0.11741852349932091,0.0415832102214082
3896,0.14545979514511104,0.10839164576588763,0.11674845890918141,0.041567775863890384,0.49294880996657175,0.14037477473553295,0.029323832673245075,0.42292590929007473,0.13682679337486303,0.09374858109382941,0.012732916978403999,0.024613032215426968,0.11363611891707304,0.02370909902212799,0.025246278976929472,0.0794174937295219,3.766478342749529e-05,0.1880503750841849,0.06691528345362421,0.016453658729223265,0.0221376151855156,0.2667540672180311,0.023860141831424403,0.03805564472902068
3897,0.12869950604681268,0.0876855565291386,0.024276183141861557,0.06715953637155765,0.3837625861896188,0.1269788440796298,0.11715343357335348,0.4412775757248196,0.06406561896015395,0.06376276639529671,0.010192636436403437,0.029620725987038226,0.09060992859717017,0.03467947599074504,0.024594439513990908,0.06074667470112271,0.00027890981493106136,0.14456483386315763,0.05821950546866143,0.01694437733647153,0.02148181090950549,0.19008915035062782,0.023749835210251688,0.01980531914596538
3899,0.16835510279138885,0.11946000243176076,0.024168572113135986,0.02402864849991617,0.3425730850977653,0.13287845262951148,0.0541947313068103,0.5476316378348435,0.06821770240456,0.1353108374966776,0.01089797277310197,0.03173466654021572,0.1271494128716775,0.023426905688979413,0.025548626930401594,0.09150841641276428,0.0,0.23796577637587116,0.18436078572778258,0.0046233321417959265,0.016906108821922845,0.24583126760749635,0.0978057586918659,0.0205983830483936
3900,0.22793702170550031,0.1668796772325919,0.03783930388223309,0.03479790296327601,0.3097896569605933,0.25167974742939786,0.061722011306840886,0.4998800381267264,0.0860200203789554,0.15669753715055465,0.011820384451380563,0.02835793692581208,0.19628200902080284,0.024605573152214198,0.02528434709068724,0.14507906099119175,0.0,0.18325260318856812,0.08318724058439689,0.007021308905870812,0.020089819294609037,0.33926460904929995,0.02630042192752532,0.01801723419380808
3904,0.14485098527338147,0.08978952077300989,0.033060033043772516,0.031003185553494503,0.38170850287300895,0.151429888677529,0.03864231247612411,0.4953957867670779,0.0640042445634757,0.06828758559464743,0.011484060411042284,0.02350718558801352,0.09327886336456329,0.10331778515043948,0.0556205600901036,0.0614572354914187,1.447178002894356e-05,0.24059323082438064,0.05333896238868215,0.007432014328367293,0.01799640302792152,0.23364885819443523,0.022317892407277013,0.027799225069595583
3906,0.11037775927239421,0.08956326509814329,0.042795069611192275,0.04227907483471324,0.440231124453043,0.1257360818787031,0.06627424568137834,0.6129794649811369,0.062311304832755134,0.06373209272365978,0.014980723368196083,0.026505500081176313,0.0789465932321504,0.031068957772599264,0.02466594643933968,0.06059451955124086,0.00014918995512807918,0.19355528908139938,0.055948582886333274,0.01076515263201625,0.021594307206514875,0.18394493731826944,0.02542392486306065,0.01730916331611141
3911,0.13902883304226843,0.10026760969612955,0.02310438543231207,0.03935337904788167,0.4759033051436015,0.12595794758030118,0.09885449015977572,0.4968151994841508,0.06346213370409642,0.0639252412899157,0.01042401989384509,0.02596626974420246,0.08750852591924824,0.039255429353872766,0.024825279772532,0.06082768440711748,0.0002260517398132077,0.15873293762270038,0.07481589341429555,0.009947353314946979,0.03110171288471695,0.19556120728739274,0.025568983196289464,0.018580212426253608
3913,0.16054297607450344,0.14231492449475558,0.05015015726384181,0.04685441142153792,0.4378981081495811,0.12074175033438707,0.061478698892342566,0.39770811459011535,0.11213252054489077,0.20954826462895795,0.05963503131725076,0.06423847471956623,0.11681909211074154,0.30876976195942224,0.08359836430578245,0.0716347852975269,0.0,0.1523629729970701,0.163985833772232,0.014359919785407882,0.06192317985574037,0.22249790611001152,0.06797462863803688,0.052631840959245633
3920,0.19632847177258533,0.11407745934933548,0.02044236050697106,0.0608391960573342,0.39561936809013604,0.1898595703292945,0.06923765793018435,0.5276235190761777,0.10140477292338343,0.10350083611937469,0.011731676914265637,0.06550270671768037,0.09189938572521048,0.039663424887779845,0.025615847619258298,0.08032813443178705,1.034126163391934e-05,0.2125851752569635,0.07597303114337986,0.0036934194849485118,0.043295615165826015,0.21907591701823304,0.04880115593422524,0.019581254946196155
3923,0.14405831231993227,0.09329495672282326,0.02265765065707761,0.03189455690075535,0.5154943927458584,0.13179330948669896,0.052162719358305,0.4472083421800999,0.07523359595398152,0.06453046500949279,0.012171881114485732,0.025642633532232187,0.08511882589954879,0.11689062865157837,0.025955463758893273,0.0646546616251752,3.766478342749529e-05,0.18567442519853636,0.05892520939520824,0.009430041006880744,0.02105876097275564,0.22043620517335197,0.023841811075002627,0.018962407762031327
3925,0.18395556308428543,0.12668807990919986,0.03676420646063668,0.04686139321775034,0.30854935942701706,0.11673413266254606,0.04055577925869216,0.5240313760593786,0.0736445206175238,0.08144157968274346,0.012341439993702276,0.11423478899267975,0.1005350252766849,0.02579006651370073,0.02412657713677937,0.07121893453580312,1.034126163391934e-05,0.1574573700592866,0.13654606482321419,0.00983188826123766,0.04391588761399629,0.21584810200416119,0.2291809876594237,0.052005726299293425
3926,0.12886262128030426,0.10452411311317494,0.022730433798543226,0.04344919951806383,0.3747362848245941,0.12930166454531292,0.10013599702882864,0.46541967109268273,0.06303505518155977,0.07006211868782569,0.011632864797072224,0.03491888207606118,0.09149668603403649,0.03462714251282564,0.024239028522955272,0.061168176031919576,0.00016705510097909048,0.16315498678819534,0.05861679206867515,0.01626449297505496,0.020684624619616863,0.1972357345303202,0.024045930509366292,0.018973115308040953
3930,0.16558200230775552,0.21414752718123567,0.047823861323187854,0.03793742442037181,0.4350212134463801,0.12977747321140265,0.03944102591177024,0.5122420366341136,0.12824808686203368,0.2258041842677338,0.013456394631688738,0.027138735360741375,0.08234065802673653,0.026080862929644684,0.03002833217413107,0.06280879921039256,3.766478342749529e-05,0.17617333431099946,0.05847084200019579,0.00951808802191579,0.021473150230985043,0.1955545411310189,0.02591989956985168,0.01919803389403203
3935,0.1842179613173407,0.16684088535730723,0.027670177017355743,0.039008081285475234,0.3637014907380386,0.13782748797034636,0.0396786942133443,0.33296530845849454,0.08759565887135767,0.15238945387520647,0.013608921062273412,0.02842516553655345,0.1571663056773095,0.026658027452392277,0.024155153592833004,0.06234284040612932,1.034126163391934e-05,0.1453864638564027,0.07436673278159411,0.01158645638747221,0.020805502408684617,0.20507579777628035,0.02656397748654792,0.06484435113648555
3943,0.15203407420389092,0.08926385557674371,0.02039772612631848,0.032891331229185486,0.3609916968600946,0.2513715011853235,0.04768348578422656,0.5107828597130246,0.062636111092999,0.07201128791663593,0.013361343804481882,0.02736896323180666,0.09048420464181346,0.027309131834302537,0.024512596718192434,0.06286642929317218,0.0,0.1929450879607134,0.053415281669081965,0.009493760035901997,0.019414304075427633,0.24178096929430282,0.024865378102500404,0.018529898262999042
3953,0.1843459743745977,0.17271347188136732,0.018059882820010496,0.036373696807236594,0.31239727394415007,0.16426273600593405,0.04817515425734983,0.6461965416986497,0.10346028272765259,0.07882995157720166,0.021229433680501154,0.04954619415019181,0.14252732813515576,0.07820391528616995,0.034498124819722066,0.1750804445557636,0.0,0.2696827081191897,0.09196428371438142,0.0009611456118916724,0.01673172558079593,0.33680044278612475,0.09989087149079671,0.021438215413047117
3959,0.12776920918744492,0.10423260074020878,0.022668283797947532,0.04102830221131525,0.32569652502869706,0.12196959451024232,0.03695537003797301,0.5204096392371113,0.06560972396996853,0.07683236375732094,0.010506938396247199,0.029255547894209893,0.08850607234878166,0.027690951306177422,0.02499432318874097,0.06260036099167474,6.628525153153424e-05,0.17516573156703402,0.06267776727817888,0.009631232476558092,0.0210194238109601,0.20404271308038113,0.03742415900043481,0.018815089906297357
3965,0.19478026367929796,0.1605776142117464,0.0405625698307407,0.031220899795609113,0.41368978212406177,0.1824694690372177,0.025270329922614913,0.5083245229746545,0.06448537642929264,0.0740450776279637,0.013837120171536758,0.02927669438000511,0.08024147215698424,0.021491792486101526,0.025622961503154195,0.06749694063957852,1.034126163391934e-05,0.19522536977657765,0.06463970344134091,0.0037418100238150527,0.020258215075074314,0.21622259752696738,0.024305627217274757,0.03955398343330923
3967,0.08795196460840694,0.07920537325676533,0.01956113674344293,0.03797848479148787,0.43668890328776305,0.12041232862871495,0.011923622418303761,0.5683513791192277,0.07649994222101392,0.06568891743685307,0.08227691464824821,0.02128622455035825,0.09650634655626429,0.03328816761500277,0.02516556849801697,0.07162650630814336,0.0,0.41865820080592636,0.0453759059111196,0.005221134368705635,0.016680966927964,0.20742686532401566,0.024726326452858514,0.017629713460511277
3970,0.18943336949026246,0.1082460609086182,0.030156510838706744,0.025380779805124553,0.4187974359345349,0.16158108108384572,0.03262891435104189,0.5792971064704724,0.11037352281287062,0.09068470666247545,0.03395802040880525,0.022077496412020507,0.10369789754470998,0.02940549470408425,0.02495992863207224,0.07467709585237349,0.0,0.22817848627913268,0.08627197404270688,0.0032536054750430896,0.06778574488201232,0.20009619302656112,0.03214331168607561,0.0180495379526737
3972,0.23673811014354162,0.19577674329635963,0.02787194346013667,0.08372781806609401,0.32295081832341443,0.1485266489406425,0.03636181553913927,0.5693795282415214,0.08968447491661793,0.14556499382565663,0.01212044712070176,0.04185818361323933,0.11342822370257517,0.0262427882137552,0.023766861957687114,0.09290314977133157,0.0,0.21558161106764914,0.08749787265741613,0.005013822615939757,0.069015977286098,0.2682815377627377,0.04011467543861286,0.02610414269733956
3974,0.18257633465282339,0.10864762060711172,0.02162790667770743,0.04438440094329097,0.35582117872222274,0.2236238290483463,0.03684660675070649,0.47252588348833396,0.06176549731477763,0.07822208128329292,0.015331137042615411,0.02653039428560051,0.17562727772393427,0.06573604534692637,0.0273907878675102,0.07086758327612784,3.766478342749529e-05,0.1673441905835376,0.07393685858929412,0.025040939136624096,0.023493801301632443,0.22440906886447537,0.03274886027331621,0.0205716697490032
3976,0.1545150131671787,0.1190943153673699,0.024125811719260946,0.031653249932080546,0.30816941763727734,0.1422882847651629,0.037469761174513644,0.5274397210743639,0.08603428192868952,0.06693970757766017,0.01058115948033589,0.04349472398283585,0.10339164742870137,0.16973475416581227,0.027834854886281884,0.07101844872789602,1.447178002894356e-05,0.2513036822666518,0.056294793840245265,0.007689519889479591,0.018884370249361394,0.20427936074953976,0.046413546038430786,0.019016276546425973
3983,0.14200654439645002,0.09216944322655679,0.024606279323277254,0.10343626120720989,0.36014026541320737,0.12171852073860535,0.08872764162377282,0.5633038189075539,0.06425617482130105,0.0658060490694797,0.010514219713379767,0.030071317723158145,0.09141577808649375,0.03359414670784714,0.04811053310569162,0.06319790243492272,0.013654087274781483,0.18302479571980165,0.060732458192454215,0.0199369285377189,0.021618852678570173,0.1933925843644278,0.037610747331672606,0.01891415238055687
3987,0.21496969681177272,0.2675284564174428,0.04700775235164347,0.038492433276769676,0.3230910989167265,0.12638279303696806,0.042572118534636605,0.43866542100199335,0.13339630557820314,0.25475415179987265,0.01040905708516681,0.024301075444838997,0.12929819413576182,0.026707725622755835,0.040318937928770636,0.06787079742516568,1.5037593984962407e-05,0.24376767034705746,0.09096149229817485,0.010875070812936902,0.020055870194694306,0.26422397521588914,0.02698882531706486,0.01971018456052985
3988,0.14554721319002292,0.11229217564276152,0.03393437546115948,0.0410491531892278,0.35027199990908775,0.33941469163207294,0.013040626755944505,0.5699294129354078,0.06551876136370834,0.06796894666808155,0.011756854457537597,0.02543591882233339,0.12619333075103498,0.031995531266851514,0.026045116744618048,0.09076839695102847,0.0,0.21126705745059632,0.05894807915664637,0.0030988037496226264,0.019470162526407445,0.33979806159725456,0.02277934152585809,0.015887183772766624
3993,0.13077782214627162,0.08758614748354249,0.022127827343188147,0.033892548319011374,0.3924431455657193,0.14478322139673008,0.016906466718352418,0.5160970621194353,0.0651135297155062,0.06376276639529671,0.033745523837095795,0.023879631113892335,0.09629096579590657,0.024831875628925294,0.02783926709252461,0.06030009362253457,3.189298577185037e-05,0.21391008599288278,0.05839211691629376,0.0069413404255762624,0.0325640717546523,0.20837803222470597,0.024133866655433645,0.03022772853171077
3996,0.12812871137598109,0.08772054851989954,0.025391363316343226,0.04186896006519221,0.3758075295486119,0.12814804560054235,0.13779132383961865,0.4417755704438302,0.06406561896015395,0.06453046500949279,0.01003925072746217,0.027865341517920816,0.09255061623628866,0.036938174413028387,0.024512596718192434,0.06074667470112271,0.0002756490690912097,0.1477728235852735,0.05861679206867515,0.01746803313842133,0.020233357479535537,0.20095752789636984,0.026538025936663434,0.018679284256983286
3998,0.14550062698047447,0.10145999828849783,0.023990571924783165,0.03149388267404816,0.3686714671559802,0.17954128580537845,0.03719527089351863,0.5180148067230992,0.06387150174577408,0.06553086319914377,0.023668445142625734,0.02646306278523472,0.09120047811068083,0.026457297159437884,0.024242967997486202,0.11466328466028053,1.034126163391934e-05,0.2562148651477112,0.0633514642323663,0.007661007020958049,0.02009645205825137,0.22805698747795705,0.04240050265417892,0.018723019256048377
4000,0.31049103734413175,0.26113986295042957,0.027974700198183048,0.021620822002130967,0.3055305361264405,0.5337430838048319,0.03695798863785651,0.5794726002103305,0.12559154645067236,0.1365123284622973,0.08195883570458358,0.031414786475230806,0.16563462656828862,0.030043548515943562,0.035146610691047665,0.22114451948242034,0.0,0.3378362931088801,0.1369723940556501,0.010636655697581954,0.06585019405248466,0.5671689087317534,0.036566439564121145,0.04298724958406835
4005,0.10898561317054865,0.11463052628102995,0.022565970621078967,0.08858294018057775,0.3163203124949661,0.16454697707455057,0.2814079035812332,0.5364477053813308,0.06710586204662577,0.07219700285483625,0.011561697820347359,0.03661575755638942,0.08015863262876363,0.05170580661658163,0.025912943230292064,0.07237299197422885,0.0022222222222222222,0.2911905178882785,0.09154705639934736,0.020942639279946582,0.020094960819378786,0.18036008645804333,0.029219238653278093,0.02821454707011011
4008,0.22175255124274706,0.14829839234417302,0.021459478337485394,0.036434310979276005,0.40423830891547097,0.21179224577931144,0.020568048476646585,0.5230869578886863,0.06338130702783393,0.08109145825357185,0.013195263911820578,0.04251996131296542,0.08017439176624054,0.024040225432685153,0.025603162883166157,0.061949788000119146,0.0,0.21302527601795332,0.07486913979525114,0.005217019777378254,0.020827398473600617,0.2744307767536014,0.12424943412659706,0.03216485120517352
4009,0.12474116378227762,0.08885843448118903,0.023807146122775125,0.032446094843182574,0.4223593067681919,0.12252210360306239,0.055122233686416715,0.4642377326385931,0.06325297656240135,0.0635709275423263,0.010469726320551978,0.026192042564910395,0.0924377867596108,0.02744548454068453,0.025590106424237903,0.06223166721871655,4.987531172069825e-05,0.26367492663624215,0.06990013728115078,0.014094251258051929,0.02011791287385895,0.20418590709370132,0.023603313079677384,0.019611709730908783
4014,0.16796512166277464,0.09576464186841249,0.018087706719470152,0.04527166451403106,0.3896830048410716,0.18086249490305598,0.015504788387497167,0.5071518262115124,0.06983034989532105,0.06794356227332322,0.011333365582477922,0.022289810221687842,0.12089227795767389,0.02488155903575889,0.025252454920631703,0.07424015727017888,0.0,0.24273619182145836,0.04802950975454144,0.0037114325453461478,0.01690346049991526,0.22481113174581574,0.035705373667509234,0.026746816486734604
4018,0.1521552334027396,0.09097526259079476,0.02393757321432869,0.08286599916657829,0.3586063689201393,0.2550020023035012,0.08462588820242091,0.47211978651429987,0.06406561896015395,0.06453046500949279,0.010419812859089111,0.040024449071233266,0.09046962828755324,0.033282653007428414,0.024512596718192434,0.07007877117607633,0.00012119648148177918,0.1563934656185418,0.05861679206867515,0.024502443022909763,0.02994017946979566,0.2183379295410073,0.024181867291542966,0.01874078638756886
4020,0.13442620180449746,0.09941963058690031,0.0327116734723701,0.03826337444133518,0.4251840045504223,0.1390553625150602,0.08021490140707671,0.4863159118841915,0.06512497272367267,0.07078904185983118,0.011817214953965325,0.026832795386837062,0.10018721700847172,0.04334891161288941,0.023876238047679896,0.06242318569330488,4.800604506141463e-05,0.19413278832773068,0.05729763726306577,0.019349827524586506,0.020030839768717015,0.21008414870399844,0.023166121533303094,0.01770371896959614
4021,0.13521543713362139,0.1924354060637865,0.032261936416393806,0.054450698140617364,0.5212628277917346,0.12914200505457965,0.04091720562706997,0.4869347064626808,0.19293123860295444,0.07627880348547622,0.011414003454394145,0.05935470436099227,0.13751361279976562,0.05995197292491876,0.037169828071501404,0.06681363906507404,0.0,0.21022709266966125,0.05593798242903577,0.00492509996900601,0.19254340144809837,0.21057119916192138,0.02983225184545383,0.11348425360692432
4025,0.1306808296428172,0.1036178428831479,0.021893639269699325,0.03129637864655921,0.45482886590709576,0.1397977064351929,0.02985895067611188,0.4670243534490786,0.06653734535784352,0.06357682014709205,0.02448571081114909,0.03976288011232337,0.09064112237242668,0.029484182483314473,0.07040820901067887,0.06845730088374102,2.188183807439825e-05,0.36287812410104064,0.053031747979117624,0.010475073453801989,0.0281713137715137,0.2373983802574601,0.10451713680794188,0.018977558869053935
4033,0.21716422261378618,0.16299010119341026,0.01908844184249775,0.047643723173557806,0.35327077057937134,0.24920859488319297,0.019880427442635545,0.5917103665720354,0.09543044282128635,0.08154047238525748,0.01883626661538531,0.0787627939250966,0.07265800627244379,0.04042409748068215,0.026168220306411923,0.10915839590939384,0.0,0.28944783952036873,0.059551997460975094,0.0012977475548674221,0.029378424795659788,0.27449034347855145,0.06494396506536577,0.019205806114996976
4036,0.17381410373033584,0.11104713471997546,0.018885424184863803,0.031059446500599903,0.3809925651151822,0.14149431667923026,0.025896411407306225,0.42627419035402925,0.0635373051338144,0.08206491802487761,0.012126446771291035,0.019977534331328956,0.23869345261366232,0.022897146425617257,0.02468301201529854,0.11425066885102116,0.0,0.2572269365735419,0.2760217918684625,0.004216780924207703,0.036539510527009766,0.3004039426660831,0.04059410323121189,0.02767766206619603
4037,0.17522459637067742,0.1013390218552039,0.022376850779770526,0.03889314713642591,0.38611916640817334,0.41281756232195116,0.021128476951768137,0.5083238284299753,0.07067134932461112,0.06838844938064083,0.03274185918308842,0.02594063803447319,0.16280453182040408,0.024638638404000254,0.023953792276894266,0.19437157017926965,0.01,0.16964279726097317,0.07089205355457259,0.00818737988685816,0.02166901479076976,0.4409911337558347,0.02458405642258691,0.02307872966867695
4061,0.11533552322320233,0.0943514242858743,0.021870732877800537,0.036858462454409324,0.4806555538829621,0.12951019717023324,0.01988869057897213,0.533345067167621,0.06406561896015395,0.06549826742143759,0.010166439497140689,0.024234275893505207,0.09771085835448884,0.02771625106121421,0.025477826672837087,0.08464552337508852,0.0,0.2755084185141301,0.05148032437831465,0.005164534682455333,0.01765702264359878,0.20599748965530998,0.022468811574413158,0.016627065653460373
4063,0.16730477793864867,0.08678642929343963,0.021712548355918217,0.031552061832085115,0.43833555196465823,0.35266643612913867,0.016675811113104927,0.5461942255142024,0.0874851320916037,0.07407618390797892,0.012650135303913719,0.023420632531073914,0.11749566087154335,0.025365388513855197,0.025165583310008174,0.06052133657735819,3.766478342749529e-05,0.3048905006571746,0.052961483597695196,0.008012530932175195,0.021041587897136095,0.27746151564439275,0.02674309977651082,0.02340150850146947
4070,0.1311487251885673,0.09033653900551665,0.02394798623081734,0.03795850413593404,0.3862330094471798,0.1300967035199726,0.052836888344619026,0.5151521688624624,0.06406561896015395,0.0634799255952443,0.010379880155901132,0.02660462664806262,0.09506324241589023,0.030093552754242078,0.024512596718192434,0.06074667470112271,3.6023504166874594e-05,0.14892859244403353,0.057051460907013275,0.013579357249256326,0.020930974914812012,0.20143551476069413,0.023759922421616717,0.019356499112270636
4072,0.13297229680959238,0.09650497919192716,0.022404404201463855,0.05024275173707608,0.44951067101202286,0.1460621278397552,0.018817782280103234,0.5265658620028235,0.09857427156548802,0.06817496120836795,0.011241119971225963,0.02369583715996451,0.07791104028608946,0.021771946735995598,0.026607153626219005,0.06814972685911505,0.0,0.1805697109241868,0.05443323101645738,0.007993457425545405,0.020337543296391716,0.20255396582877944,0.02423156190086327,0.01759008249359947
4079,0.14956158392057722,0.10983387907332381,0.023753386881993802,0.03537868459696464,0.36747063169433647,0.12955354845200645,0.06913147003200897,0.4522259214261969,0.06481806789144902,0.10855869221594883,0.010125985802701909,0.028196133172815333,0.0876860253941649,0.030253432523855057,0.02583577201471487,0.0684128300696858,0.0,0.1528715741113207,0.1090774101782758,0.012141265375735311,0.01974076275236394,0.20999305509221927,0.03399754215339374,0.02078237283115428
4082,0.1065913164589083,0.07962051509405611,0.02196983927000644,0.10945000724452822,0.4025067342520724,0.18342250279423652,0.060139110992967496,0.5131356382424296,0.06190127537366516,0.06397088701138559,0.010916689898794477,0.02810674090466857,0.10558633111364597,0.03376107550979409,0.025324332280146255,0.06107986411409608,1.034126163391934e-05,0.23694295556054004,0.05171513210550114,0.018512778825052284,0.032165820871901014,0.20793143879313827,0.022170731851772752,0.019638799398342274
4088,0.10064256079403662,0.09321248730666078,0.02084855064317053,0.036428376688077295,0.4933184035023491,0.12661418713980432,0.0379649850086724,0.5463199560575805,0.14324481472964157,0.0723247276812879,0.011085973489022169,0.022871642297034946,0.07884550449733597,0.029137380933100157,0.0256058524838474,0.06099485380162193,2.1551724137931033e-05,0.2529344840194505,0.04919429161019208,0.02976402385705653,0.019233067430336002,0.2037295435112744,0.019802390817814774,0.018424313851874156
4090,0.26163347578557894,0.13322582482313436,0.023680285827123206,0.03383903397586096,0.36013291711068207,0.14976108947785483,0.034594389742127876,0.5086073904628038,0.06366135872655107,0.06722315953871107,0.012265408981177511,0.04159459461816007,0.08584119791491235,0.024510631327323885,0.023727923710663505,0.077105163409624,3.766478342749529e-05,0.300322728597355,0.058230371715516815,0.006596587656693083,0.020988911065812767,0.2854103262341366,0.15678957221450043,0.022003395861228948
4107,0.12399881162770889,0.08751555667423969,0.02447854925462496,0.04515429357330296,0.37101511885622906,0.12626487143776996,0.43442079062646494,0.3216202646116344,0.06406561896015395,0.06376276639529671,0.01014344541522531,0.04464609540792109,0.09386131370211352,0.2000205097193493,0.024512596718192434,0.06081074893099265,0.007835596909746745,0.1435673839780147,0.05861679206867515,0.015775762793661254,0.020426898049196313,0.19442649402147374,0.02689944736721847,0.018864362483507164
4109,0.09973263035441043,0.12034553159112099,0.0244389004395955,0.04967474434387454,0.386295111926109,0.12896641963824723,0.02979005171858464,0.5126316938782478,0.06214398070369513,0.06433336316813197,0.011232706756760379,0.023271626299761348,0.1150315525140104,0.02564612988375408,0.037180741032366876,0.10250055869104716,1.034126163391934e-05,0.35076368372596894,0.04648294200504074,0.005271898350901156,0.01608933562099984,0.18242953128137596,0.022607838839660048,0.01827199551817356
4114,0.1753651437981169,0.2183737778107952,0.02529549808232137,0.03528599330483408,0.3920603960703965,0.13622410820849454,0.06751312099416186,0.31038328834862666,0.08629546406865994,0.1384604960305549,0.010319825206081951,0.02665037258252228,0.10694511336495653,0.03553496615283218,0.024124880315137046,0.07646599594945483,6.304363904637704e-05,0.15607398277263188,0.3372138603090273,0.012233929950905944,0.097158433973928,0.2157363053296352,0.024478652042494706,0.01963967888348384
4116,0.12086802618987952,0.08248442885306007,0.02073439165830315,0.03145901018902128,0.37321258096312954,0.1737746480690259,0.025943950924113918,0.4907933356959336,0.07902570169449569,0.09514422358443944,0.021987977936356602,0.04777933484762171,0.3535199246653154,0.034623752139731005,0.028031662503752563,0.08680644217886072,1.034126163391934e-05,0.23777713347069582,0.05561329639211962,0.005998945509442143,0.01726951160262357,0.3090298407962501,0.021536109944925306,0.02849590023442112
4117,0.10523778102943035,0.08186955212107944,0.02272406211849595,0.03939265898922902,0.3880491554386042,0.12162217059992136,0.07264347720883597,0.5307958776120342,0.06267491782376487,0.06376276639529671,0.010546812852928156,0.025322972580084042,0.08880686207182105,0.030474614779704045,0.02734701272985347,0.06104968941102273,0.0001735692311320591,0.3787278241624184,0.049498215143100655,0.015212775068346025,0.018206486575750625,0.1749964337068268,0.02313561010625782,0.01799885318880804
4118,0.11996768874762818,0.09444698234057766,0.023214534999348134,0.038124170621595586,0.3745729304439687,0.25516732790847013,0.044841149789551525,0.472494154737894,0.06885244250762222,0.06343429724109029,0.015499194715151605,0.025695421402977293,0.16628926345816766,0.02725176356354477,0.027704744009247283,0.1643902489450735,3.6589318122893444e-05,0.2350790454588415,0.05739453779102284,0.03324854831693498,0.01969257484002371,0.3659349257230785,0.02625515654067076,0.030007362332569176
4124,0.09566805401333689,0.11540125480821085,0.019869298563097264,0.03722422898461983,0.3585012135725503,0.12568336940688324,0.020099439818991614,0.6914892934067234,0.06324596115720092,0.08369073875568141,0.012463396072484596,0.03584763844719528,0.09267957004669693,0.02526812493126746,0.035828842534805304,0.06636577673067491,0.0,0.36622554421227627,0.05462645521059776,0.005298970676472139,0.0168574925445682,0.22873855465781345,0.022976473806699066,0.020028997279928015
4133,0.14413088036956878,0.11358931935319866,0.024066602671299512,0.03363183110763862,0.3881288780114246,0.1280764809002253,0.07082136017165702,0.40538725312677315,0.06395405763213816,0.06403249065006,0.009911684452796036,0.027877192293482858,0.10402741968731079,0.08948412774365383,0.03955970580592201,0.06811002250848917,0.00010675390988976107,0.17575316479208009,0.07025524532787826,0.0077218701753106736,0.01983066490226862,0.20596747659878506,0.032307644848246095,0.021399669825905052
4135,0.15282104650197567,0.17818335385899137,0.021303651554447724,0.02926958394325344,0.37102019835367855,0.17784945059963864,0.020482435226171092,0.4623761794820866,0.061454646824177506,0.0651386889258693,0.013205191171385909,0.021966111655232667,0.1107635713183206,0.028181683009703088,0.02631667951957629,0.07266584235310584,0.0,0.21681814689161652,0.11639344322126466,0.006772616410115433,0.017582542316843114,0.2487351260345244,0.024255288635931217,0.03562489656943973
4142,0.13074396772281419,0.13172443783077717,0.02578910947169375,0.12479454379389052,0.47083891011065243,0.14516122726899622,0.027193451398184947,0.5531195466215223,0.08826995997540366,0.06736654841628717,0.02466851658910601,0.03996918648407555,0.10439500519813896,0.05166351645112404,0.034855547391654515,0.10673040116089333,0.0,0.28823554958963454,0.08153183312813249,0.0028209004089064112,0.30105856178380735,0.23377377173655423,0.023843172004318302,0.02558092510897901
4143,0.179497456489416,0.09732429880813644,0.03351705279813395,0.032959442812289755,0.3650342562640527,0.19696027749048833,0.0683691035575783,0.5010993847793621,0.06406243856046348,0.06242800189381683,0.0128222189817434,0.02910503677841595,0.10809825488903374,0.02509664990041363,0.029327405172693166,0.06808156700675605,0.0,0.38974221013131194,0.0683096313647693,0.03331377333986767,0.035389984938994805,0.21814196168949265,0.028095396622541218,0.02965221962088271
4146,0.12359157676215576,0.09012493895726753,0.02245443540978032,0.06527313077722946,0.40667778485084966,0.11534732612363395,0.12546562698101074,0.5861510091524802,0.06518353820931293,0.09496061774619001,0.010728312935355398,0.031942548489924574,0.12966435554582373,0.09799732711814822,0.03029422602836844,0.07027761564999864,0.0003631646249484477,0.26174413610542024,0.0540102347978297,0.010693463178879418,0.022321532600483186,0.1953828408849274,0.023775823461224657,0.019690900157260924
4150,0.15031253700411923,0.1297094410637412,0.023272559034420028,0.02811572252662577,0.34311862831218504,0.24522887243472308,0.030416242188880175,0.506092692596236,0.05740530176953741,0.06619075104062802,0.01785939716234277,0.025859567564949844,0.11956989779659297,0.037317661076426034,0.02455656576101568,0.10897792881187053,0.0,0.16947677879084488,0.06968800817798862,0.0158525819918203,0.017509865690515384,0.3030177637397701,0.023970909533520893,0.030441232573572438
4152,0.18997683900973247,0.18979863995662452,0.022236238828851063,0.036337951499566534,0.3585005990750848,0.1261984997999338,0.05253637120901353,0.41762645194317666,0.0745544005013838,0.09300761499001867,0.013343486644157196,0.03427975802322026,0.13128338942104856,0.023953147427720315,0.025589328193481586,0.09450004186901285,0.0,0.23863804262394964,0.1576966944716496,0.004995199013781903,0.01757423411760747,0.22724265201963964,0.03398529437407805,0.02527075340319309
4154,0.37977899157400374,0.20634351102506077,0.04835385874383071,0.046538376718599964,0.3883188429408785,0.24883972507452673,0.007746384572676837,0.46410463303544647,0.08652376038005663,0.0771669378537471,0.0461971841321661,0.03121362603477127,0.14997729750740113,0.030850364630338564,0.04200064039095459,0.10749105378287645,0.0,0.18664256887580039,0.18340736080100625,0.011592629831643336,0.024355960857922656,0.40001391371493566,0.04526696269535946,0.057326280416728326
4158,0.17898590548767931,0.1594482957222161,0.029562433394845367,0.06851320281872834,0.3098641292671015,0.1528618712718791,0.049688163284877566,0.5313556719887009,0.065401319153964,0.08868761892909449,0.014683756923291755,0.0501885687214976,0.10113587793428086,0.033785818475658064,0.024249413410717655,0.09968873805510173,0.0,0.26314058483308256,0.10220050785044053,0.00271567431484589,0.06063325273352465,0.2822038164453619,0.024197691282425455,0.017857971776308136
4164,0.09280490359105102,0.09392679172456725,0.025090227168186572,0.03354187061377874,0.39984758284316063,0.12243655223759445,0.05676563205460079,0.6606639820526408,0.07291014546429384,0.06836752004504808,0.010256726931860876,0.028132891769791238,0.08275716405887179,0.026840261612597355,0.025923892306066017,0.07445248745991326,0.0,0.28323363461159146,0.051066509481313416,0.004467290288354526,0.01667150897542424,0.19650820605621433,0.02024467808370159,0.016923548049793086
4167,0.22384416780624836,0.11115430815007409,0.01868917181592435,0.028266370812831156,0.36777292979496146,0.3300437979952566,0.039589993851968826,0.6484655538245717,0.06343142591815681,0.07115631037606451,0.06693621124234071,0.022199696378700885,0.0790380030082326,0.03031317548721776,0.024126455817757905,0.13012962624420057,0.0,0.33480786945060426,0.06169440344070467,0.003893092601484774,0.017893328539288166,0.2832805518021277,0.03438467449146405,0.046542888376169544
4171,0.10217587061691154,0.10891075317637529,0.02246515531049442,0.06228799990642906,0.5313455999639745,0.13176482967697603,0.037495431085883386,0.5832243198858343,0.07159472620892178,0.07894396295675297,0.010945181421344683,0.030752444612780577,0.09587826019713402,0.027442342916837982,0.03045391404917307,0.07647714494719178,4.1841004184100415e-05,0.4582954050442672,0.07217678875869953,0.006141005578590954,0.020661328946832286,0.17013440931277263,0.05290852449135883,0.01782088446731611
4175,0.10880786546435389,0.0925741261492798,0.02459149585296535,0.04681969943423765,0.3511050937229125,0.30132561707270106,0.03955665700337563,0.5891820644122007,0.06065753018546952,0.07545986436558423,0.052479975494436094,0.031556436280666386,0.07899479686381813,0.025615671286712164,0.025829782584633944,0.2486666992818278,0.0,0.39385910051128464,0.059849500988022636,0.005107702567621305,0.017108070613429244,0.3489744206813753,0.03280077391051376,0.018518711125377403
4177,0.13248205972549384,0.09919298742565848,0.02206258838696689,0.030465889218419105,0.3290344996074146,0.12834744977098397,0.028550351963809534,0.5126285985981209,0.06314681455051649,0.07991865680626117,0.010207217297871031,0.026024173045543463,0.12959403534079297,0.03380907763211228,0.02407310987041414,0.06960114193741929,0.0,0.20263641515963332,0.0690998771390197,0.004555188991124857,0.018782672793501556,0.23250616446935748,0.0232320926878578,0.017874461146725057
4178,0.13103583938955343,0.1978761137624826,0.024778217958337498,0.03775046954280184,0.4527650856050724,0.1270646609776337,0.03864695465157805,0.46494558619670256,0.11388839758625316,0.06645668458768021,0.01109520916638482,0.025564337477688683,0.07864862659693332,0.02682609717773135,0.024512596718192434,0.06883074153787543,4.987531172069825e-05,0.15897992833121852,0.06393307659781902,0.007595258754865311,0.019182791281447162,0.21033123007567384,0.026532044221161663,0.018555737896191974
4179,0.15201252275754662,0.14510552082097516,0.025135320190086432,0.12423643837795595,0.31667816211983285,0.12070194214826968,0.15710679460259735,0.5038012635256093,0.19923171295063022,0.09808716923324919,0.013021001926793037,0.09454446465093141,0.10537322271630659,0.033498423001421224,0.049608750321476866,0.06639351108421299,0.020024813041662863,0.170202416980808,0.07591010187226335,0.008573709819138934,0.32052429565673224,0.20653442893689677,0.12032769952632705,0.018050786707878026
4183,0.20462779118724242,0.15656706629267905,0.028801642503793457,0.03400681916014252,0.33117426531573985,0.22735555924614598,0.023023738575661822,0.5757506616070281,0.07901438405154669,0.07991417338212205,0.04253901763218699,0.05722428589457345,0.12344171490402873,0.018007261979746603,0.08926495390690342,0.15092413698816742,0.02,0.3537882651780012,0.09592918502766626,0.011439650597355631,0.038064912354667316,0.3170757372111501,0.059899382840192014,0.06342885672731796
4186,0.16922419356522195,0.10363953816659931,0.04812236431075314,0.04824857748559266,0.36126304661369074,0.23479494249538285,0.021673404570866937,0.48996756434269323,0.1054477999117009,0.10627700752317028,0.04299554738280373,0.019987172844112014,0.2292291655753338,0.02281158265354334,0.05573516308805501,0.13043890803040276,0.0,0.3800769141893307,0.08752856085500559,0.0010924149950432768,0.017928864542615594,0.293659144188907,0.03071826142640772,0.01545232209245267
4188,0.14662398526193332,0.12248471676355135,0.024283020381338352,0.05960231526354426,0.3581507149336866,0.3804774584333056,0.09264229771387233,0.5010644196977276,0.06656487706179233,0.06667918962130501,0.0317062743719983,0.034025757532299736,0.12482422392160088,0.03199770531679839,0.026540326195025554,0.1679116172539277,3.635361810334181e-05,0.1596416813077172,0.06135021917267076,0.023841302191570258,0.019368304180327672,0.40121668678799005,0.02388920152570044,0.022871672072328916
4197,0.08824082831969551,0.08989147017390607,0.05280297350087149,0.09012597775017685,0.45632588397946416,0.12641271651001237,0.2004680194911452,0.6382997624345851,0.08624472586146512,0.08021383691732155,0.021393795700934554,0.06373210872607124,0.10894010225393023,0.07302849196029838,0.042509376894371405,0.11213144227833441,0.03,0.5255014245908317,0.25414851967100005,0.0012556580695593036,0.04618627694892515,0.17677247216377817,0.017895715587859646,0.025549250443864014
4199,0.14921730134192646,0.12244640629343831,0.026150079498856522,0.038788786995394745,0.3827475079697291,0.12692189676763832,0.11541557224709101,0.3363522922902595,0.08833762630332595,0.15449152060159838,0.01024456449714069,0.028277533462953995,0.16056430474189484,0.0361975184049734,0.024612581632960873,0.06248302988829379,9.505933435904657e-05,0.15427147306558264,0.0711216445531322,0.01496343460554546,0.021385254214724033,0.1994761425026742,0.025183591929230528,0.01816202865821787
4200,0.13130813107377437,0.09546048189308219,0.02373384156386051,0.03692965778529797,0.3751460803076306,0.12320218683540123,0.11042764506656148,0.5301457985144922,0.06383922194686735,0.06540774897588851,0.010166439497140689,0.027254937364707268,0.10617178621479628,0.03273320816929746,0.024512596718192434,0.06081330143004246,0.00012720446533126518,0.14963870426687137,0.07842582118012008,0.01295233766074546,0.02059581055226343,0.19751367732203703,0.04383146862179072,0.018932539657034488
4203,0.12204074663074821,0.0945863438010209,0.04725899713635443,0.05250156233506295,0.3594666994065374,0.1262643673161284,0.09502613341730828,0.5845704041310265,0.06477083653287623,0.06676507647489636,0.012747587130399212,0.04644468351425707,0.101395499127986,0.04325485398621577,0.03527814252337405,0.10611094770354683,0.000625,0.2255636886165071,0.06027106352668879,0.008216792316338577,0.019985476829600973,0.23054021925310353,0.032442951215506895,0.017777755079961675
4206,0.16265041964852223,0.13575501414572305,0.023238480653557225,0.03254129795659559,0.33305699725886506,0.21930241630537467,0.022941023405895274,0.5325062729242854,0.06552026810810022,0.07834008353543515,0.01699335338201143,0.040974603018922764,0.07714499642015485,0.03570351128281217,0.025634424904178395,0.12075598892893319,0.0,0.18759176077484566,0.057876688386933134,0.008093540313942176,0.0339673218643108,0.26067365565803874,0.11621491153967213,0.024041753202805268
4208,0.15235155247973398,0.10403831359359722,0.023458269998878182,0.04198492327734742,0.3617295089124818,0.12759557521446996,0.05051668567245482,0.4812383964206013,0.06273418073401524,0.06055931213476314,0.010261352936708344,0.04425334979210915,0.0895938842051843,0.028508399414852895,0.024512596718192434,0.06388281558200282,7.142703585862929e-05,0.14976837965191672,0.058789344274054196,0.010290527160537633,0.020267729868359077,0.22033085438315347,0.03693313730463108,0.03537226356673145
4211,0.2798956924883291,0.20637829585428275,0.04171330839573074,0.028080057262088322,0.3255577621330535,0.16412144420737093,0.049541143347152115,0.5121008400626741,0.09609444410589801,0.14869604654230634,0.020029731593947643,0.09001146051482203,0.20554495343471493,0.021051531312662214,0.026698057399108847,0.10941172077305968,0.0,0.1976652492867412,0.23467937835210495,0.014759408655290933,0.017774779602282968,0.26669455880154236,0.040285741743706395,0.034089725719800866
4212,0.11292054663779318,0.13294540108622427,0.026680815024846552,0.04264827320495423,0.4724516410986144,0.14113430123106854,0.0064393847627723,0.5446172790449247,0.08629029701300742,0.07745336808357371,0.011614699295567504,0.02788998257619075,0.1484034627526896,0.049034723014364144,0.026796734062503613,0.07188124201999138,0.0,0.4434729438768278,0.12155162414245774,0.011703570728226627,0.03145161392499354,0.1872706989142322,0.03842337525377254,0.029390029199121405
4213,0.2178797978209899,0.21278114340235738,0.05397938148712904,0.027763268974431023,0.38420197050603455,0.12614786353903068,0.04276899694833391,0.35599288091191766,0.14823492035821134,0.172980318142192,0.01082233115547243,0.024489673018357107,0.135078569450501,0.024495797398078407,0.0599226454249321,0.06317362183279779,1.5037593984962407e-05,0.1848586591938228,0.20445170575458022,0.004864548375283343,0.0190718516598693,0.20943485624545885,0.026912155127294578,0.01915982772412529
4214,0.1361731919776507,0.11641456143830614,0.026059778254090084,0.05483965949017546,0.34876795463551147,0.12405979392566541,0.06861572127727857,0.46147834486537836,0.06699824631220919,0.06793716737937071,0.011032188859091886,0.042587964391784576,0.08792944265505548,0.031690845192003374,0.02429997583442944,0.062494106676691474,4.587155963302752e-05,0.15543353273390342,0.07201942389138241,0.020560911157585977,0.0202593405809921,0.19828056660975477,0.040213707099271565,0.01759559154363209
4218,0.11913965239771013,0.11021873026250048,0.02025801501407569,0.023727532024037185,0.3882231150099437,0.1263336141608115,0.016015465799254967,0.530551550325701,0.060834967280931414,0.15044303317055335,0.016642024396100356,0.029086980561271254,0.2881342202391647,0.020207540914411033,0.02665107534544787,0.08379309372298581,0.0002857142857142857,0.38304043131302473,0.06652561878430421,0.0018816603993274516,0.016475465809828404,0.271269929210834,0.03321227264198489,0.017697574269156687
4223,0.1192521256905868,0.09509550141348842,0.021991713923084393,0.04839146356332011,0.3358861096010013,0.12188501731381508,0.04383132283509509,0.5571177691692487,0.0801126151969933,0.06574699348683534,0.021715109961141142,0.029064853890681523,0.07635416531477496,0.026337165055171675,0.024155153592833004,0.06427150249250457,0.001677007928300586,0.2768707195464802,0.0561377451290219,0.005184300375870944,0.1649991060178977,0.20997051617018658,0.02389808218197187,0.016739118099067682
4225,0.2157221815314427,0.14197000848049962,0.022037761752974786,0.03306027808171117,0.36272324309207,0.40723218107707504,0.029595350100407602,0.46752385430235377,0.06509451347989714,0.08733774472403917,0.04333357588428953,0.026697410685659798,0.13395664096082988,0.023721878832201247,0.023919449555120362,0.17184844494818707,0.0,0.3321673432675328,0.22198527524002526,0.005781573727206661,0.020727537729546653,0.35868636593962755,0.03589751361639097,0.055590836030874315
4227,0.2487083970382113,0.1127296061848406,0.029289153330555456,0.04564774433436142,0.4375128371159739,0.19120195889219738,0.0425201258866856,0.6186781308779828,0.08638575865466767,0.07390067417181896,0.013798888380164489,0.05221582934791213,0.09717041085147461,0.06711615917718455,0.03673040422750859,0.12934556147951423,0.0,0.31680272361815487,0.10305779310910525,0.001347596733972104,0.030002401295833613,0.2469899458394001,0.03145486181823508,0.02545081019701999
4232,0.14902506828538797,0.0970118840079388,0.02166848889138165,0.03686054580118861,0.341636529976933,0.18889676843103279,0.048848974415444016,0.5045176302662288,0.06174429648613086,0.06332777698152314,0.012512443445138237,0.025570554581127832,0.08562103960802343,0.02731691407141098,0.024512596718192434,0.06434791278618547,0.00010618809593374223,0.15554499852054385,0.06368180115353762,0.01861452088474209,0.01961050189725427,0.21444989806141648,0.031178688886024996,0.020431396894709533
4234,0.12198477820557933,0.08778133726509918,0.0207443893167929,0.03631294006779262,0.3872619828967294,0.13223698898193806,0.038978730008425805,0.4865989031597398,0.06353640602050187,0.06474131700917994,0.011984408517790358,0.026042060307856017,0.09462274869171215,0.026773880166986654,0.024534280634534666,0.06036707430622459,0.00014090814739735203,0.20026302871681498,0.05547376022526903,0.008676553181901353,0.019473769178646735,0.20739167707975759,0.02274813332452698,0.018873371667926436
4236,0.13266986785302565,0.09323392240287884,0.02386123993659845,0.047543416968154256,0.37175377629059453,0.12814804560054235,0.09723897955946649,0.44454307711856716,0.06406561896015395,0.064396084929806,0.01003925072746217,0.027474190177696825,0.08948113198450225,0.03916417025901642,0.026890714564719045,0.06074667470112271,8.67947437800589e-05,0.1643235699593987,0.05901030320004815,0.019914075105121172,0.021277325824302515,0.1988009073101195,0.02502738798208315,0.018679284256983286
4242,0.13395772612869547,0.08843927413782944,0.023066067564821414,0.034700960826604746,0.3768709807648493,0.1282815137476461,0.07135767307418889,0.4633462567019753,0.06406425312289345,0.06453046500949279,0.01011737572746217,0.02777084772791026,0.08947471763605641,0.02973071673477003,0.023945326010551944,0.06077674209271208,8.622892982404006e-05,0.16076794876287198,0.05967505165515481,0.022997200971238554,0.26321245772772,0.21126843254947708,0.0244410277995361,0.017934555165448375
4243,0.16442969504038715,0.24511782012940778,0.06504404972683667,0.034780512552911896,0.4105902694137766,0.13061141584415498,0.03958197580860351,0.4437568952296336,0.14607868039624475,0.07390601868449087,0.011539106660420833,0.028407124708032593,0.09191043965066868,0.024390286891834773,0.04085414476114078,0.06273153194588296,0.0,0.1894356791863744,0.06016321960317532,0.002780748683036869,0.018905815864824774,0.20724049165810998,0.024974374939257096,0.018949972823021407
4249,0.14051325415604934,0.12927051613029564,0.01688946594362896,0.04377668978135232,0.46617463779153817,0.14915059013524157,0.031176460909141522,0.6373589294144216,0.05976286530457051,0.10415055295209616,0.015198147744039443,0.029816834968849994,0.13513936485778807,0.06934978336909273,0.02449484116053917,0.1046290612945492,0.0,0.2980576559962414,0.1501086582661451,0.0010897733361980308,0.020122012511182355,0.23677479700346343,0.05286826425071444,0.021676050218482786
4255,0.26541767416050527,0.25868781296104726,0.04057539125529156,0.06574831540912218,0.46534861922047005,0.24625676220483034,0.06357710041044261,0.3960970403729256,0.1681224054677611,0.22253039130075808,0.021859299821860193,0.06788119108992177,0.12574839526329168,0.05324453876047832,0.0850113076904675,0.0843865663153145,0.0,0.3060971808416665,0.2136028922603607,0.002068516999302937,0.06313669472025037,0.3178129528579536,0.07790149344893296,0.018946866074512042
4258,0.12245843570134632,0.0904055231011098,0.022605200216286203,0.035786323919267025,0.4142885482028232,0.12836510652996116,0.0355205407849699,0.5351469347675974,0.06238276625505496,0.06529455754696777,0.01007658495010903,0.02371214427551225,0.08558166662055408,0.027703802356847634,0.024817219823723854,0.07350043347957158,1.5037593984962407e-05,0.21375278917295312,0.054379065769161246,0.008064283745965307,0.017588712272780204,0.2282802388730408,0.024472434404173318,0.018376228225466727
4259,0.23472749628096648,0.1627928398044401,0.03534905666421845,0.13046870852745315,0.26602588834919144,0.1827295656564868,0.230468780225453,0.5710310738075202,0.10142289605768717,0.08366659356165095,0.012526790064206974,0.1293289283379488,0.11385816449193059,0.04797497963905625,0.024160295701373874,0.11002904625356097,0.02,0.14129662419005792,0.15808489882918633,0.0026303146723779557,0.09153798679927334,0.35606464048549585,0.13141541154247727,0.04261021561262732
4260,0.23397970907476867,0.11645653232306241,0.03316235020398787,0.048693012141199345,0.28290310225400256,0.4610956529607325,0.015459282760297809,0.615689782084974,0.09607401994465103,0.08958935908954611,0.038451767570608586,0.033703203937987154,0.08731306389618171,0.029626726136991067,0.024072971279163583,0.2028276496844129,0.0,0.2100005830735249,0.10494190759107987,0.006060045981011674,0.024905297480304636,0.42474063886771085,0.02575694752032904,0.027299104540116473
4261,0.17400686784094163,0.10503998952839819,0.0232456615571259,0.027022505770554237,0.31333342802248715,0.4529418592541316,0.011763743104646887,0.4830332671302845,0.06353372330757369,0.06401219174505797,0.04863080241903373,0.023593045855349673,0.09364609935612406,0.022406154871698825,0.02443157815755245,0.2119705049410188,0.0,0.21397753841009448,0.06424500299890214,0.03223779143152891,0.01753777363243762,0.501167432219185,0.021415185473813905,0.01920209132053883
4263,0.1188147700004845,0.09420582194787014,0.026902204352675776,0.03820319368957902,0.38572546684925385,0.160669065237255,0.060753009683338306,0.5768051728130774,0.06244281677223507,0.06736224137119988,0.01706393309860907,0.02635926005019524,0.06358833783194831,0.02579739458348711,0.025348865522497387,0.07501471585663326,0.0005263157894736842,0.2484359741409027,0.06054093006147363,0.009431364195743572,0.020820984130544517,0.19402783816601407,0.027691931022228552,0.01640598329809818
4266,0.1582362803360895,0.10683551972611292,0.03220741769913301,0.05444727478487683,0.361389935227032,0.12615697910653334,0.16377685606244796,0.5436908287159471,0.06395183196696758,0.06213360783633213,0.010311784300403337,0.03036213846214269,0.08031684117777817,0.4372390613149781,0.040565348888333984,0.07394353461510654,0.0005585388891820018,0.2819208933318199,0.0675735793253324,0.015274599708273022,0.02099401845741777,0.1944042085129472,0.03145669596273526,0.028026039513482263
4268,0.12374229932273054,0.09052387132137218,0.02357648780202525,0.030722682826570945,0.30865814976978867,0.2563758616579833,0.016345634550490686,0.6064765804490002,0.07898318636707014,0.08032082781326533,0.06749176570635544,0.0329757208436963,0.256592374503468,0.02233463203298924,0.024412764581076885,0.25541133043388176,0.0,0.26174835546286185,0.07653621117012253,0.024120835264205973,0.04114077197610278,0.4077039302401989,0.029041881850423848,0.02652386784316034
4278,0.1573450712291051,0.10558940854880859,0.0225077987989956,0.03516251888953417,0.33162626853165383,0.29330234566372204,0.0890236130177879,0.45871747848561584,0.0660586935763088,0.06422529662636489,0.01087170129690745,0.024605523377629876,0.14071433934338565,0.028713325916575543,0.024155153592833004,0.0673398435084286,4.987531172069825e-05,0.1505598508239029,0.07244312346790906,0.012694829223950061,0.02002923522121407,0.36422891086067,0.02511664440653803,0.01897179633649969
4282,0.21910186039615825,0.10642279628562135,0.020797527482046867,0.044693434135189565,0.31736197305947866,0.1356646231654395,0.009680079556587064,0.5581169695740005,0.0652160830244681,0.12898170574315754,0.01442022909329759,0.04322544153126809,0.0981331907500579,0.021335093893247767,0.02316877030568907,0.0665120732501449,0.0,0.1775944803524998,0.06378338626674886,0.003808527891636241,0.33124640947135786,0.22687886832716975,0.02523561168468288,0.02390450424218489
4283,0.14326828116931467,0.09848428439809866,0.04416461650874098,0.05161078284223751,0.43030339778946625,0.23905351515762316,0.028434885072304183,0.561758533608678,0.06009091826618278,0.0745672570561577,0.03828422231101567,0.023430169774315338,0.11984455532318657,0.020847428096980383,0.024868039974718047,0.11187954325204946,0.0,0.3040932663002399,0.08641304927076467,0.03268777029329024,0.04042014977467447,0.2558991543753335,0.03319356413002238,0.022991311343702324
4285,0.18119430114891144,0.12031850237757963,0.032751236697080716,0.02442497415474735,0.4202339632890706,0.1424045796826268,0.015126971097354735,0.5041100513693919,0.08053779190084566,0.09369857758770399,0.013493942114483248,0.03876546730123269,0.12321918346366707,0.03138971755843341,0.16063093941647008,0.09076662929807083,0.0,0.3591961464085491,0.19107070170298446,0.002156750057480723,0.03825537361698341,0.23130918370365727,0.021699120596286023,0.016590412044728328
4286,0.17087496722583106,0.10535524570180226,0.02112935581513019,0.05157667729546712,0.34469883091062525,0.38359923855908734,0.04773385853510837,0.45864630057970607,0.0640968690344227,0.07055541779049003,0.01810620850153195,0.026239348722583312,0.18557837644086472,0.024962826670971553,0.02441722978807143,0.10616935692081585,0.0,0.1512030833177355,0.06368157489246895,0.007410308067698251,0.019643852316552482,0.2807996917080853,0.022761077427862774,0.019942162191522374
4289,0.12953020288701045,0.09589138897070222,0.0228028567309594,0.0528302436776894,0.3643201985351602,0.12923080740515278,0.13545229110777504,0.482799430033192,0.06406425312289345,0.06514170235971319,0.010593125556179686,0.029147407557449757,0.08226162420204781,0.03632301724683155,0.02539923109026931,0.06122296921652996,1.5037593984962407e-05,0.15331899900280738,0.057923336316212784,0.01481405479207112,0.020335242012652986,0.1935601138306646,0.03804006303028419,0.019754515941834517
4293,0.13326400886970086,0.09882338440961863,0.052608277690241866,0.02685798347735759,0.466293905717143,0.13190404974422348,0.02051318845563834,0.4864829901397003,0.1170948154721049,0.08078595688412077,0.01131880910662391,0.027202489202252492,0.09303200450439633,0.022888454392683458,0.023534919443412686,0.073142386336872,0.0,0.1804307163409697,0.06399049162464175,0.007229878552709203,0.023495268090141644,0.20387056584966795,0.059665120850818675,0.019083391683964626
4297,0.18521672304315273,0.11563509186224033,0.0210017828757458,0.03934604490142834,0.33338715562742216,0.24500734382832717,0.013081161368251392,0.46336151533977243,0.07343558272245918,0.09267906389116805,0.018289539865725454,0.024751686457617238,0.08793864432832643,0.048187727596963235,0.02503633351633053,0.11198403849944163,0.0,0.15776806873768612,0.06689664111853354,0.0053668272740329285,0.03187318741136916,0.3489823744704079,0.023936887395626077,0.020049500373392048
4300,0.21323279263084832,0.09642897744055012,0.021908855779769882,0.044040684310237665,0.39526840719196515,0.4865561014679163,0.047665812838221064,0.4779729229931664,0.058479356278186095,0.06992008890148563,0.03989232580873722,0.026768748050723108,0.09636357207629208,0.02507704376587042,0.024939700849313188,0.16461155777805836,0.0,0.15742036284789931,0.059255428358379714,0.024510125987796706,0.01921982872039447,0.42258189748303676,0.02376659459388695,0.019136661216208318
4311,0.1352268003030587,0.11791156337783666,0.030762212563475107,0.043199971863497916,0.3715899233172804,0.13299320053197783,0.07315973213928631,0.47474102294421344,0.07740704924595221,0.06466582348054069,0.010953306449186812,0.027950605347033496,0.12493633383337106,0.03009013262362941,0.024616043932523396,0.07017463409827589,4.1841004184100415e-05,0.1808221028133981,0.056624194432540714,0.005854786370781176,0.020739939090542645,0.20254606145855159,0.03789084905805431,0.09039448893465325
4312,0.1387519743757951,0.09002971830342194,0.024094953233532355,0.03699808209405208,0.31807757953707627,0.12766473363255004,0.07254188927102509,0.5010539508794813,0.0621653526663682,0.060788229250527286,0.01003925072746217,0.05187127229023454,0.09754068339327235,0.030082367887249505,0.024512596718192434,0.061140717237676265,8.622892982404006e-05,0.14492927906443664,0.06231264024290205,0.01785748935296278,0.020482024991855644,0.20179392679360716,0.2384855683256695,0.019852136328846318
4318,0.09440042720164196,0.07815340006056713,0.01833895441119755,0.02698974906250537,0.422595001536029,0.1400927121760513,0.00997397714461214,0.5672057737698237,0.06625067758470607,0.06956541607472616,0.012141254836577485,0.01935100472183247,0.1270249923968848,0.02481590528415014,0.03112720620454285,0.08236567153258942,3.766478342749529e-05,0.4083135018412493,0.047517843931995846,0.003088134401195844,0.02747266603713273,0.25339236508073015,0.01971186649247026,0.015592436021354938
4320,0.2687679119382316,0.3234961141839478,0.05162087178251605,0.024035019980444862,0.39185802420661675,0.17336832654275441,0.018137283525227664,0.3457664639166838,0.1075394422755258,0.12327795776506789,0.010737305508038945,0.04639082333871781,0.1986300270151138,0.03281059729221745,0.03586514088882696,0.09663063280995886,0.0,0.14677972367962944,0.5254105469834821,0.0063869962903481126,0.03108589492460477,0.2353877052940999,0.06439690379111808,0.04199431168220622
4324,0.26962132150048257,0.12723764182806888,0.02337418459490208,0.03429912279370559,0.34035855228796713,0.22784182406719744,0.02827903092486298,0.4948176972198579,0.06526487881564283,0.06562341186869919,0.01520054270647454,0.022012844408530977,0.10795160615776649,0.022642440906657638,0.02809586039292839,0.1043648680930734,0.0,0.23093001995194573,0.07304599712638397,0.003948490705232028,0.02751792097815977,0.3340788273240017,0.03278159208588547,0.017663042062137348
4330,0.17275706314215925,0.0946450200060524,0.02030331451776416,0.031357285148100836,0.33413309319397055,0.12869572243135616,0.017830411718870554,0.5331587975765423,0.08614138260581296,0.06619982585414774,0.011932442935546614,0.023702538532057272,0.12320795279683949,0.0222447236652354,0.027741929227995694,0.07900193684847046,0.0,0.22137144469892112,0.05393712457990099,0.0034379389232397,0.01634584852746612,0.2894108628097288,0.021927961560846233,0.018555441020181206
4340,0.12317411492989078,0.09796387024233182,0.03992363444895891,0.03951300714650458,0.4952023477292083,0.13162327951813657,0.01115773329209424,0.5309195713380777,0.09360940390576458,0.0676812157276151,0.011922598381562727,0.02052163103487847,0.08486346896604666,0.030474316147108285,0.027708437258230453,0.11433456774611335,0.0,0.43376685013543387,0.04913832168817038,0.0031446093123767165,0.016836452405016303,0.22555642982898963,0.029809185068990312,0.02716310965253659
4346,0.18770150768431296,0.09726723054565387,0.021247610673041473,0.03440709964611073,0.43280959142327574,0.2514185768516256,0.03433124811380914,0.48635768395817786,0.06599077751923722,0.07490105241989432,0.02175063485743893,0.023859395277324186,0.11985741549300999,0.027919186841134286,0.02400221724450403,0.14549114122806178,0.0,0.2534089827611472,0.06028907028417124,0.016021383178523353,0.01800771824119268,0.3280037208628697,0.021881501152387597,0.01967831934735975
4349,0.1176669423728775,0.08772054851989954,0.024115749869840303,0.04092592529399084,0.3758075295486119,0.11823256869166811,0.11354095595646874,0.45713840122158317,0.06406561896015395,0.06376276639529671,0.01003925072746217,0.027865341517920816,0.09093978690083164,0.03539706007717831,0.026700239704008033,0.06074667470112271,0.0003043868166600757,0.2976070889840022,0.0571227243418949,0.017524486080644615,0.020494012726610125,0.17513224775137662,0.024434789306050333,0.01841319378975218
4356,0.13153466508064934,0.09954730953680764,0.019482448454356437,0.03173159219930539,0.32988783127258203,0.14653005039659395,0.046441022329309745,0.5820950697675356,0.062347936563578565,0.08644719987579999,0.0158425488309347,0.06982870375613506,0.17404929946635825,0.02698056259036739,0.023875323077398248,0.07650917588265722,0.0,0.2900274524392585,0.12312359382576302,0.003062629870390356,0.02002860999163024,0.24554129407937578,0.03295868621995333,0.018334392750891895
4358,0.09583792290861855,0.07826096840557628,0.022310189715786025,0.05702654782915371,0.37645514855980344,0.12489402081690577,0.1018642472564649,0.5948038248487351,0.07208216910220516,0.0645187466693712,0.012509850130353006,0.029376926370192454,0.08463124776041461,0.03159712334639307,0.02891835727703941,0.06990064946096741,0.012655737662050399,0.3355041550725336,0.048299647420426244,0.01644767758879355,0.017701735856410727,0.1978702810464483,0.021618955255154993,0.016769209871919485
4360,0.14318714970463098,0.09560033930599855,0.01839419017181729,0.029634078850244897,0.3520255829456035,0.21055736900965372,0.017550197488673605,0.5323703642595551,0.06298328146043106,0.08619544455350675,0.024734968331852826,0.02344045332566801,0.2465895189165101,0.02098364312269891,0.028311630929057245,0.11053785863610041,0.0,0.4195554242992908,0.06710664543177271,0.004039393635915212,0.017054452087318882,0.2826915551798413,0.020514480637588,0.027824545854177766
4361,0.18666310250176252,0.22286213437346244,0.03145200559602224,0.03325459293554523,0.4379056900311429,0.13566624173959435,0.05863966772114514,0.42371911468784873,0.09072020100009968,0.10807751223372691,0.010198575723107116,0.061835116326443756,0.14143382811065924,0.03644916588920627,0.04958972883837917,0.06696571205662377,0.0,0.2060790175305785,0.11725210880707769,0.0037051070612846215,0.019508044159593042,0.20635177506103844,0.05427783069874288,0.03993712479682281
4363,0.18293626902752286,0.11928951703527733,0.021911178115284168,0.040721312914758966,0.32925082286359314,0.19889533922893604,0.04796626612274256,0.48101380235033003,0.07474829748372312,0.06880803461586725,0.011373953612740928,0.029651372359299065,0.13922815100973066,0.026458052992002573,0.034712611885320634,0.1476388184380931,0.0,0.15538555133737703,0.0791268235281911,0.00500732950841656,0.01946885557957173,0.3073964145010743,0.03140162268104134,0.04973330680623324
4364,0.2820696241332208,0.18934516755141925,0.07372448449154209,0.035913458579895384,0.37156603643428043,0.2120195253570925,0.04591286156339043,0.32137291689498665,0.1202619613561918,0.1406373704608014,0.011456887998323579,0.04357482600536652,0.2893274393637396,0.023979992808955707,0.02687231016117152,0.1371421174552641,0.0,0.18300129028675272,0.19893780113377305,0.0068930865770219715,0.04261041417022678,0.4307490414732591,0.05065299297104979,0.09030571929806
4378,0.16669224789535086,0.10968521770710943,0.0812975108813637,0.03535677379382757,0.3897208771683251,0.15322915541785576,0.011719602425835314,0.5478385854739605,0.13166792332981553,0.1335228716485168,0.015033400105742736,0.035952679187387766,0.11080640507287846,0.022845925360974528,0.04514971857154819,0.07138480405249915,0.0002857142857142857,0.24687023971937233,0.05696079229869948,0.03717710444097215,0.019208148400664496,0.2483366595414765,0.02385790909762924,0.019047118237951573
4380,0.1546112419788157,0.09151453856170982,0.028793745712901376,0.028395026114727287,0.4184672929354085,0.1331088096479824,0.02576861640983698,0.5057514731416262,0.05993214514401042,0.07086343535982509,0.016075300310621633,0.036489975590041496,0.15713807289262552,0.025270793058393606,0.0237312861167737,0.09920737844982812,1.447178002894356e-05,0.32571288935867687,0.1927136102170148,0.004159278424710913,0.02524606574066992,0.2253966326970664,0.023540003586599485,0.017720240206658747
4388,0.12802400891228014,0.10337006887535115,0.022946129708749704,0.041357494613915594,0.38150280797515684,0.1280871449359281,0.13253418476765966,0.49381778663827397,0.06248267353184401,0.06453046500949279,0.011213644300062504,0.027933492341001006,0.09494370653520534,0.03344237458244134,0.024512596718192434,0.060706666728461214,0.0005329298978330104,0.14858362063136465,0.05861679206867515,0.02091259655204667,0.02095642366896082,0.20108276358032218,0.024045930509366292,0.018679284256983286
4389,0.1383655461850921,0.09376846543213832,0.020258459724729852,0.032847883728146,0.33889001179100975,0.3672817071298366,0.02607811245854313,0.5394814895359432,0.06381876678938465,0.09359326377945473,0.0488595372417146,0.0186842852350122,0.17134125060970307,0.03545519779987714,0.024808902210911244,0.234031452062064,5.1813471502590674e-05,0.2351095834858559,0.06632477906943489,0.0030782613261288454,0.030491767219537152,0.4244155156768046,0.021927193423681195,0.030823127253378706
4399,0.16080140508258153,0.09942025435675672,0.04154942337185253,0.02765607297189178,0.39629177652244457,0.13420929586792005,0.026677570968709728,0.49562592820308454,0.07373421625481577,0.07861478085271494,0.01262981073571081,0.026287421951583737,0.1207372897719898,0.02368260718010955,0.029440314013574397,0.0688363503757045,0.0,0.23132385778301712,0.05751978860839138,0.005066235603612132,0.017887281780226093,0.21145144501982557,0.04184994653169003,0.03058672944977903
4402,0.12647950553652174,0.08802930653377207,0.022874490592161564,0.04127617712007753,0.39142257034187233,0.1283985126373178,0.11686818581189382,0.5054516406191464,0.06436323502953925,0.063895810879204,0.011582945486873424,0.04635054012394306,0.08587137682841067,0.03446101094294776,0.023829574225920712,0.06113159831958297,0.0003995358281937446,0.19038525916393914,0.05670917988440533,0.013644499274240742,0.22536800248618877,0.19842944082139208,0.02367078535419055,0.01888534940614099
4406,0.16187329161934613,0.11601611193287972,0.04566045993995444,0.027716724808617407,0.3870146915129321,0.26502993631866417,0.0367487967780039,0.4656968482138229,0.05654297559031263,0.08511060372593635,0.04328361807082129,0.043438063242570595,0.19279921353761856,0.020043106883190137,0.024207652944929773,0.1908931174576675,0.0,0.277264999244235,0.14998280284528995,0.0029320736948180237,0.016504736789123186,0.3593799020723887,0.03508428182674141,0.015835086770341403
4413,0.14350883410414156,0.0884587077832776,0.02205579195887613,0.04186896006519221,0.37846937360292715,0.17505732113159367,0.0950266038105741,0.4652679173690764,0.06303505518155977,0.07400403030547108,0.011505676027393708,0.02679251712380253,0.09134505458449091,0.03219754945388596,0.025590106424237903,0.060744809411496785,0.00019047609177630514,0.15257572435940986,0.057772854436866306,0.01504834476488839,0.02052275575452134,0.24327724252856908,0.024045930509366292,0.01866004063049126
4422,0.13483351422701267,0.098647953931987,0.024115749869840303,0.0395445583714941,0.3783320076746522,0.12813615542286697,0.11983451928339918,0.4403366540279042,0.06406561896015395,0.0655701894055223,0.01003925072746217,0.027730944211273836,0.09666775657776203,0.03446247794455909,0.024512596718192434,0.06074667470112271,0.0003484289037514451,0.1477728235852735,0.05861679206867515,0.017144721954503363,0.020841164823913193,0.2018260270436743,0.024045930509366292,0.018679284256983286
4424,0.15561417828769805,0.09292586167727303,0.02311149201909979,0.031958534732832874,0.389008934218933,0.1425878430923017,0.04427222313376915,0.4946343975222446,0.06546265218727154,0.06626283699085134,0.010935046864884944,0.04274527627896031,0.09038985693119646,0.02774990487675626,0.025676919256937925,0.06407402294344633,0.00010909181928612458,0.1654472826604342,0.05703447104354264,0.011689595714458876,0.020793426068041247,0.21630060301077375,0.09608337173540944,0.019177550138175233
4425,0.13309362805189853,0.08902569985108531,0.024241558266946787,0.03935962203217268,0.3689318623074861,0.13001742403095704,0.06791803525618932,0.5311600184768036,0.06406561896015395,0.06434178409362447,0.010477733488829933,0.02865432597348898,0.09297758910475659,0.032374930873712196,0.02425565941089541,0.06074667470112271,5.1061098151837004e-05,0.1712080654417269,0.058354676592460436,0.013476628227410461,0.02043546717884472,0.20496866792436436,0.024045930509366292,0.01901261492191564
4426,0.14130248511722474,0.09996574155131448,0.030475966875063713,0.04387586905377686,0.4017031435579892,0.13671121734722308,0.007388231493212138,0.5859355099305837,0.07579839863101868,0.07604233962589788,0.03109258223010572,0.021053061671524497,0.08056696416977474,0.025879336960983726,0.024643506245895334,0.09423977556129877,0.0,0.16155966976658537,0.056265482791542844,0.014778203996127406,0.022492896586450813,0.28182302956813965,0.024614390045614023,0.028160440230070482
4430,0.1395570491340393,0.12864319762990165,0.020697746487763347,0.03407455565357498,0.3282364123568619,0.20337730674056445,0.007619076985390491,0.6078996171190322,0.07325974708824945,0.14525335645943416,0.014139699331584283,0.048273322141434837,0.17081200646271238,0.021698167245093276,0.023909313409375327,0.07898511698508051,0.0,0.23037780668333385,0.10022367607982868,0.0037153396231593807,0.01907803457240935,0.35127835018875936,0.13085044095886533,0.01783592811292101
4431,0.12707955473052843,0.13601276762475142,0.01913501136203658,0.030867448466331743,0.46133244024423065,0.1409438025794037,0.011440190383619868,0.4467439962615415,0.07082996235577727,0.12445412240761675,0.013263082974536584,0.022077650867015707,0.08573191078507754,0.025240800818862052,0.054861197761389924,0.08026761131459847,0.0,0.37177417588215783,0.1974718808865121,0.002423849444031762,0.1459571932628991,0.22656980887117315,0.021207774597813547,0.01740001097853407
4432,0.10637046787534907,0.07844908388733995,0.01841281614099039,0.035676526748129815,0.3736487174412455,0.12844416260187072,0.023318840934012885,0.6191322783220666,0.0626588612237832,0.0646375815268878,0.01137593111665127,0.024320691901961462,0.08809674924722366,0.024548261972227745,0.02597937532272264,0.06866418935664619,1.034126163391934e-05,0.34834632435870216,0.04657398050363067,0.005222299388345065,0.017196935372472015,0.20495843952573556,0.021224689276297434,0.01817978233037765
4433,0.18070899806441543,0.11003697632394215,0.022768150637472385,0.04085029035786982,0.3798754248351057,0.12606567416563752,0.08036883479784972,0.46742174811866055,0.06477221321247409,0.07020343807924546,0.01003925072746217,0.037691623434432324,0.11344190882963202,0.03247657487439273,0.025942935104470634,0.06195489831782679,0.0002596960001894938,0.17724710193564192,0.06467691359440199,0.013633665054940076,0.07879527454246871,0.21441660850773192,0.035391039374004285,0.018017531031804656
4435,0.18622663165852202,0.17036991344501864,0.03235364903060838,0.027505954017703463,0.3416889553087741,0.1633645905518195,0.014230449865004975,0.5739164146455358,0.09306356229711486,0.07890948816050142,0.013822148833471423,0.022437406850942008,0.09646957832476319,0.02247992026278224,0.029609530725603583,0.0992028611973139,0.0,0.34809599213401865,0.06433681103542771,0.011321756820862207,0.021003214445915023,0.2828370320022989,0.03865232242847033,0.023859553239536608
4437,0.2537073145965652,0.20902702985236699,0.025192471138828575,0.05023457968667807,0.3119383037275347,0.13125331242019125,0.045944643158928156,0.3929896920542284,0.07637751030831745,0.1840036516992452,0.01061763952203139,0.046947355694986384,0.13477880081599117,0.02507657287847187,0.025671202681348326,0.07536549516413553,0.0,0.2501380536821502,0.0816720951061403,0.010301821895028963,0.021406262036819123,0.20178136404743718,0.14482332630756067,0.017339202703650334
4440,0.1130913481839729,0.09670073763224747,0.022265452170752514,0.08953310714535195,0.32196198779077273,0.12751868430071747,0.03523676618980883,0.578896262767574,0.09461808263323818,0.06453377566936144,0.01241047303207681,0.03073173423608241,0.1799751217488128,0.026620309594804024,0.023778189989835892,0.10036184908584421,0.0,0.2286904255105246,0.07077444410847387,0.006999048979022339,0.019410160563095174,0.20567182470642695,0.02667753303388708,0.01918588050943921
4443,0.14046321150327346,0.08293352370430145,0.02084605004063271,0.032299882033592534,0.45542304690693336,0.13034872317307503,0.010387322796453387,0.6112750518619233,0.08146123445043144,0.06769652357990232,0.012438539936386456,0.022000528437071464,0.10292248834403099,0.030926664018668736,0.02940307250293944,0.07383211263605624,0.0,0.42118367786943445,0.05049539497845334,0.0041616423351989095,0.049646462542705355,0.188912759486887,0.021302801897592413,0.019721616634368347
4445,0.11310753146425018,0.09356644789771588,0.026267519945181627,0.02879642145471528,0.38802762347670117,0.12914687750180975,0.05409363184484601,0.5714767484382058,0.06642506650306033,0.09558105516567063,0.00990524502265485,0.023413221764696436,0.0842107573443679,0.02509415859688854,0.027249496757667236,0.09391946610796337,0.0,0.3506286491265447,0.07158415253337584,0.00532015351765199,0.01590772211009989,0.19810214665234432,0.03640576900525991,0.027959404965186466
4451,0.11340715792413439,0.08161945578270892,0.022125945057924246,0.0355974531742185,0.391384751883537,0.1267699197705173,0.043183262716404915,0.5311723506996989,0.06433240953900439,0.06445677085589616,0.013566745794786879,0.02311312734290335,0.09142584281353981,0.030062521349405014,0.025453816236570444,0.07600330604998844,1.034126163391934e-05,0.2327466567667823,0.049725037404904165,0.010227530126847448,0.021135209659730876,0.19821097957828956,0.02045695741432694,0.01715429929965582
4452,0.20834263336199182,0.2268285165773626,0.021206777740923298,0.023947527403825,0.35457858316938695,0.1538121329220742,0.009521439689152067,0.49861500474094833,0.12981171400888672,0.08315483774858906,0.013273128293169003,0.05355722903555997,0.12224974682042944,0.01929902019907729,0.03607545302427302,0.09648797677347636,0.0,0.26507383882109237,0.1196381557727038,0.0015540198647139482,0.024650866809986197,0.21743808932418424,0.12470629019407851,0.02863649946855508
4458,0.1696742742483411,0.1464219689949223,0.024180430148671744,0.08684625401533917,0.3371712678683681,0.201082436621508,0.03134256542599099,0.5437380137035347,0.06893346557573035,0.07895155089824869,0.02313828585727221,0.041403612552152996,0.12231440369624229,0.01987010856129658,0.03434226342299052,0.09864330371537404,0.0,0.34668820846926857,0.07239345918826454,0.005253185783696727,0.03796821522119632,0.26759868370444834,0.22468182058377056,0.059467431667153986
4465,0.31694172159380746,0.1140077756139738,0.021585100806693566,0.031091261518981984,0.3269700574885821,0.4157321114907522,0.0308190749463678,0.47141535267804463,0.06963731634345756,0.0757412470800583,0.029464704210958183,0.024983370821721657,0.08885565706197163,0.02371942216798264,0.02416507013141288,0.1113655190786294,1.447178002894356e-05,0.14297680653250822,0.0668005210884085,0.004853495833541197,0.028423568939246163,0.3531398234637246,0.02182663844315207,0.01885494630313505
4468,0.10056564797552489,0.08739534932086947,0.03115335406977292,0.04303325012879737,0.4149420077788855,0.13295669825259088,0.04690272411576328,0.5292836172994009,0.06688575468568911,0.07761257120714632,0.011723686207082744,0.025834755465884617,0.11130316209832947,0.028192644014481166,0.04420250928197841,0.06387048980561999,5.1813471502590674e-05,0.3406363231073961,0.0528333525022335,0.018800228631880137,0.01683512116676175,0.21288185499005954,0.02571349349922971,0.018670330639963012
4470,0.1328322574522324,0.09300398063486515,0.024408474391467185,0.043353052935155,0.3758075295486119,0.1218766587811177,0.11675240017928992,0.43891494534608744,0.06432028184610228,0.06549084748626523,0.010662183138157486,0.02800742999938753,0.08861861335040726,0.04583143655493965,0.024512596718192434,0.06074667470112271,0.00017574586513308788,0.14803986003378986,0.06557221112731866,0.01859978538761425,0.02044581864946761,0.19955473293039871,0.02847054659531448,0.018421005325509755
4473,0.12777237434045546,0.09986073555397726,0.021265022461539062,0.03358828736110242,0.4109433535755261,0.14228731644575937,0.027198207652749908,0.49201071726811746,0.07360913639494154,0.06759520915165584,0.011665469251754747,0.024877454815484246,0.16517310242087432,0.0389930681999797,0.024478236175333,0.08519720114427709,0.0,0.212106957945691,0.07274587264804008,0.01220465322015618,0.02890552632238363,0.2602636086474186,0.021689780598588757,0.019077608233224227
4481,0.1182373202259501,0.10159017912362608,0.023680037258158596,0.039182666145994235,0.37154475341874005,0.12908099171379514,0.07652225894377199,0.5117205481721412,0.0878601978649108,0.06873838862338032,0.010296831124166572,0.02705696229203877,0.09510628808729539,0.029569122588311247,0.024623029626107393,0.06093452017730744,0.00018522512628381174,0.16040143566065082,0.058260273438342274,0.013106052937249478,0.02069457950174967,0.20309374573224223,0.024026923327041514,0.018550116904818476
4488,0.12789450072981684,0.08828754058770727,0.026887810554693733,0.037322721874268196,0.42555064856645397,0.15175042836921168,0.06879445983942671,0.47019707951143375,0.06494850759442874,0.0677145138949516,0.010932830651688163,0.02436866131597875,0.08623317734103172,0.031410916266344235,0.024973487057882823,0.07267938155562698,4.3433562212329286e-05,0.16030623781326284,0.057925334859547165,0.011203290003719588,0.021945289608135927,0.20095752789636984,0.023813687201411554,0.031617701529911287
4491,0.24883196873937066,0.17860852117670742,0.03524719706287632,0.04951714506812068,0.3812299414281977,0.12798986812241586,0.042239208309190986,0.3475445712042924,0.0866221016208785,0.13774721244804694,0.0103947611162118,0.027961347519873097,0.17422210764308044,0.03682097617124602,0.024512596718192434,0.061168176031919576,2.5378855618881745e-05,0.16751424943254833,0.08797096213211943,0.009941704401931971,0.021980854326268152,0.2089451596905331,0.03560930582667855,0.060129862918296466
4492,0.1660295235750889,0.12467028540121046,0.025544749151838273,0.025915596517898272,0.45873472432040235,0.1262165803040003,0.04260131337719608,0.444062217764054,0.14663643360297646,0.06626091135926925,0.010717312679845478,0.025837729032028786,0.21646025112905443,0.02947343878221564,0.025578615257288165,0.07162208572784444,0.0005263157894736842,0.15653023933867863,0.07665118924293939,0.010266343422869743,0.025683468231828342,0.2254332587860822,0.04135183146920322,0.017109296194604173
4493,0.12187140482883939,0.0839617576631186,0.021930109433878086,0.0390531982642513,0.43133738228088836,0.1284475451677044,0.02532062200619972,0.5580541639265899,0.07379265081365058,0.07338167685791036,0.012154274833596053,0.024394281417878024,0.15068331401233825,0.02999688093671195,0.024840453816324604,0.07093679940782689,2.1551724137931033e-05,0.22937572659598948,0.07134792559750885,0.008466962906326375,0.019102035939572284,0.21635116967592072,0.031704461076571204,0.01926926756761982
4494,0.18136159862553847,0.16522843319107683,0.04381491573812399,0.03431288534138448,0.5198713614485605,0.15673075913543658,0.052068784113126175,0.36833857999195163,0.11432056011954646,0.1420599866759832,0.011336918419174762,0.026298251894785366,0.16001694090982654,0.029828690106747574,0.03569990886615196,0.062311403853304095,0.0,0.2710494320639116,0.07930145147338212,0.00783516528470221,0.030738765591622464,0.2131030490758971,0.025051128471064082,0.01762286443314874
4495,0.10414263346391593,0.08906262998549122,0.02113131804865923,0.03402782086918914,0.43793419777684056,0.14134903546564645,0.0281482433662137,0.48997962434713044,0.05994834602125757,0.06860353454647476,0.010156842490419508,0.023257635058225996,0.11448941580508837,0.02824129181176332,0.024674337594297845,0.07583662972761847,0.0,0.21720493590698847,0.06094258671282495,0.005912265474522397,0.01662390479987012,0.21096500295434312,0.020725272445105913,0.01726447075834285
4496,0.16305563122533037,0.10024988045220219,0.021220095372341534,0.03480719052147481,0.4103549889444739,0.27378301875800665,0.04441384760611105,0.5538913248418541,0.06378768257325523,0.06751859204932802,0.013025478014486265,0.028005299337536867,0.08040584403385104,0.02987667003813364,0.024543366094425246,0.07384676151827382,0.0,0.22250674334118503,0.0554846309935064,0.025672196561929556,0.020808499261432568,0.2877212894505512,0.02370806017721667,0.02907633252976632
4497,0.1565520360691039,0.10268738040469721,0.021888485756588208,0.03904919844998165,0.4582848548330323,0.17095713797360618,0.024559369143010015,0.5716163595481479,0.13326400903667546,0.06254838575955125,0.011527528728481095,0.027084630323112636,0.0750354746251858,0.04675394330624868,0.027173776885345755,0.06992999180527269,0.0007407407407407407,0.19909833025458337,0.06479189942739894,0.006582157243868509,0.020736102421417848,0.19956531682524978,0.023522361755246773,0.0297347349122371
4499,0.13652315758206687,0.11205886538576834,0.02121724096504598,0.031611593144618255,0.4443175133392673,0.15413296439444316,0.021784003644400234,0.5016152080254153,0.07420817009606763,0.06293907589279037,0.011111826572538055,0.022855359979420266,0.09167299186247874,0.07895366319768925,0.043518586582947265,0.0669258025050479,0.0,0.3501414076224904,0.08604526930993081,0.006614874427454065,0.02048951230135261,0.19072879419331973,0.023397592337929773,0.023934598088235885
4517,0.20766539486072072,0.12766642728869665,0.022708123717233745,0.032736887602775405,0.3575228736611529,0.22327489160407488,0.027297005900690695,0.47819248911965334,0.07793067268467996,0.10409680621843169,0.011117287268943376,0.03817214767597252,0.11884584807330534,0.02459688773990991,0.024384030892484976,0.06463784799365647,0.0005263157894736842,0.15427848955568266,0.10184394306827044,0.020209207808015283,0.02244828141112182,0.21943213498243272,0.10850761128253214,0.030157099806094875
4523,0.13139509158850735,0.11688903632308531,0.02480152742609004,0.03671297627695117,0.4671323952724745,0.12896870373582572,0.10719009664796347,0.42597907399463514,0.06381748944159787,0.06453046500949279,0.01014344541522531,0.02561962127573922,0.09185851888929257,0.03237383900753202,0.02606510738099895,0.06074667470112271,0.00013480078884147353,0.14461441619550153,0.05898561546518837,0.01807008350939954,0.020841164823913193,0.18868307105740365,0.02495629414336323,0.020051672517379035
4524,0.13801001382409572,0.16766198123899123,0.026100594757390603,0.02564883284241848,0.4210618496779583,0.16987335682499993,0.04498437336612476,0.5971952495148537,0.08232544506472257,0.07559185374731571,0.01412155957245098,0.02170415722883353,0.09303896251928952,0.0474020109119004,0.022778413829993117,0.09839410523003997,0.0,0.2717087189877025,0.06843142015135527,0.0158669680154863,0.019381509724034046,0.23089070060876027,0.021351249242359843,0.030228914062385145
4526,0.16935528424234153,0.10688920083682234,0.024701705054153054,0.05999335514408592,0.4349151256739998,0.20833754646823993,0.07925164888464685,0.5618515208949318,0.0784740938784589,0.06446125298303128,0.01213609738676934,0.042736368843044555,0.09868400205728597,0.025716712882378392,0.026190268375349216,0.06742217431329528,0.0,0.1915675457620624,0.058436229867877394,0.009262098034502918,0.020942876727852756,0.21270903661071933,0.07370177715102305,0.03982328645212185
4529,0.11986016904953022,0.11150412038932453,0.023619329021717067,0.04902292728404739,0.4183643264471087,0.12260294911328953,0.07334960927192988,0.6031009494100396,0.06290128132638595,0.06453046500949279,0.010584762296610135,0.026339780191376897,0.0800314713619687,0.030593887805475305,0.024512596718192434,0.06703223621105195,7.938468573460422e-05,0.19121727540127384,0.05721965508560609,0.011142179532739528,0.019465080926191588,0.1959155786181525,0.025163181599673932,0.020276873405417777
4530,0.2100350358528227,0.11347267428854402,0.019627737883275046,0.03160261541288053,0.37206730901420504,0.3071531544797864,0.018304515222901437,0.5038503046915646,0.07253163654377592,0.06988720987268704,0.016803377161943703,0.025107467554430603,0.08258132237533078,0.02410953387887078,0.02447419317916431,0.08928647621828813,0.0,0.15865594214454715,0.08609974298105114,0.014589273453212821,0.022261350854156193,0.3544367630538953,0.02276470035135765,0.023540951421713415
4531,0.1295425027573164,0.09467427542455902,0.021737474328090943,0.04795904851455827,0.35617772198263437,0.3756629817022017,0.03960613412468552,0.5366465308150303,0.06286686993320019,0.06305076797473323,0.035992400691176415,0.0256278876356362,0.08039814346126463,0.026317121165295835,0.0247271831231765,0.137141314731303,0.0,0.1825652096635558,0.05346140945498618,0.00914627358393238,0.019588485668372606,0.3490416674807883,0.021542069053147733,0.017526016513642197
4543,0.26443776027055876,0.20641901498387105,0.024062595553992382,0.03399741824918838,0.3466827743905669,0.1338316810089005,0.05979126393425938,0.49345849098216155,0.06450920347367975,0.06997000074181808,0.010568945813745612,0.06660693350181038,0.08991688838573392,0.027144420176121283,0.025655926183050334,0.06266880855597115,0.0,0.14816716412188785,0.07513855009889707,0.01089580937953569,0.02646433647660632,0.20595271353258712,0.25483624624467494,0.021378699417740905
4544,0.08933957992466147,0.07795041323892227,0.0204211525095815,0.03255344009331989,0.41657581583940323,0.120858395064286,0.017052876311283917,0.5362270848037705,0.06360468107876567,0.06372648070698571,0.010987315876094361,0.02331615862382735,0.08585095027837214,0.02651532067399872,0.027413380936055342,0.06312136093629367,6.824660387519218e-05,0.4191416901059196,0.046881118750248224,0.009240007948146882,0.017411271500625537,0.175903990432333,0.02125822852779895,0.016821258753926503
4547,0.11099878681786379,0.09163321308200317,0.030905506737032618,0.03871153185447341,0.4731641651964221,0.14539770935846044,0.009115992670793972,0.6306485377177121,0.06490040104092062,0.06616882952269694,0.013923162785346322,0.02447581011222466,0.09550034395772805,0.02186818030578325,0.024366255989632105,0.06991649569341202,0.0,0.23169499462248194,0.06267399424464754,0.024562487536177756,0.020469306299386543,0.19508835060222082,0.031816773767684645,0.026200508844750975
4548,0.14742358105442865,0.20340936540726684,0.04166809859865887,0.05913383242753454,0.39892155639680577,0.12152181586832751,0.076982735741905,0.5911928771046668,0.11601569024714245,0.08086554922914907,0.01116956052329438,0.03173527303181849,0.08141117821153909,0.03838927229632157,0.023250569765178565,0.06793794214234637,0.0,0.24802431506080688,0.05886401614693979,0.005061037753187174,0.019080418500250343,0.19792274086861736,0.062190961645090345,0.020552331252166073
4552,0.20712681907843508,0.1277125473117977,0.02723163429678635,0.020925697541338,0.2919468947089032,0.1508658856738221,0.006869164650496693,0.501964616156,0.07238648205760173,0.08537611210079672,0.012918452781380665,0.028094846654344384,0.19425684358047016,0.017944624573243303,0.03454625340781789,0.12439455368123588,0.0,0.2879002956265352,0.08105193629624305,0.021107036617548303,0.016420991263235662,0.3060770070913498,0.02435544455105441,0.029253850946543057
4555,0.1533498207578847,0.1341012990456724,0.02021602882066223,0.040655417842549835,0.3872685586427226,0.13125945345513373,0.027376957988184767,0.5265162693562881,0.11687609013759293,0.0668050307284986,0.014305978030099874,0.02502898826791961,0.13437816742974357,0.04484759330647324,0.02717947691221219,0.08692834914392676,0.01,0.18567218047486303,0.0834862677963968,0.015436194574152164,0.28588884206302334,0.21530255063713943,0.02270866206038042,0.017188149515611224
4558,0.09368103761095023,0.0811236147942474,0.018102945871996387,0.028353429975436613,0.4485592535319362,0.16134558240596678,0.02469063969572662,0.6063432083130869,0.07007102662968126,0.07402118331539453,0.013478118006784024,0.019776416821865497,0.10153050995380682,0.025838060761190853,0.025542876009358867,0.07060376783007774,4.1841004184100415e-05,0.3400984879417725,0.04251401262434759,0.0051957739549831315,0.01721122855464373,0.21695253539435833,0.01953253509763536,0.015707092654119657
4566,0.12859915806230077,0.08862578466051949,0.033542429595775754,0.04075016045678612,0.3433811792143269,0.2175009383332191,0.045898262270693733,0.5042011263062967,0.06196130290918794,0.0885963312866006,0.04090932267407508,0.024716822857358333,0.1048836620667429,0.02489869016957785,0.02488858325118594,0.15744155106610325,0.0,0.2542834223419299,0.0814005937408496,0.01653392202686043,0.028668721524178462,0.3300128674349629,0.022778011262602545,0.01872078047906749
4569,0.140021703026481,0.12617253924130215,0.021089899470794368,0.033874407644481457,0.40447461782115596,0.15449583479132958,0.0379107305952727,0.5169193127253761,0.06302343436478894,0.07833167980898206,0.011457542492415856,0.048443094063431856,0.09316327030728251,0.02540402134331718,0.027203093789375753,0.08663785282985088,1.447178002894356e-05,0.15970615762304283,0.060473897204484324,0.0069557941332627025,0.020493915697087285,0.2131996437885658,0.13110418288441023,0.018525189347656713
4576,0.12215437955907468,0.09847270871564985,0.03236777358187917,0.043316147351598,0.4521027825140611,0.17655955630334674,0.023938073179365728,0.6032512051423102,0.10976492701593146,0.07479498542766112,0.011815007097857074,0.021547423991191455,0.10126441707513573,0.033590499431267413,0.03543893807338876,0.08015970804439497,0.0,0.3884830142296478,0.06647240475847518,0.00431821349489531,0.018484603064967332,0.24456619545748065,0.021098579262676373,0.02709489363728466
4577,0.13597756143814027,0.09096867764641806,0.023980060214209287,0.037064310492492834,0.4437350405962793,0.26976526222494857,0.036728514722941114,0.49316881212768926,0.08353772250636099,0.06519369645561118,0.027729954124304824,0.026599268150142363,0.13243700056486252,0.029153082805159714,0.023980959355517473,0.1235625872514958,0.0,0.17282697778093845,0.05952847177342474,0.01328666877315644,0.020729795252358962,0.3086402996246601,0.022894474816143665,0.021683966657617376
4578,0.25203411934869296,0.2159777878625432,0.06433283243031244,0.026523410345503713,0.4256003260042452,0.19664068108805274,0.04200763670736752,0.5142284915925717,0.14256870353899592,0.13824928868957945,0.06641319823515582,0.018585487745089082,0.2719386922930166,0.10136211106798212,0.054272508567362224,0.1691509934424198,0.0,0.25146671354118777,0.14572014538774364,0.021407231067053646,0.05873315113375562,0.3016706424437104,0.039960830771229826,0.15950548794486807
4579,0.11304699412346705,0.07843725591287443,0.02339069806401607,0.05825560575323843,0.4380387898909458,0.12815660576578294,0.0786974271964894,0.5219965897883966,0.06284324774881672,0.06073798010618108,0.010179736327126862,0.02600641460290555,0.08898892007871143,0.034772699137947234,0.02698633859051271,0.07043796166139979,0.00033014115122569814,0.2866039789630739,0.04974184159376411,0.014295295987446688,0.018078776149188343,0.19978488814974352,0.025813687723098187,0.01748853351107229
4583,0.11896101624184136,0.17080873695343549,0.019162559341460134,0.022947546191329972,0.4749859534416915,0.14114291818845318,0.031783505215717774,0.6053926593428139,0.0883284645568213,0.07533998065909803,0.010805030296352977,0.03332580031943258,0.12624422465008373,0.03239350484476812,0.028352327594034162,0.0875876636472356,0.0,0.35196103699990494,0.059050962099342554,0.012469041867949376,0.017392968170857958,0.21352060645901416,0.02373664083961578,0.019609860441868847
4585,0.10496868693010471,0.17109091390355136,0.08586466186612618,0.04040153316676953,0.41898801072220726,0.12068638799010144,0.0451335515702797,0.5159833371200513,0.1518224428814437,0.14570727541702494,0.012314980679524239,0.04025365583746215,0.08500047305112438,0.031936621212288234,0.049192270887667255,0.06498760575286745,2.4813041662862895e-05,0.3446780459485197,0.0572993258622936,0.012309116988686768,0.018108557979729833,0.19093526463009375,0.024399156109332056,0.017551039066813892
4592,0.14972229320641403,0.17621479675978285,0.031141739438655978,0.025730094193961602,0.4415093741106859,0.145769523860389,0.012710721567000077,0.5752477963838544,0.13545536439275999,0.07358129904244039,0.03425165970504076,0.03219285556746209,0.08893140996476405,0.04461341337523958,0.026754393617593793,0.09384125936536426,0.0,0.34479441548023004,0.06800368710218292,0.032221327283420934,0.04390325866061496,0.20520702133982408,0.035200043375895565,0.01741962411194123
4596,0.21286960707146171,0.22696401894114682,0.03149091457087904,0.022940014904336826,0.33044464973701243,0.18690413399549988,0.008191126141841447,0.4526017164926431,0.06265532550073462,0.14124728084656338,0.02411258827138285,0.052185664266302306,0.13906699017253757,0.030876148316562147,0.02542382906255154,0.1530661022514696,0.01,0.3518821583988954,0.17506917567306612,0.024698284739701547,0.02629359785656256,0.30131656069041035,0.044266328315190166,0.019326644540584966
4599,0.20389375916023042,0.1081771817399378,0.038631890290252005,0.10706522885071344,0.38786332924854816,0.2811736063515365,0.1041107942849626,0.5872378020125814,0.06466252098577199,0.0912606522869508,0.028421309819382734,0.040506946138032414,0.09132337676360973,0.05829957443091608,0.035650918413116114,0.11770772337514045,0.0,0.21197097894900663,0.09363740460166828,0.002362329756881024,0.12777774460293873,0.2906853606816777,0.06890241423522575,0.02826973984120391
4611,0.20999416668186416,0.12032978391208973,0.02144502052817245,0.02407153210938186,0.3683608946701076,0.2318664643046679,0.04838094425198599,0.4667510775909961,0.06683289353971573,0.06862854335822917,0.010807363700479022,0.04065433545065133,0.12346053296635652,0.02152172133517662,0.027906038654762818,0.06709729380366411,0.0,0.16036636230541704,0.09568035038420308,0.0019987514179048167,0.02382590317529024,0.21739618362796762,0.10840901550352852,0.07583645962787734
4612,0.15804494707641903,0.11206856249832359,0.021221981980214487,0.02996873717982267,0.2561054413252506,0.1548789330449198,0.015858997903791625,0.45645722381620873,0.08123577553077493,0.11524598418698184,0.02272023602268354,0.024252582611125575,0.11067158693646924,0.02435427434696148,0.024433630114973893,0.15969906138886683,0.0,0.2949100709195593,0.07872593607694824,0.00339953087609571,0.016640422247821897,0.2784761263971388,0.023230326357788555,0.018642830551256945
4615,0.24012517137182585,0.1541222601553631,0.026397791307111486,0.034479703750466134,0.4463622223874983,0.18968474163958313,0.087515325454741,0.3230947834355603,0.11383894659018028,0.15383254382818676,0.01003925072746217,0.02544894837366853,0.1496733105643596,0.02863052392767547,0.024973487057882823,0.06294735361654996,0.002878694581280788,0.14185720061571971,0.09858570642820229,0.015695623815813065,0.021067347722491078,0.21477312485720848,0.024244693476190154,0.029747936390012896
4616,0.15648901255419323,0.13653956398692133,0.03180624228901804,0.03568869305064119,0.47704011165082727,0.13886878693731103,0.013202621375568593,0.4613161579416915,0.15021210490741957,0.09250557368692147,0.021212982690856422,0.021578084045962315,0.09895243019588076,0.04776694632961632,0.028959090610497028,0.07086642924205258,0.0,0.2452766055183292,0.06428761916254187,0.03467579334589987,0.30707002507542325,0.2434181018081832,0.024928167847103774,0.03891303305872976
4621,0.16680324810641012,0.1617643168062749,0.022344655011026383,0.028380436473382682,0.40093944779192286,0.12472721618875207,0.016263866890329617,0.5124811499299474,0.10881323390142425,0.08402943568460586,0.010900608804535911,0.023859289034268375,0.16236323526784646,0.026237924535320815,0.024385127027869453,0.0653708250724328,0.0,0.14547129414126073,0.08719410071233069,0.005608871257670383,0.02879034619015762,0.2066337794481113,0.03735572849884666,0.019421607146253926
4624,0.22434298844479436,0.09478155727185855,0.02505754184738408,0.035572688409423986,0.4048824819613085,0.41668446694378247,0.03769437889594848,0.49011857008271226,0.06130751771711261,0.0674366517349795,0.019450876125996375,0.02512992311148741,0.10361590517085904,0.2282252530076082,0.023767594304808876,0.09042921185976177,0.0005263157894736842,0.18949716201641792,0.061864965845103655,0.009378251496982574,0.0224651911507662,0.40509104962113773,0.026099025539705122,0.01935068013253353
4628,0.1001947639562075,0.08043464747541425,0.02389695842403459,0.037908919288075965,0.3889654453560179,0.1454602413496004,0.016489335933863158,0.6090823825595985,0.0637738202798334,0.08520147622558889,0.010491379087037017,0.023786947814175584,0.08074388899653487,0.24637046081529534,0.0299518628444666,0.07391488445039408,0.0,0.22954737983179768,0.04699534560436355,0.0073714079476173075,0.016543699025264993,0.20823856143097377,0.023142579466188265,0.017751872955318427
4632,0.10936980933986012,0.08824608384591254,0.02098470454229502,0.035928790310764194,0.31370551700776966,0.27373115038045226,0.02462284382429947,0.5584364483938791,0.07696866694739034,0.0690965745684549,0.017573371020023328,0.029506488710233487,0.18214964030479064,0.025505409847104997,0.02551312255386563,0.1992551683258046,1.034126163391934e-05,0.20413504813970618,0.07847766712098844,0.01531871671461962,0.016240674442341885,0.3762369466102306,0.021593297062333677,0.016441632508848582
4636,0.19266497672174598,0.11641352005527761,0.027094014003527206,0.03917340592465606,0.303737069057235,0.1372527790292133,0.04711007386734358,0.5114006260590146,0.06171329643821994,0.07730246499385544,0.01062241160264659,0.04130089139783483,0.11268749950644338,0.029141180279340047,0.024512596718192434,0.06270811067609779,5.6312784213043975e-05,0.14723408259540893,0.08974817329810808,0.009646722962169287,0.021682323469714642,0.27565601178965815,0.16038359530190935,0.024340058924749934
4637,0.14136816987001355,0.11011008302534657,0.02738191856552306,0.02916067853651155,0.34015552373763014,0.1287274031976708,0.021248955270798158,0.46281018495748105,0.06406425312289345,0.07878514152059658,0.01262527578824745,0.025558057984257435,0.11385346061720464,0.025005849358967946,0.02402768390251003,0.07794342591831034,1.034126163391934e-05,0.1516265180380617,0.05990761017758373,0.0043539368149238195,0.01901400901313711,0.22948708022755335,0.027669310172634035,0.01774501704295419
4642,0.19851626244566756,0.3333914516297739,0.10435909654495984,0.04316792684850549,0.37687762737915503,0.15831824662639835,0.005554597871685358,0.5570432639092013,0.17817024002857912,0.18540052340325552,0.013242204878301547,0.0840595181635866,0.09254330446576356,0.07505664829765464,0.04838761539271753,0.0815108898549439,0.0,0.3464859475380871,0.07415822472254227,0.030423692083174015,0.017191562143031483,0.24500530264993586,0.05317851710593917,0.0507407580096985
4644,0.25029906583814243,0.33699086472814643,0.04765738239268159,0.053149034237190154,0.29998269443749,0.11544759066619276,0.10784851225188852,0.2915999014000773,0.22837063579056388,0.3412605945004193,0.011026828198719463,0.09585289370751514,0.1293681240376082,0.09413479050928751,0.03135490070133435,0.06518725474461903,0.0100418410041841,0.17186064283326208,0.24466187186372287,0.008377133081038397,0.021708066888608605,0.21435787056971353,0.2459561650605369,0.020922022528674148
4646,0.1935290152232421,0.0926133954598452,0.023159223905875756,0.03960214080271465,0.3848855987956908,0.12721923898269746,0.02777954682218144,0.5002287662954678,0.06838510763461159,0.06471466743837162,0.011453441893038601,0.025800445370026962,0.09913631908112248,0.02704598075039982,0.025589971827615843,0.07095321033340474,2.1551724137931033e-05,0.15065860364869915,0.07030924171248365,0.013555125249484443,0.02167382907750082,0.23579335878528718,0.023673180915783562,0.021147804135275637
4648,0.14266020002702562,0.11789545215076196,0.02645655782972155,0.06592348763315822,0.3699709763941006,0.2571401934999518,0.07315571445291895,0.5338204411783479,0.10065561381415827,0.0934672718011921,0.015300823329767939,0.033923724309795,0.08846961513253426,0.03371896868324347,0.047106309032317356,0.07432008715443138,0.0,0.36466548504046076,0.051082942359763905,0.004788515474450669,0.03606911030875696,0.284615340186625,0.019725490795926538,0.13236120740165747
4650,0.15673931481944758,0.18606019601820012,0.023260091904531363,0.09149142068540136,0.32629694606407705,0.13110794129059702,0.08001018143185512,0.5244128526330257,0.06712547008596288,0.09574418516884639,0.011739187998576006,0.07031856396669826,0.09534058091599723,0.028524560582611647,0.024255138507601446,0.068503282043453,1.5037593984962407e-05,0.16481930120503907,0.06389952730285081,0.006186403861601794,0.020184010257465843,0.20257905643419816,0.2657514914542399,0.026467889222745712
4652,0.13838346306604393,0.09287551548684078,0.02030118314296197,0.033733328233286966,0.46586688657391834,0.2859655743039142,0.008985846944622063,0.5775582523152107,0.07832171467301347,0.06278251124650444,0.028363564512854943,0.02293405129027344,0.11013995866346678,0.024345490052905917,0.023964836208277343,0.10051959292802116,1.034126163391934e-05,0.24168401382025936,0.04719088378147115,0.015785952161144774,0.036151202703272454,0.3050797859589845,0.021024344849559274,0.017911186912025905
4653,0.1439347974747508,0.10282175814697511,0.02398236234134412,0.05601198548574219,0.3910734797294662,0.1243316021992486,0.03392346774359793,0.5040828169825324,0.08847268906096986,0.07328705125976279,0.013393305637009568,0.028056049037632005,0.09167876444008359,0.025774565285515517,0.02549549181283122,0.06246511731507573,0.0,0.14228704030598885,0.06546521995357639,0.006050842782529027,0.04420542956781714,0.2076953749481097,0.0292227339513651,0.03392615333324717
4654,0.22029494660900306,0.11349420476313136,0.021884503987539373,0.034102374539041,0.40477831312504614,0.3945405200920653,0.027167366437519148,0.4539624515174387,0.06598718383574113,0.06824597843071106,0.01870840935396922,0.02502401709333357,0.09539878218912813,0.024190454304945118,0.02473382359662809,0.10524366655641637,1.5037593984962407e-05,0.16499988624312212,0.07419634238099478,0.05638907696360753,0.01772054404100613,0.3101554480167576,0.024085668860637042,0.03760408966622248
4658,0.16356539699568015,0.0958487533532001,0.02087083458832998,0.030422233642195963,0.3744803600926803,0.2781661692330632,0.07579173934143796,0.515915145028233,0.0633486163049036,0.06640712951842392,0.02632937181146102,0.027368259023564153,0.24946995848366904,0.040985813938583006,0.024379012876459764,0.17227535115560103,2.188183807439825e-05,0.15973213408770687,0.06924821495381944,0.015305029233372965,0.01968194016489052,0.46911468601317885,0.034038041430562396,0.03543184911312881
4662,0.4138104885952801,0.28143924763155537,0.021987939418317382,0.05345256424229787,0.25264079311733567,0.15618148871717122,0.011780294051378476,0.46784913507161235,0.09093790183092987,0.06880978972893537,0.0227727722749294,0.05754069909806194,0.19601328316582792,0.020480472468482138,0.026159841955561383,0.08373875832858238,0.0,0.20442155081547683,0.1138600544460446,0.014113035386542466,0.01652227109143513,0.2701927941993015,0.15345835511953043,0.018112499102947315
4666,0.1928222993689258,0.28603992028547776,0.06565217317246932,0.08530654967434341,0.5286446791062407,0.13962875330773938,0.028703989522048317,0.5226012993381065,0.09699723785319915,0.11237868440739468,0.012071146892123883,0.03230686342652275,0.0863225595669245,0.02299351013816418,0.02607386662766928,0.06488746329916946,0.00037648337711749255,0.17620591763476207,0.10270171999779379,0.005915389261356956,0.029951228464277987,0.19900062180765546,0.09541448920520228,0.04794622974936605
4669,0.10369204627416785,0.0889424389561603,0.021369468431127414,0.03747113884392418,0.43345515035946897,0.12479790340520427,0.046485308489466345,0.5616978686255976,0.06390709231414472,0.06600056730250167,0.01152810023174615,0.025729142552023986,0.10335784118530633,0.029817079893726464,0.027597977264447945,0.06778083510805537,0.0,0.3209380020399116,0.04973649477999365,0.009905907539987976,0.017141719644069728,0.20811745485117117,0.024557531563786136,0.024448964914479315
4670,0.12906051369117924,0.08772054851989954,0.024115749869840303,0.04137413456251449,0.38731975203579877,0.12814804560054235,0.11897814515041136,0.443338478625291,0.06406561896015395,0.06376276639529671,0.01003925072746217,0.027730944211273836,0.09162864103383715,0.03233387253464513,0.024512596718192434,0.06074667470112271,0.0003384564364329549,0.14985628244552152,0.05861679206867515,0.0172855670249259,0.020841164823913193,0.20042543882039154,0.024434789306050333,0.018542244649867298
4673,0.17437940676659075,0.10971149906321821,0.021653949858394816,0.03482897376239503,0.3376952791433354,0.14099056921505906,0.020531000510372276,0.527110993868699,0.07997555169590538,0.06903680228884794,0.010736005749316477,0.02468480386891807,0.09945475735821763,0.029688315567582158,0.02635983385251548,0.06242238792374355,0.0,0.23895438867452537,0.051772567235935416,0.010992850248806037,0.017206893567734086,0.2552996859025035,0.02268775972351618,0.022111632674136787
4675,0.11044088314090837,0.08907520750147739,0.022133675637278,0.03442054995415062,0.40180307002142546,0.11663877053809134,0.11523265140238843,0.5030942948301808,0.06324596115720092,0.07121842305253392,0.010892427038902757,0.026596412795838326,0.0878241778795459,0.10362142940368034,0.05418589379617106,0.06043114853609454,2.5378855618881745e-05,0.3473718248729597,0.053465127888697145,0.011405989323881142,0.022884625664513023,0.17057078304636542,0.024055115317594907,0.01841319378975218
4697,0.10963381904818723,0.09351353488795099,0.021154066456282494,0.027630540420152835,0.414746320095048,0.12281938257107043,0.017170693809640637,0.6173563868083878,0.06382595506934098,0.07523161060778778,0.01208642155190525,0.020720969356912335,0.15699302581664734,0.031085216535984332,0.024699039509852395,0.07331256200528376,0.0,0.3406567974069182,0.048250755550272334,0.0033919109696206075,0.016702134386812943,0.1905163202438426,0.01850606975489802,0.10848669890047248
4699,0.3584619757383029,0.24023852512999105,0.028685075788535488,0.03542345553405702,0.356711841762582,0.5070891643639371,0.04221064149246616,0.5708870674051588,0.058114336574117444,0.0769188725500405,0.0914966348562237,0.04089429867423897,0.08460808119697986,0.033606820299981945,0.024214475625544928,0.1192674789787982,0.0,0.20347079970340576,0.06508675489290706,0.002982834629607013,0.03242313146287239,0.4200595450739737,0.0408408993334274,0.03538813791881454
4703,0.16894640159603824,0.14096587789373216,0.035360659545108246,0.03885583949933582,0.3613640742552559,0.17124129210342787,0.09380534645653141,0.32768036512631865,0.09170238278164534,0.13926048301889854,0.00990699816773521,0.028280094243526767,0.16087869658003703,0.03293680864372295,0.024512596718192434,0.061140717237676265,0.0005996983495782256,0.17272726117277937,0.07701789400961012,0.022107182468152572,0.020340275503953276,0.2102467056214925,0.024434789306050333,0.019376116374619983
4711,0.19119285438484673,0.14313201108045315,0.022189323862220247,0.030675994622649187,0.32699388891035186,0.15372294528557007,0.04580604040191265,0.5171885257435772,0.07964048716437455,0.07254548752951787,0.03368100007320213,0.025719073584254848,0.15006848618506144,0.021623576800883035,0.023814244909975402,0.09278188338160617,0.0,0.27327026889181194,0.16008181870460145,0.005900525960570301,0.01755529836709123,0.31654782560159284,0.03710997002590787,0.024769855190466362
4713,0.0765680071442,0.08326406790221158,0.02105741957083903,0.04871949908186905,0.4407679380439166,0.12878817035038176,0.03841070784980371,0.6298349423399717,0.11973288560218849,0.08302604445092598,0.01036593198422297,0.02191233208665891,0.08273719692133734,0.03954450131487103,0.027381531493933423,0.06749880118002516,0.0,0.3105931220773395,0.04397229204115377,0.00545436287257233,0.029368895733981965,0.18538593471807732,0.01992981043599695,0.016572531350351943
4719,0.16823263646282716,0.2593107933811362,0.0666347556495963,0.03731072585613416,0.36077660165493197,0.125502933130574,0.05124692068178758,0.41102756854054634,0.1332403868720844,0.15824883791320798,0.011493020226783179,0.03793732690155816,0.13184509471265177,0.02757726776933443,0.03550573135871776,0.06431459575738904,9.36544756866911e-05,0.22563372889135724,0.06818643825916683,0.0061739810485177985,0.020535921216750325,0.20958058102484484,0.022234240043327653,0.018513092665363343
4727,0.10410302818369133,0.07986728230888906,0.02107427995822565,0.06082318237222335,0.4669796488173602,0.13658616628935982,0.03950727770580741,0.5260008035447991,0.06181414273550831,0.06732640501506398,0.011070682202583835,0.031089578438894424,0.08181841360453745,0.032659324760199476,0.027109691752599394,0.06122219034353838,3.766478342749529e-05,0.38300626210873223,0.05097771363763787,0.0051531286354677885,0.01902300806558156,0.19729880585628373,0.025496829557148562,0.018786849542760744
4728,0.12946314233056516,0.10811293480208174,0.021438521058252485,0.030895665787604564,0.4890668235655925,0.173613152731095,0.024862625391849504,0.4947040676557558,0.06669464104005782,0.07890745426993696,0.010694015178632048,0.023076261912611185,0.10242017098892031,0.024498031664046988,0.027917439221131556,0.0645250031017955,1.034126163391934e-05,0.34121199475573305,0.05586597519637672,0.005294687547501311,0.022351085015841342,0.1995178120841036,0.027074575757190696,0.02106243870820679
4729,0.23961518914488952,0.20160315067905052,0.042376583629213364,0.042382373656091994,0.3256344469839484,0.19013272826386948,0.034037771795541676,0.482891520731481,0.09712960181026595,0.16641689118434466,0.012012800052037611,0.04161589182943493,0.22060700455371457,0.021867325001463166,0.02760945149695633,0.15710683673271206,0.0,0.16421283871956793,0.11032622713521693,0.004602214708047742,0.01910570473127621,0.33058271312543286,0.1238963750268022,0.04712580300088389
4732,0.17076778882774207,0.11696408722553725,0.022374389508311013,0.06753131728185707,0.3854768872730935,0.3139882991905647,0.049963043938855464,0.4490979764911303,0.06316206248704118,0.07828316805416077,0.031048603180070935,0.02860929629679051,0.113990335065935,0.038418444004392135,0.02448027225061705,0.08523159206798506,0.0,0.15964559584059912,0.06602722784489125,0.008608631378836445,0.028955909156502327,0.3297727249264974,0.02500319167678783,0.01967485557739927
4735,0.16241256487531947,0.1117273446525184,0.03231727980903,0.05999306024889796,0.3867417727312485,0.32740913032215246,0.03022499049951798,0.5743362249191526,0.0719881068988252,0.07359285496719245,0.011706482435288258,0.03030987471002571,0.08642236156415856,0.0360588250701318,0.04636202265331793,0.07404499305474314,0.000797464130797464,0.38651525366977313,0.06423648621069694,0.0052440137621133235,0.020687338738032274,0.2072605016988147,0.02859393726318522,0.025899947085290736
4736,0.334590763983903,0.20477771192808622,0.03845879691896712,0.016859544822384567,0.3723971629812374,0.16316268211336737,0.023252149101765686,0.3945511587891846,0.14457963201898527,0.1780684581238788,0.06415146730654421,0.019069602358066217,0.10160768679292947,0.01879171036738001,0.06635314492792471,0.17791662134248307,0.0,0.21970226395084821,0.2881145864720447,0.01116937739913878,0.04884587295697144,0.32748043241666364,0.034512533937757765,0.03885454834822681
4737,0.3031581452057955,0.24433771636428298,0.021790141552521063,0.029307067947708418,0.37469106274075775,0.16931451464493488,0.014774279247123063,0.49590344441738454,0.0737070270897863,0.08079820697891581,0.0182284548571705,0.03346107426743991,0.1080537975643648,0.020893882287794586,0.031181126107498548,0.07272770996170212,0.0,0.22266918521263318,0.15459742300134982,0.014350997821579635,0.01856329515155986,0.26723238244038716,0.07005395677468791,0.019665146027692162
4741,0.10068915517095194,0.08679930743565284,0.02133460302948373,0.03728048101617823,0.40768264407856397,0.12554272137971692,0.03371948490056683,0.5831582583090978,0.0640123048448952,0.06405737918990952,0.010660454634520913,0.024633519597649197,0.08357823741284451,0.027616338634426234,0.02527811016341425,0.06046923173381714,0.0,0.24124839890846458,0.09874876190039776,0.011005068331853557,0.018510575081924753,0.20493080005818562,0.02209371801248619,0.028996826356302154
4744,0.12585740499273088,0.08857523368364204,0.02411328567235863,0.0412959301807075,0.40166922121744314,0.12953340385291112,0.08528556625763843,0.5267238584986016,0.06406561896015395,0.06252297207809204,0.010459862459747466,0.025624085172806465,0.09063120376105278,0.034080475984103985,0.024279940203810028,0.06318221945193839,0.00017413504508807795,0.1687884672945021,0.05598324820770239,0.015429736937291487,0.020766364659546274,0.1973197409500947,0.02388639038791005,0.01934044314658823
4748,0.1217919026726672,0.09602141252462511,0.02413201609151402,0.06748945403483914,0.3800025557533149,0.11816209838642998,0.06629830634701245,0.5272927820223542,0.06419024803176841,0.06449476859998537,0.011505836827043028,0.023476469472539008,0.06920632802374584,0.17263719753538254,0.05779135307907497,0.06398569356085364,1.034126163391934e-05,0.40623785617196295,0.057188793274128305,0.009376753548096282,0.035030311265557564,0.16906510266499372,0.022350384829806523,0.02932196491754538
4752,0.24717135444413388,0.18524231954755843,0.044078267692893414,0.04662714394053194,0.3608714847748554,0.2096192794848629,0.03781400214202327,0.35447999961937504,0.11074629203228042,0.214852878079762,0.010632617773305778,0.02652936233300862,0.1358013196527731,0.02403854230415976,0.024155153592833004,0.061369396542910126,1.447178002894356e-05,0.15149762374386985,0.08055844459918474,0.011333911156816432,0.020396194386214584,0.2426704900887918,0.05203314718493079,0.01835060060813011
4757,0.1384051663661724,0.09702671639997482,0.021673755394198583,0.0353997293026259,0.42859955928634613,0.1330632293443189,0.03554065698383427,0.5007392881148183,0.06433925026736836,0.07445851632919523,0.01322519746213098,0.035345163203762464,0.08854777524457778,0.025122236721071847,0.023545892841366288,0.08275364496963064,0.0,0.1564497576410396,0.06372743249901229,0.01717657577549904,0.11417498127212036,0.20902930880795292,0.023124829426963277,0.02958165796086356
4760,0.23212237391511015,0.13120091073991275,0.02212991361162919,0.03796886929215871,0.3715128188844423,0.15775953761956946,0.04116134755781862,0.5298928053312004,0.0633325740210848,0.06346998210469876,0.011124292301952004,0.03350484103593152,0.09650153473908944,0.029804855387615126,0.025964576386464232,0.07692368039329396,2.4813041662862895e-05,0.19116974646972856,0.06344546877685765,0.024607802905687346,0.020493899896722057,0.27874447603749286,0.1402195401077574,0.02369847752987926
4761,0.12804251501732625,0.08995468100860687,0.01899385662538865,0.03346111183680118,0.40885457629628924,0.18614764903249667,0.02198776431008863,0.5014594457626257,0.1081729089231592,0.07923975026944788,0.012057105147067967,0.021837744087684453,0.10575476164676406,0.025654019905780215,0.025498748915010847,0.07788524837470663,0.0,0.26385562309533633,0.0583790184732343,0.017892649571517826,0.017149274540458996,0.23603724200628196,0.040476214411853374,0.016042779375711226
4777,0.1624369367511168,0.10979182815019577,0.02343950747496816,0.03461780843907897,0.3214807020886918,0.1803488720602998,0.0827690370156532,0.461297613250173,0.06454297401018788,0.07481307992481742,0.012598762079116975,0.03982227400912464,0.08524180406786494,0.0279075491848514,0.024023501376039372,0.07209423960153899,3.691943205936066e-05,0.14795630026378703,0.06181845161460649,0.012195785875946106,0.02004127792779874,0.3029026598649065,0.10918614648301178,0.019744090697729776
4778,0.1332849256113246,0.12205308786926426,0.02569180510291372,0.02967037298513163,0.3593411182730566,0.146019945289589,0.03679232068023953,0.5074158085760466,0.06248840181469815,0.07639928244303433,0.010487562733081148,0.039659937156040874,0.08727322606557278,0.0254667224760856,0.024482323440496473,0.06929012511412093,0.0,0.16150866902073413,0.06870778754776016,0.020847408515498034,0.02035002680509152,0.2520192599459087,0.16393844202246124,0.019446144217381958
4780,0.20356443858465023,0.11036980707273354,0.022613825552637908,0.06980769546294273,0.36262856986878533,0.1227740599124921,0.10306365024321085,0.5894904722369114,0.061204703372207306,0.060633047540185434,0.011180460595070938,0.03884223827568174,0.09111361126894593,0.030583594656939342,0.0262152241103803,0.06896977909990766,1.034126163391934e-05,0.25710430148956537,0.06696741978246677,0.013509369906363075,0.01967450757506167,0.18663171409601542,0.037747645459170906,0.05682875986146982
4784,0.13046790856740872,0.0990915021903027,0.024289430897727872,0.07632828541611658,0.48928780414435274,0.12595481661103455,0.23606409800073203,0.43497653120602886,0.06338593991135946,0.07728919647095116,0.03375300134970107,0.02868155964460753,0.11503063257065746,0.05438155433137411,0.024512596718192434,0.08403672598035623,0.01,0.23788804566017288,0.08195374137672298,0.03122391200407036,0.02217587878494499,0.18683650553602724,0.023119981146894765,0.01873842118642455
4788,0.14884213728242796,0.1429080449314036,0.021892492406455556,0.03960958130027254,0.39165519444978597,0.1346112921716678,0.035778289822133144,0.5912840207203552,0.06567269015753117,0.0644588180192317,0.021848646737167233,0.027045303086438405,0.1169714029342547,0.025782049438417425,0.026295772787254864,0.0818683718538109,0.0,0.1602048061868436,0.05882140474558411,0.006558610248915881,0.021284789534949947,0.2150900873685332,0.022572389905402893,0.03144209330775142
4790,0.13308515692285458,0.09663101144860972,0.023919523903916322,0.03980416752371447,0.3712243237044371,0.1320959639559035,0.10021251753152179,0.4478163003064396,0.06314980059340711,0.06376276639529671,0.010164704992052806,0.02840912995791229,0.09282620293726905,0.030178812083978417,0.024512596718192434,0.06101147748360052,8.492547712077528e-05,0.15092432916850942,0.06314591901899858,0.018686134836908733,0.020226903803322056,0.19804739931081486,0.029953633901198488,0.019645738396461287
4795,0.1869043989964316,0.19036305738752649,0.04696870473200431,0.021009924913880287,0.5091702951485058,0.14509000905586972,0.008474752075445664,0.5833665834035351,0.13618059929505885,0.07273673778563841,0.014165905871629414,0.01887274888027279,0.07788457866490552,0.019170925834415244,0.02374565785030856,0.09523334672846842,0.0,0.35157050126004974,0.06762310035564574,0.0027537458597403264,0.18809880076650753,0.21209159693210103,0.0220220524173569,0.10372025128464055
4796,0.16371377232719697,0.1479807782184212,0.030202119338300224,0.03114557817880741,0.44050578203146384,0.14972172093152242,0.017510923590618836,0.5743161086618204,0.06680329228098889,0.10147361210472988,0.03222201069923916,0.022731862138650638,0.12492691395239053,0.03399764127592202,0.02766830095406495,0.07469533322708324,0.0,0.3105337436552831,0.07446363237321514,0.0022122440279237344,0.040233452129700774,0.22236485231582206,0.025684196275686702,0.015798833916209544
4798,0.18116262246620998,0.13582808917187672,0.024976391691839198,0.035834574935558465,0.3262513416382341,0.14939494443493836,0.04583471975010058,0.43868815797783056,0.06460690438276492,0.0762381341925141,0.010620773281825122,0.04594045174120298,0.18165167897175427,0.02434327319118784,0.02619297513539883,0.07922519952119425,0.0,0.14963662231450306,0.11334710393175877,0.0059744391416850584,0.06533402393083027,0.2853093800689635,0.03748441303090664,0.03970513833979222
4799,0.11798288277533335,0.0791550662340235,0.021390383403319925,0.029252533413737836,0.4506171491115467,0.12935551063223505,0.009917200154732722,0.6402675499372026,0.06790041031677631,0.07589327776160648,0.021378300912179262,0.01982008872601676,0.08630473026989353,0.025026021655908073,0.024846357839809957,0.1010417825552767,0.0,0.29115281064126697,0.04539639495697454,0.00447444307164439,0.01728797043699527,0.23719197846781218,0.02025619198599581,0.017398449753150306
4804,0.17982335778849146,0.16498164543434213,0.022864188819675904,0.03214415634481236,0.30270855978967826,0.139606656023587,0.018299166577213772,0.3431019415388745,0.08546717758353858,0.12838153682102424,0.013992685359538364,0.027581782395110374,0.221808570731195,0.024666997904288012,0.024116727277625042,0.09438045188574018,4.800604506141463e-05,0.1639173582414524,0.07474540353400053,0.014454746429819691,0.021370409553349953,0.26193621667263206,0.025715150795057616,0.021322194783309517
4805,0.251479068033301,0.17563359800722167,0.03275312054189164,0.04820956283047648,0.30463420525424156,0.19992497278101193,0.026312979292578448,0.560936140390893,0.11767651926552646,0.09960874810086706,0.012602199641840329,0.08943608226404813,0.07803702536344188,0.08505605043573203,0.05222798457095396,0.12845594537344648,0.0,0.156743665373393,0.1278497136744098,0.001924047629062266,0.02320146348520283,0.3499842396919265,0.17535707005175968,0.12599892655981815
4806,0.13164322704756654,0.17796450609208025,0.08143807892260721,0.04564169535308874,0.4240655664658634,0.12738517969689092,0.047831320019673246,0.609554437323238,0.14683684654449317,0.1916313152873317,0.01132404665279111,0.02257282683806535,0.08934114528699792,0.04417224403659272,0.04308037241901422,0.07577936418825973,0.0,0.288434082163669,0.05633730497646284,0.0023062640236656755,0.03007209611657572,0.21656345803889782,0.04924468609294788,0.015489674489916106
4809,0.2045873165950539,0.22902288686557268,0.046018493247842185,0.10094992788823395,0.3611868054521651,0.23189278306674685,0.023420682959071668,0.6147217378390901,0.09486765075375468,0.07762367088018857,0.08060759783420422,0.0668151262113014,0.13723466372618642,0.034290428310997295,0.027135516102832654,0.1516726056200437,0.0,0.23147020063717352,0.09813148405669962,0.0013292233954556908,0.055894137229824115,0.29503909374276277,0.1827940761094727,0.03634054510200337
4811,0.12086671920336428,0.09147801292378542,0.023030270718529797,0.029342801666438555,0.4322783537565401,0.14210118921809067,0.013651927933895998,0.5322871378247112,0.07431276548055997,0.06451953435359911,0.012574666603139805,0.02401742788671392,0.09583478786905836,0.024388551399706984,0.024397925589934935,0.06667366959658462,0.0,0.2316664418752641,0.05500524916359201,0.015043168625137566,0.052897104497677,0.20331470799599077,0.022284256479328995,0.02754714161131638
4815,0.09067401967246537,0.09109493579464958,0.020188258955108486,0.034150148009894715,0.463530579156901,0.1189961084743267,0.02020693835100713,0.5473131895359777,0.064341287557369,0.06354382983928283,0.0119599163951818,0.02786547722892983,0.09077435420484228,0.07230536314541884,0.030397001849977717,0.0630161642387383,0.0,0.4063466606878087,0.04754778179380611,0.005487130885843858,0.017645492357710606,0.1764750233219651,0.019812417830387327,0.017551510550571803
4820,0.09391866664416842,0.09509057691071636,0.022857457929264996,0.030927370344540912,0.2944713732306817,0.11745764172833112,0.018982898930943612,0.5747427892800057,0.07316349981773979,0.08023395318759143,0.014927493700528054,0.023132257519327886,0.08805532523673973,0.03371706168640039,0.03189418976805249,0.06775139037357424,0.0,0.34077329418431723,0.06276891661888552,0.005051553873181392,0.05103411905047546,0.18109059354689847,0.04188784625631382,0.036287201515497136
4831,0.1506915999654689,0.11341174254209414,0.021911737529567148,0.06072679126047504,0.2826554069971163,0.14235543423319755,0.3744959642871483,0.4292019967499608,0.07247370540850141,0.06827073165287881,0.021448582298917246,0.04640820153301625,0.10004466465471834,0.04856538188101674,0.04100122279386678,0.10171742782461052,0.001086466165413534,0.21577976898904733,0.06098599301008409,0.015564448146542578,0.021035298461224098,0.22777435488077977,0.04044854920307005,0.05560359389866597
4835,0.12305796893948895,0.16709599930969063,0.019527694315862713,0.030306580277705383,0.5230364630216529,0.13136888233894473,0.034529084983207024,0.4984386635235925,0.18506620010858751,0.08601730103159644,0.03712628082166733,0.023511499783693445,0.09351188561488141,0.11759829461126563,0.025639726540289006,0.06284083621561862,0.0,0.2531206358318019,0.050790866427890935,0.007579250027540608,0.02193028389397591,0.2053735092835448,0.021086781291119343,0.018745927170536244
4837,0.2186768174104419,0.12433492714964378,0.02106682209630079,0.041786334832297996,0.3247592675553041,0.16528142655143999,0.014592297610528436,0.48825949913164485,0.06406425312289345,0.0690987523732182,0.01029919241367139,0.028700807977466315,0.11595688834931257,0.026639053980888575,0.025701667820822234,0.06483097150427879,0.0002857142857142857,0.21545644687910154,0.061078161112269394,0.007585569992636268,0.02306056548827966,0.24576683354459472,0.02469610094360825,0.020561888508867927
4839,0.12483979907368918,0.0853257905589278,0.0209401079305719,0.06820153188755355,0.42370963807134765,0.12372312228650939,0.0385148829956009,0.565976601949775,0.07516188178936291,0.07901374183864687,0.031226746764554815,0.025180171123564812,0.09909415689906391,0.042812609522173146,0.03938417888262324,0.11303913345585963,1.034126163391934e-05,0.35412677520517993,0.06058330510309084,0.004971020113263494,0.0211949627463059,0.2471636545904056,0.02282864103670041,0.018546519669081832
4841,0.3582220763154896,0.13475181175057188,0.015400666285894402,0.07579550989879334,0.4702232489015067,0.3785764868872348,0.1039022140170678,0.5622968091833698,0.06275140959686311,0.09033592698949044,0.013999504750959098,0.024388596026436223,0.09596198092710548,0.04989688993376143,0.0776088039521346,0.11331420232550621,0.01,0.3943794880062426,0.06934856343717766,0.011360549853103702,0.13918685358532956,0.36821217308519993,0.11043188001636521,0.04108074448022407
4846,0.22401489213092193,0.11830195077297592,0.022894637048566722,0.03455207822655507,0.28153316924911637,0.13343977997017245,0.017095395290544203,0.5192001825513024,0.07132696712527381,0.06946137955399037,0.011944108148862083,0.049923245604424446,0.0950192141216521,0.022853929375957153,0.02490362492617394,0.06742584635088149,4.800604506141463e-05,0.1760747631826438,0.08734772302237925,0.018060453640013182,0.020667173781760237,0.2274876664751123,0.20013727147785032,0.021229203031817866
4849,0.19951825020746192,0.18736676617688727,0.025850563844909878,0.02928033534409883,0.3292751308935419,0.12371888367714977,0.030474957313446814,0.4913337252667448,0.07474702881355264,0.10497247121262764,0.010232720035682074,0.02536393862963634,0.12901252634331478,0.10444102742005734,0.039154521180167864,0.06619839033197916,0.0,0.2778761572581235,0.0760282418259433,0.015937513785974657,0.017575639741600903,0.24327579483563674,0.04538727793180268,0.04805875546666878
4853,0.13580933613934065,0.139203602670288,0.029901867691990755,0.051092278702518854,0.5258290151954208,0.1304154385620574,0.0740666391476101,0.5173678227138472,0.06398845221564821,0.06349524433856789,0.010441307343675786,0.029583784967050986,0.10525790348241598,0.0363879143010589,0.023850136847204176,0.06190027416223824,0.000551694645092566,0.1503924630520754,0.06500976802834303,0.007886304825665512,0.02180815749833152,0.1926438869177905,0.029775545416118786,0.048486969070773274
4854,0.1294334159511359,0.09842869638174925,0.025406416916203368,0.06273325113033194,0.3633531496637334,0.13285952061462902,0.15343743110438862,0.489992895372894,0.06477984714456024,0.06423862419467968,0.010533265864842396,0.028425793493303958,0.08853900003731092,0.033391910094729235,0.024155153592833004,0.06697313133027744,0.0001132680400427297,0.14636460239654195,0.05888860551780309,0.013567902176682974,0.01932852782314735,0.19519578121729533,0.030332155388618127,0.03495855028064526
4857,0.3293656666668141,0.39115029535188195,0.05677310245327129,0.062278631802952296,0.3082196260603939,0.1488809418675755,0.013425668523131547,0.33569338981974317,0.11654011750295824,0.11604473175054565,0.014035753761688278,0.07349691536174295,0.10896398977315433,0.020015143861192478,0.032661782608291265,0.09437991609754395,0.0,0.19573838642882577,0.5577365111693525,0.0031346290583460427,0.019174744124477273,0.2445376320649237,0.04559196688325913,0.03057016550286544
4858,0.12896187608459925,0.09583049499102961,0.025288743820578906,0.036012623343586424,0.44435078456634974,0.1204143220493583,0.05269163450975522,0.5245900764807145,0.06486306713349346,0.06898332668121947,0.015114448212641362,0.02560506330866009,0.08695030712593275,0.033119522899187535,0.02584418858283926,0.062425279691750026,0.0,0.27643106519993266,0.06217768913709118,0.011395564641310016,0.02017060379801543,0.18116679835094504,0.02333370312181602,0.033000854058298584
4859,0.1910292959031381,0.183687229253919,0.0198956733816713,0.053070165515364615,0.4524085670386457,0.3021241950973802,0.054077991571191156,0.48987224056265644,0.09350262233998016,0.08307517148324826,0.012534505362632464,0.059457684792558974,0.1001529616927032,0.03163751150067555,0.023441044158056586,0.07109315505995056,0.01,0.25647262736616283,0.06714417449723625,0.02420415141174557,0.02066183478560538,0.22845107971120548,0.02802408364428147,0.14786250315462002
4869,0.19920838501156715,0.19963672350534142,0.034224171958009114,0.047735953564751486,0.31771932520876583,0.12479016896430845,0.04499122446031745,0.3472565426343269,0.11295025175213842,0.2037017244370656,0.010696445416639926,0.036897932895153106,0.17943526509193689,0.03268370015167007,0.02447641231970548,0.07258271949880533,0.0,0.18657885665344603,0.08371618340690723,0.004092969670917255,0.020182129792630694,0.21681703738360536,0.10584997741018197,0.11838065152632794
4873,0.15331626265179132,0.12388513041853388,0.022806136081728764,0.05018809195511859,0.3715085011612402,0.27820755906650896,0.04016274493624674,0.5093476166384202,0.05791819265537698,0.07223993896606375,0.019930203468429206,0.02780945108319077,0.22062964665316978,0.026173401792664176,0.029257280399267952,0.18853280969222014,0.022279202279202277,0.17438195070952708,0.11857275422078584,0.018081846580345406,0.027981773470758683,0.36362798314866185,0.03185120456473488,0.019397326863131364
4875,0.21524016405834295,0.11542122075335474,0.023462265350853516,0.05936743073962819,0.45715016463132185,0.17411266964463537,0.04135571107483309,0.4709265682314366,0.07719807130824052,0.08489924661774113,0.010611190340785042,0.047462917545653883,0.08527231069174064,0.03589243703114506,0.026890714564719045,0.06195557892367926,0.0,0.16692669966056656,0.06473791075362416,0.010925939011626973,0.02367888171062573,0.23316355054312723,0.030697190697606715,0.02015433635244427
4876,0.14050384667213994,0.14832470567722114,0.06290096663410594,0.025496932734609876,0.40808621703028897,0.14546109961377715,0.008109185719670696,0.5443866527750647,0.15157150082058535,0.07514068172403005,0.014103649110053169,0.02382764302152838,0.0686716722830904,0.022390772270919214,0.023882734482008415,0.06587665162658016,0.0,0.2685476827149098,0.061302311180636095,0.014304871567229038,0.01865221434224193,0.21553889445493282,0.025036476956257204,0.018808989578710567
4882,0.15445250151976567,0.10956248039072305,0.024634023637955745,0.03840464710473789,0.3066563828697094,0.46984887274725096,0.04429959358134033,0.5085466631473731,0.07533422269115712,0.0775485203617619,0.04686228086410241,0.026565361402090076,0.11966659795887942,0.025299594457104047,0.024155153592833004,0.20289404829002344,4.800604506141463e-05,0.25107758230234,0.07070631777305064,0.006396255937662821,0.020073082478914393,0.47174729617516953,0.03713110746129655,0.055262462870436534
4887,0.1497024381044101,0.1086619842991627,0.02088986048425161,0.036024468082728765,0.3826477581351924,0.22480986790759716,0.017820881498156315,0.5267590208316271,0.08699359535808047,0.06660962078916213,0.011452926023801753,0.03959138228573531,0.17324998152069515,0.024713285489923558,0.023917250126523463,0.08662590099661611,0.0,0.19572469724300523,0.08109901697455,0.011337734987002128,0.02301459332409564,0.3089259407319259,0.023322481551004522,0.027446021575374114
4888,0.13182531499930872,0.1013953132008969,0.021684478500004073,0.03844648906515451,0.5137809511450704,0.14433856110173882,0.09069280421031112,0.4733880260709465,0.07772326021267144,0.06515937409696221,0.01097944207860279,0.04677800057775057,0.08810971976140687,0.031784032472469866,0.0246935882296422,0.06058997615280365,0.00012016973740956914,0.1751662944720931,0.05906689381997663,0.024847009477510628,0.020114076622179625,0.18977071695205758,0.029200694331455793,0.018074162697378448
4892,0.12127233677374395,0.10733594617409448,0.021756882201167484,0.045837533539675096,0.3715178665954466,0.2040083601247166,0.050443004215315,0.5139163198738594,0.06285162971117955,0.1042815641247877,0.010674215060365028,0.04012009324286349,0.22736173791450154,0.033593213640310336,0.024788853196673805,0.06258590442032251,3.766478342749529e-05,0.20669853428435325,0.0701227602770384,0.009595561060495411,0.019589649034207648,0.2130923012883648,0.09719659934862518,0.019974907068064703
4893,0.1568010805293445,0.19278264925862496,0.044366334469964824,0.058553997202615664,0.32854874260153477,0.11663615580102667,0.07426517987683602,0.5995379708861576,0.06298877593593638,0.06720136134719906,0.01361617865408795,0.06454057867834641,0.07963954659530702,0.03382403387308008,0.0357904224778306,0.07573652688970728,4.1841004184100415e-05,0.33370121698276095,0.10362121129092366,0.006719621088802783,0.018233821384293043,0.1959012171138237,0.1678428557589082,0.03961965427403256
4895,0.17775908667989743,0.10162341497587471,0.0242912690734837,0.04181319946807605,0.34058343530717566,0.1276943562315685,0.13650192392272278,0.4515188379238378,0.06230115881640751,0.0851286587093139,0.010518233544095765,0.031636980874268264,0.1357027100782443,0.03196399295655847,0.024512596718192434,0.06406941465014249,6.491290570566066e-05,0.1420346449088613,0.08870277678878523,0.01549868316749495,0.03764642685541951,0.21967721916506375,0.05223106108666559,0.02029906538522159
4897,0.1466218705190781,0.08711357777535612,0.023697125941815264,0.05636261382791155,0.37505637450592993,0.22920420628565133,0.15858015040845966,0.48305077435104465,0.06406561896015395,0.06376276639529671,0.00992986930778691,0.02749862768748407,0.09220306422709684,0.03589758671079664,0.024512596718192434,0.06554237273542352,9.143960727374391e-05,0.14633018893921498,0.0580828631433325,0.013723435890193512,0.020043675499595383,0.19313612617482637,0.02640989538250298,0.020536455033824574
4904,0.1331633823056583,0.1118164079556642,0.04084014773088945,0.031711947731925594,0.4252528608078596,0.12891639790539644,0.023543882617305688,0.49778883978561983,0.07180202460737123,0.06359770697991346,0.013354847959922027,0.02357247169089402,0.09932697620401239,0.0259195769990266,0.026955999375699802,0.06844252053798605,0.0,0.2676906484459805,0.15635656193227931,0.007397122561691599,0.020076478854941383,0.20295957180286442,0.025256268462993094,0.01957039643357792
4909,0.11815325694592577,0.11951573496899431,0.014513262900882428,0.02650039192627041,0.4856470522950776,0.1602777313676518,0.046131059246458384,0.6413819979013201,0.09953263323010672,0.060979491289876675,0.014165841430012467,0.02018755256219542,0.0628740966591558,0.02010492576475709,0.03680536246938615,0.0879270659089235,0.0,0.48616610035692914,0.05345260453228653,0.0014701914847233969,0.02123155957995434,0.18992913159546299,0.08815537095341379,0.028648204681469953
4910,0.16708315562624268,0.11384338910192703,0.03290001637543921,0.02731772328021893,0.392271904529184,0.14608597072482807,0.01363222976776163,0.44911170505671266,0.11406385001031015,0.06745136424686941,0.01054143311279209,0.023764820861361172,0.10107158773331043,0.025360735676117588,0.0258859893484009,0.0697409470400905,0.0003007518796992481,0.16545202242684898,0.06376035102243727,0.005032738143807417,0.02046619586830608,0.2099833258408766,0.036868244385504935,0.023375969280322068
4911,0.11083006204224692,0.12672286697636284,0.029712079819942998,0.04660151553948241,0.39527717032573123,0.12422137080473859,0.00935823355692844,0.6198384867777531,0.13145880206044697,0.07251621540815936,0.03335676106961531,0.022680089207536613,0.13200848393872341,0.0450740917922694,0.02487726130963821,0.09970063516919593,0.01,0.3779408594670486,0.08166499058518845,0.0008230982580906391,0.041146627100460215,0.21850515375264246,0.029968915835426838,0.01621010957034406
4912,0.22032119895065505,0.1407455161350684,0.03173492355352384,0.024613692173106147,0.34152148793923476,0.19821184407159453,0.021020260003838224,0.5223097186484413,0.06498917231531365,0.07703374531023495,0.01132254811669654,0.02559009476533296,0.15458515020621924,0.021413304160821392,0.024018604628445676,0.07821270360906826,0.0,0.24763893352022306,0.080479193193346,0.003508182391402764,0.04506160469029849,0.20823169275365772,0.04254547804161505,0.019720113983129162
4916,0.14543067735990722,0.1491413411571814,0.026608444023980545,0.0288137261528268,0.4063845193515184,0.13857033456189433,0.027467093839593754,0.5830877453233715,0.09158385961219655,0.10831950253442343,0.02264311381250153,0.07246671202527773,0.07181551383302684,0.0379253953150878,0.0664440576720712,0.14347385073045976,0.0,0.3741009625941056,0.0664462792145902,0.0043916969386169815,0.030462827378803115,0.2141332785463608,0.03342971206003543,0.02465458420178286
4917,0.10410558638362424,0.08298705652622118,0.021574697061985414,0.03654517275515216,0.4262427987883088,0.19356599532915555,0.06135698311763467,0.4644212347457537,0.06411047509300215,0.0660731449458622,0.009949018675442895,0.025367020921616485,0.09674750975633341,0.03100928334740267,0.027403147919874443,0.09937979337560197,0.0,0.2043696937489809,0.053942472232699164,0.009308433910073913,0.017628857419111216,0.22613098607568446,0.021924595375581467,0.018034894668904747
4926,0.21212726298095422,0.1612172969991922,0.06424911146005323,0.04999215771664889,0.3407941097323073,0.2934362412933888,0.06165703545108596,0.45988133332540815,0.12300411416064555,0.11873641830553891,0.044981273232298315,0.053758927322442814,0.33616196812685084,0.01994706815463078,0.023308613022180305,0.14566806945844674,0.0,0.3554097190876261,0.10675557684187256,0.05096283595056069,0.01774804878941987,0.3972500412077792,0.1095892319329292,0.06027645815740514
4928,0.12571067790645293,0.1409898267111538,0.024249852189048463,0.10108751710953355,0.5089441893703625,0.13266326195992736,0.04955844671951268,0.5064107095770859,0.08414601141716316,0.0657629452488759,0.010246944398162167,0.04371051895482994,0.08413042762291419,0.048517606781745395,0.02907835755053465,0.07088320116506544,0.00018018018018018018,0.3375666784080359,0.0857295440613031,0.027240327864722805,0.02400440643452127,0.17468215120764846,0.023677577070321348,0.018372409459319256
4931,0.13389681086040378,0.10114508633496051,0.02411933964458914,0.037175043601995424,0.41055082016752487,0.1307135562538929,0.03886566954081271,0.4889717877529125,0.06462260080903791,0.0641558315259733,0.011631500633333116,0.027358051775404263,0.08952847434445163,0.030164844143056917,0.024512596718192434,0.06145357248365844,3.635361810334181e-05,0.14728256859402952,0.05882316747777934,0.018721278212784822,0.022337879686281252,0.2006116185119881,0.024615968703838663,0.01878441490483441
4940,0.25361953933752945,0.22365827027788826,0.02152917087438115,0.12301325842861172,0.318948652375312,0.13056421748697403,0.27224604212576164,0.3913974313825416,0.06302142168369743,0.0643940093790974,0.011070567722970291,0.07217802776932493,0.10381533128217374,0.07372504023025968,0.02560632606859245,0.068732291865759,0.0011433342108194285,0.15046725188356397,0.08027985457930757,0.005924618054543913,0.02083710740656334,0.24984361179073122,0.09721586987283981,0.019179304556475308
4941,0.16180080314314726,0.15078445061759957,0.020792689130147805,0.03845401966402331,0.41250113476505,0.27663963063770364,0.051093248544713636,0.6256009281741313,0.07823325233574342,0.11755878725547854,0.06253577434016426,0.02612918626145541,0.07658144129173572,0.031143313983353106,0.0613831540137619,0.16780060847242467,0.0,0.22101069344545746,0.05634422254786215,0.007366617297243752,0.043406701875742165,0.347834676654185,0.02981039816370457,0.019515863920404674
4943,0.14080893022282026,0.16917290001110608,0.02869429076600183,0.07952941697805258,0.31164397996612175,0.12845037587116648,0.12109201775701654,0.6774679311767835,0.09611909580975635,0.09456858450321107,0.010631087497846255,0.03595797116328888,0.10081267621868259,0.08195960050994039,0.029233724131171132,0.09379250616147887,0.0,0.27812854307130086,0.06230222674441635,0.0013738928749688281,0.03807243009011937,0.2135755411008467,0.03380951710517363,0.024437200889231715
4944,0.13152646285912206,0.1259658220431414,0.021079010783206877,0.03378283461361968,0.3086919831499788,0.16237721929551166,0.009529863841317716,0.5170821580097773,0.07888195179640758,0.0943590451703475,0.03393011852497541,0.0232638614614396,0.1611945695228886,0.03303535998135829,0.026052373666817997,0.15716296057818574,0.0,0.35842515245068407,0.05722747656151442,0.002568790108187882,0.019317278563532193,0.2887241795477915,0.020487973771798892,0.02743063851107804
4945,0.11866041581346036,0.08542301582325852,0.022665454848970888,0.039497138642242274,0.3837492833249644,0.1299842608500491,0.06755972496337578,0.46172583173322385,0.0648623869121465,0.06758942696597471,0.010203773719787548,0.02750089509648888,0.09367885070978303,0.029995546539437572,0.024817219823723854,0.06135602150810431,7.753759398496241e-05,0.19239747281095482,0.054793621388231815,0.013040310765669498,0.019037013672570092,0.2014758802278404,0.02289893114579715,0.061943627067943076
4946,0.12620236139971458,0.09958345101675052,0.02247796911407731,0.029843408703193845,0.3528817213388356,0.2614680929575299,0.014343949373951727,0.5141682297583615,0.06456069296156847,0.06386287019171792,0.07001058795013479,0.02377317201021748,0.08341298928155418,0.03344066144312597,0.027424281010806364,0.21109557991820757,1.034126163391934e-05,0.3396694237493174,0.055179151818148586,0.013723275044826153,0.020538144069381863,0.3575785697572769,0.02672935418858828,0.01650080579483625
4964,0.12886262128030426,0.08847501847946532,0.02307902939590136,0.04332372702896938,0.37169509470117795,0.15187195279454904,0.08956269354558559,0.4890667404715,0.06497495869490398,0.06565995793165674,0.010157533102575982,0.044483236361575224,0.08394096187544581,0.036356345353308145,0.025690597415989256,0.062242524636574516,0.0007066916398319258,0.16949497664274082,0.05767715228084252,0.013558080194799085,0.020236226215850254,0.20773165313514372,0.023875047826712886,0.01968274329436934
4966,0.12575096718191542,0.09841611875608085,0.020466830701296516,0.035779731903589525,0.33110478958078055,0.20980583167851324,0.021989852256332845,0.5538086796543764,0.06361599725466079,0.08127136658040873,0.023472186884955826,0.027960321479514834,0.26166867602244664,0.024835879608285708,0.02896195222388097,0.21283852839096076,0.0,0.18255801104683148,0.06774446086700973,0.020198564345456475,0.020032133640024624,0.42688976019039837,0.03113106318998073,0.01798357167444644
4968,0.12486264538683646,0.08008443937803887,0.02047347602732965,0.0789034501863915,0.5350460998298483,0.13396284061084449,0.008600185249817802,0.48097368747753577,0.06344195209754329,0.06445640257360102,0.013391007314058803,0.037493816463494326,0.08988740185585475,0.1738554782176718,0.04630425968722958,0.07422702395659721,0.0,0.39375098195674596,0.05698886781673014,0.018634033629350226,0.05436109494994726,0.1967044578562524,0.019995066973842256,0.017093909429071876
4971,0.19938054303107974,0.15137539230406938,0.02284232351246803,0.03658193527428765,0.33572465625997816,0.12422921377497703,0.2129043309435372,0.398791625211038,0.062438065806673465,0.09179412552904781,0.010225553304500751,0.02785128064886555,0.10819420844023332,0.02990735399125491,0.023870822074381706,0.06274296639298761,6.775339770742578e-05,0.15923936813762501,0.19943391331541488,0.011342469940619288,0.038328954431358246,0.20542294131567865,0.08030047096787009,0.025788364043337023
4973,0.11367596343966405,0.08398198158666953,0.018599129117708772,0.03207817589106643,0.4203559848570499,0.1536398357786796,0.0172278106448326,0.5080238781976633,0.06228618658988972,0.06400764463521379,0.012583249706118413,0.025055517265044635,0.08741896050050109,0.02507355314721949,0.02579983145221344,0.0754674406153568,1.034126163391934e-05,0.2750181551334713,0.04573623778209597,0.027200114840284447,0.04760406535318498,0.2248414400193225,0.02004063535286784,0.029168299935564787
4976,0.2247642237144033,0.11471273362289841,0.02329855120308058,0.04319992813246031,0.27268270887656093,0.1667948579913006,0.07192245479408517,0.5356387176421754,0.06158984504602604,0.06109963035605018,0.01140074462955877,0.06953212307189782,0.0747166023427666,0.03040095227670409,0.024569840626522982,0.0686297309134673,0.0,0.15431403578227953,0.05953752267056058,0.007742936179796655,0.02020036237458099,0.28281045184520875,0.39627701269867294,0.019285134055811802
4979,0.16817886474934224,0.09830707966952104,0.030054692637844552,0.035836264642772876,0.41057915061902434,0.22725632532942885,0.024904268167216737,0.4625426702851921,0.06672024904434881,0.06531467885626344,0.011174834815132156,0.025821016962103198,0.08329847154557407,0.0259303404431888,0.024973487057882823,0.06203044810427803,2.1551724137931033e-05,0.15690882723601607,0.06496259257553462,0.00989707809856346,0.02247400610117746,0.21432532746145422,0.026518377884810918,0.02133175191970432
4980,0.22394281990345502,0.13465391462850435,0.02771918016659162,0.047434969100966624,0.30806634819532414,0.34045036347791824,0.026369978510799964,0.47363433199967564,0.0884394356804983,0.06844242136245865,0.07209216997767948,0.03110464140575688,0.21118795387363662,0.02209908268018076,0.02461727837785605,0.10758925904720468,0.0,0.21605170926440195,0.07731765266133582,0.002363088396573152,0.02431874185958256,0.5988439561052253,0.035902459947291215,0.01915509153851504
4987,0.15265260566141406,0.12419402834232124,0.04144525962640191,0.04324948152157513,0.3426939485687961,0.2764145081304148,0.04588724927200429,0.5584474408240171,0.14221263986838945,0.07956684100414564,0.0115532902258669,0.02575703343839562,0.095921745745517,0.02390897680998254,0.04362801923703835,0.14457133902923075,1.034126163391934e-05,0.20016391783282522,0.1761522434879847,0.00972137973816557,0.019546590070068905,0.2979759185779384,0.04279297600921226,0.022257269701860295
4998,0.08884335592655714,0.1619262691511032,0.09917758727714412,0.03778171224468405,0.3897399702422713,0.13481384267825766,0.01311819580755682,0.4698481936531731,0.2112900197480074,0.2570273327203499,0.030891805693917695,0.023044431172591265,0.2975429802656632,0.06581553282533807,0.03433423591396427,0.11588495523610515,0.0,0.5214727208927039,0.10901490413855135,0.001234715953759845,0.018150517788342885,0.24968220765911353,0.027460761873557508,0.015486647002510526
5000,0.10384464196096317,0.15506457438226612,0.04660136582663661,0.03405420711122482,0.36877718083520983,0.1134731170915737,0.01854654331250338,0.5231249196868148,0.13008998018580697,0.1502670790436469,0.010846997175256945,0.02503006530794709,0.0944718006271081,0.029179199515700895,0.028245400127491046,0.06221050777676636,0.00011542932883237319,0.38556136525177837,0.04947014088300912,0.0111152750905765,0.017754171723566976,0.1778787783337269,0.022279681680358723,0.019220283379643405
5001,0.19467075226625843,0.15586491150025372,0.03963296083693477,0.029732291660900585,0.30971013164337147,0.13306194069901525,0.017972734808133297,0.5431256181070343,0.10543361588161787,0.08557779276861385,0.022752440934617243,0.046459130424644945,0.14039366096602468,0.020982018734119978,0.024605371422127344,0.08338800629599379,0.0,0.22060786613232583,0.11474455460822101,0.007340341690498429,0.024058699193050048,0.23678044232596673,0.03499703324174204,0.01886915536114531
5002,0.1625964129337377,0.11950564964894017,0.04845262851790594,0.03268443760489042,0.23562370866731816,0.3224995853878908,0.020092516499593392,0.569448332384806,0.06995808083262248,0.11058312035388948,0.034920792222827554,0.024251545810459248,0.23884260286772835,0.023315279649112994,0.025141819923427254,0.20299879857311795,1.447178002894356e-05,0.25664187551536644,0.05734397737769583,0.038770621325127624,0.019402250952866087,0.5149227329996947,0.031228176368043065,0.022863488257553844
5004,0.13085587325512646,0.1119699227851629,0.06004548777172882,0.03485176515547015,0.365545150786295,0.12263258075510874,0.01931200786390732,0.5894129051839802,0.1215963923983488,0.0812583710321837,0.01271109472307801,0.04586243244570696,0.08088158774950444,0.04244069826283965,0.024657526927121164,0.0692162212873953,0.0,0.24753845682247091,0.06122547160550562,0.0032113298368645184,0.030797894951583075,0.19410380974357888,0.12192153497883434,0.019126230803083087
5005,0.11533036703990537,0.09079699027420157,0.020450863148728893,0.03271441840319756,0.4393230003383256,0.15556025867006057,0.016696030444853825,0.5230778423498487,0.06656457752715443,0.0630823654778005,0.013496555882450174,0.023775717886474625,0.08237378463628449,0.025172793413460983,0.02616348994237291,0.061634151350147784,0.0,0.2328012752135735,0.05477881076972393,0.00542396323036924,0.020624101485206835,0.17920117522608617,0.024056715081811904,0.017464426804635474
5008,0.1786517825722655,0.0922495847998446,0.018318447279824953,0.03145977043440125,0.3651243311116389,0.25494196650193485,0.016373671221878855,0.571648681181848,0.05916629712082837,0.06323407521100934,0.016271161960923722,0.02242801861678304,0.09024912664241343,0.02281478427375943,0.02545678500968567,0.08706744176796656,0.0,0.28116584104929565,0.11542291295887618,0.006196230363579575,0.017055963585814925,0.3099945230377048,0.025871022067662404,0.016921319697400673
5010,0.13744880575342094,0.09600521168811404,0.023760193531591586,0.05241197415185584,0.41282926322807284,0.12973291265367487,0.02523946326797958,0.4841730651086176,0.06477433203029512,0.06403175150403849,0.01192453335108705,0.024887858519809694,0.10487259980604469,0.02440932630708037,0.02425565941089541,0.07702104212453645,0.0005639805729011795,0.17179396376718162,0.06068412169731359,0.00881660381411315,0.06911644524470612,0.21675552794919922,0.023805512356675572,0.019495959234623536
5016,0.1326857638310316,0.18063405008329705,0.02855245328370231,0.027324275858029053,0.5411539972846349,0.11907683338721123,0.013596643919912409,0.5852529152139389,0.2617044399294101,0.16562176238341503,0.019989407750055362,0.06649871275570617,0.1123214710193594,0.09604953167385487,0.07674601810893145,0.10944058959650015,0.0,0.44876612421679973,0.059459052946799075,0.0029159560770015748,0.02911651538852555,0.19432248000538632,0.08880790096528468,0.02090840169915424
5017,0.15333663167489345,0.09060455124159913,0.032076671405950996,0.029210982148884554,0.43104082798320253,0.29283639547286033,0.01653676757128604,0.494279735317895,0.06293125769256337,0.06857687573198751,0.029635355523943262,0.03438525780295003,0.09962390013146917,0.02611657281669503,0.025953249715849166,0.11952120704611496,0.0,0.2947427094045467,0.059339444248326656,0.02343870767005187,0.019269498914136197,0.2594776740945399,0.024374097457129377,0.021764962832844084
5024,0.22000338977418457,0.13467925850140147,0.019017208318827843,0.03511622790084974,0.41066253159545185,0.14934424152340034,0.01918042893487565,0.506229447701423,0.07880431688591401,0.06988125770363499,0.011889037571924214,0.024138817377125456,0.17397929484514735,0.024804895386717596,0.035086940558297884,0.08406561725553863,4.1841004184100415e-05,0.23657097372026922,0.27291859583283284,0.017255650425242165,0.045496886883356416,0.2444271232972729,0.03868390002128402,0.04164344123233195
5029,0.12529051928151202,0.0926497076552292,0.02109617750801075,0.03555615973379569,0.39181279463101626,0.14025004640702518,0.04408338652295479,0.588283486745051,0.08763624038495475,0.06521421124927283,0.012731656355301647,0.0244519945648052,0.11335957289627287,0.2904670176718639,0.024033112917084116,0.07779758005014105,0.0,0.23979160277113615,0.05247271045305326,0.025930485667095295,0.08913437019609426,0.19961633993899738,0.025170728247046376,0.02705718564137757
5031,0.1219594681581169,0.11279264445576997,0.022026054389683927,0.035761358869591656,0.3404412686767849,0.11895595061657924,0.033184933564019595,0.5051101600120693,0.0636554601161929,0.07583113399707844,0.011740390861996521,0.028320106559532987,0.0953311224456001,0.03551793806730461,0.02709187486740435,0.07051443878085123,0.0,0.35217864766574425,0.05960400708281829,0.007425645143158895,0.019964600841041482,0.19090126528283616,0.024283626009567124,0.020137580755622827
5036,0.257802653102063,0.24160594730900342,0.035929301757369,0.03717510964298054,0.38502566684990946,0.12490670646145198,0.0750792581387663,0.3977474662745587,0.17376387765042187,0.2200302706706016,0.011592466725604387,0.02889321764677406,0.14442975140854614,0.028600705136313524,0.024701120370630148,0.07208936800832932,0.0,0.15780121587422838,0.12965481757211325,0.007699827010511655,0.042449571931877234,0.19645788597554925,0.03997007324629733,0.020961071270912082
5037,0.2593852875333051,0.17799504936611754,0.019692825220179056,0.035838402345224216,0.26870320832165073,0.12276525857356907,0.01781080614919027,0.5920922508998593,0.07200071750661938,0.07538382137783642,0.01126423001636974,0.06947404723873449,0.07133075682442498,0.022099816883071544,0.024216822357872793,0.07053922037773262,0.0,0.24145890048520474,0.06783664655474944,0.0020537285009033382,0.01859632428290405,0.22949996210866633,0.35805589424382234,0.02199348915238118
5043,0.1825899436240204,0.13657401090869226,0.026616424826275017,0.02591730219741073,0.3354899011807955,0.16440177808921752,0.01640413260259959,0.46771399381768247,0.06792247140421163,0.07386982828236321,0.01476385969365148,0.031197401934006077,0.11329926942006038,0.025630312970385635,0.02438875478209865,0.10119632632501341,0.0,0.1491356103479961,0.06299236554453871,0.009424203088234408,0.019715313998215137,0.33083504033663685,0.09770473496359518,0.023554231573489997
5047,0.16001039977127798,0.12460466106227268,0.01952932863150763,0.030714744858796855,0.33688455686080226,0.4421816956964348,0.026016314504801644,0.5067097841959294,0.0625691574236063,0.062472804476194896,0.0281327665933513,0.022002169144613996,0.17463509356473064,0.024899419426414614,0.02477876667618086,0.16979902865179647,0.0,0.24811784844032375,0.05408613446815214,0.005679200747667527,0.018130363397106948,0.49303543360628876,0.02165856687591567,0.04746228386641975
5051,0.09570590169568607,0.08754082791026414,0.02055442258956012,0.030722437084548773,0.37979323466070464,0.13152833504999606,0.014990811859102657,0.5321105851505249,0.06174947876043941,0.06530559078551962,0.010491928193056025,0.022722028126594285,0.2136833127558875,0.025973890642713847,0.025139333274386368,0.06963274446905406,3.766478342749529e-05,0.22029995247967116,0.07448241216917079,0.007379548426078547,0.017468830962646054,0.22813153244959786,0.021924192860829663,0.018421699972369785
5052,0.08517421986374664,0.09146758922708513,0.019710556660067137,0.029604533217066513,0.4166596148369439,0.14853675597062693,0.02569579231206555,0.6223758423512986,0.07820717524994186,0.0843348724955551,0.014601645412072657,0.0295627848306724,0.08309148530804801,0.03641084844246436,0.029823549867556975,0.09410144932966487,1.034126163391934e-05,0.4887862784877289,0.040525368100689504,0.031501146473841286,0.059559778522183464,0.18900000807881676,0.01942991655539012,0.10343401253473704
5054,0.12649848416028006,0.1037853715452916,0.02299159707551679,0.03616852181098021,0.3654017442633291,0.12048007335845429,0.03433797724568443,0.5115206075180311,0.08332210276020323,0.06688353965232575,0.011841629405159277,0.02821320179955367,0.08380197361924012,0.035606661673756444,0.024672311123892385,0.07734080912325007,5.218226581801976e-05,0.2328443013462449,0.06359238225419092,0.007726052524638858,0.09280152458929848,0.20170036839007463,0.024309593957470402,0.019674957025446346
5055,0.24715262558480572,0.16345891936854373,0.020296153755896683,0.02901161663053636,0.3053396467991116,0.20826383818362704,0.014295476128988436,0.46408311422351667,0.06477705352515824,0.0927610568392434,0.02210598390771982,0.035124693206503466,0.10737396521291583,0.021665410349826317,0.027443080319647553,0.07331371809454464,1.034126163391934e-05,0.16364667967927565,0.16604622397955426,0.003148931941321677,0.019598672813771242,0.24760832317280912,0.04308129742290705,0.05432413464960826
5056,0.13151846710160184,0.09583618967005127,0.022209764812767735,0.047626523252422046,0.3727394182406571,0.11756544595506811,0.05474748374085624,0.5339392011574418,0.06397150679269731,0.06581376971023539,0.010871158141926528,0.03374554384186057,0.08478924667704348,0.030414262600577686,0.030347578727805958,0.06410014687695106,6.339272832203145e-05,0.2916218942604682,0.061936982977155546,0.009940451038192251,0.023149673231194642,0.17612951207841726,0.0229429154241131,0.02854971013605856
5063,0.08960359802527122,0.1707630471638198,0.0342119219977804,0.033671036978613525,0.4433534972276976,0.13075822503416576,0.016464142352856717,0.5830874656231592,0.0807235139523184,0.11759181298314396,0.023269813045381994,0.028319626053645953,0.0855756412279488,0.15270661881513234,0.04699631580962943,0.09105468595636639,0.0,0.4391372894447942,0.06916725955121615,0.012168160499365541,0.018298022304102646,0.18515232972776263,0.045752435623988764,0.0259455271703858
5068,0.21087304775865573,0.15323516596024028,0.031096736964399255,0.03560498329163714,0.5788245350891114,0.22405936654280403,0.026784587681795632,0.5430689191073079,0.12798202567760955,0.0753090844782048,0.023240332315974985,0.0276186049138442,0.10430723854182312,0.03206192639883347,0.02361319526039952,0.09132980395081818,0.0,0.20000881931540665,0.06343145169769321,0.0044449728255181445,0.021824083416796064,0.3229179617477021,0.02812799059554628,0.01962502434054838
5073,0.1427365105973731,0.13297499860806042,0.023178061249208546,0.034906246320752385,0.3923022103608392,0.12664263629593406,0.10065163897863419,0.4430773938557577,0.06875959877896735,0.07093315825268431,0.010166439497140689,0.026939465780677897,0.09507051869179996,0.03044797396286787,0.024228265199741132,0.061073972088760316,0.0003256357198272003,0.14566638159230777,0.07323121037032097,0.012097506621459758,0.03511618724670091,0.20211585814971308,0.023645093027437385,0.01872600689710087
5075,0.1920610067997181,0.19471145163548445,0.042410979809130465,0.037616976620449744,0.3326044349926443,0.13600387292800406,0.01257851382689882,0.5156904029286395,0.1303617501690161,0.0656358596221957,0.011912296820592779,0.0248313516025096,0.1383084337256374,0.034472125611834936,0.025643321787970283,0.09096241149021927,0.0,0.1941180418465791,0.0756813408606362,0.033880027784317826,0.053134266819011025,0.23953938158881485,0.03918075790251971,0.018952519752807928
5078,0.16103893502430475,0.1093667403959099,0.021517204480289678,0.03445630681483418,0.35940375918574413,0.1709433048908887,0.06478769890164426,0.4760153249012331,0.06353079072022909,0.06677824263330502,0.01003925072746217,0.026568017521299767,0.10356147507190384,0.0390402979891083,0.024973487057882823,0.06907901352765461,0.0,0.16784970255365095,0.06370097485563665,0.009770238203300328,0.020156790940768346,0.2822783514202534,0.18918982105261328,0.018549774533633778
5083,0.1357683076251016,0.10019809795551893,0.031294031879979214,0.029604763862026776,0.3597340889739185,0.12923273789904993,0.04344448471554047,0.5694955084070502,0.07008182934604083,0.11730518956211372,0.022402744829000714,0.03840406350061203,0.08965367126659929,0.0242115826610816,0.026721019360938344,0.08344177817730229,1.447178002894356e-05,0.28204821197320995,0.062427325382538035,0.019212357326981667,0.03666334550710124,0.25611332342800497,0.019773958842418688,0.019359217677178985
5084,0.17277238678348014,0.1948123463766445,0.02225729276519073,0.028511596177392823,0.3500701908740642,0.188586143528602,0.01586505429941097,0.5522171085078554,0.0825276817493047,0.10598840253979992,0.01257144145185024,0.022405059934998847,0.11300019757299515,0.02426294804733364,0.02532894509421666,0.08492949478905293,0.0,0.25549521053040497,0.08604440926150153,0.003978693132515073,0.0286976391937355,0.29484864236306335,0.05277627038635889,0.018461869725858705
5085,0.27277607404011645,0.09470864558343109,0.02222879900608564,0.05450008575764444,0.4062002781771214,0.36475119297125835,0.035809679342915,0.49031730479222396,0.06294217017321001,0.06408506578216018,0.010952168282380903,0.025532824699018502,0.09751634918015772,0.026080838135404023,0.025947679271685314,0.06858401028554982,0.00047429782723900374,0.2249350115445092,0.06085812959955751,0.007234891912246166,0.02011275838650669,0.3326709732383605,0.023417992749195676,0.017738040402857935
5086,0.11692257788559282,0.1042403992497833,0.02259079573361589,0.025986532356504867,0.3465246339389175,0.11947991147307156,0.020651776534203154,0.5490064227084652,0.07271422213241789,0.06573689335870644,0.01291740625481349,0.02407140234410208,0.10789316501040037,0.022620942500855175,0.025069531690409357,0.08120898958419658,1.034126163391934e-05,0.3272279373437813,0.05263331277357487,0.013348759261750205,0.01926008036294665,0.21781454303131265,0.023415487558607534,0.028639728174934116
5088,0.1026401331913141,0.09010712973291174,0.03146162697332903,0.030327734538349506,0.5215790260148533,0.13481348734191673,0.004643897638892114,0.5483337009470064,0.062075554209019265,0.0720081633284054,0.011775216529042643,0.023554997858796712,0.09599372546679882,0.03189544666911976,0.025978643103004156,0.06660282395473313,0.0,0.41368008555712293,0.045854042825449935,0.00403993170681979,0.016505576449939392,0.17532285239483553,0.03608536546966973,0.01868822858250636
5093,0.1683957140153494,0.10654284938608952,0.02159130629705882,0.027161683975381892,0.3717204854959874,0.3567982792866032,0.013541397331751614,0.5154654226075186,0.05790424753897761,0.07646604995988143,0.04540850839611408,0.022719499913133805,0.10391226147896696,0.02195195810830172,0.033543147725582485,0.11342258538528198,0.0,0.16240159977863058,0.0774907149422733,0.015894772865442885,0.018984565077600147,0.3549285894946276,0.024530734329855503,0.01956187886596507
5101,0.2215561785225946,0.13118961100646007,0.03445637254250986,0.09237626439124953,0.2744668597512364,0.14198092009720825,0.1581064640120054,0.5541420273462526,0.06191046105065062,0.06620612357751417,0.01092270540694843,0.13100656563033822,0.10286488279068244,0.02936463539202602,0.02938169971382891,0.0770580789010402,1.447178002894356e-05,0.22951476400476295,0.09140598067707821,0.006545113781802744,0.0568628562000383,0.21210231134392354,0.24599080396849213,0.028566594396202905
5102,0.10000383884169917,0.08536674061567538,0.030555467244136474,0.028087906989240383,0.39704445505162445,0.2919238255768719,0.011447632044105377,0.5573308510567032,0.06163022639840439,0.0739781298597024,0.029896446585435266,0.04080476081720762,0.10733850642380036,0.024645132884288122,0.026229537063330133,0.25428461040482064,0.0,0.34388744527825676,0.048446591816464206,0.012723212488972497,0.018354604120880004,0.4921998777127303,0.02204898595009793,0.018062416557370953
5104,0.13938304262835594,0.10407989641202114,0.022698263878939754,0.09327478388585693,0.3780680700912608,0.12978689633928753,0.09672168731424753,0.5325458345735994,0.06792954154675467,0.06643183419837172,0.009954668803827565,0.032220316266216444,0.10266318532986951,0.0308836320999182,0.026259126591457366,0.07195844805684812,0.0,0.16124177000064857,0.06085993353865704,0.013150581191151464,0.021006784799402975,0.19933871780577703,0.03251795601198938,0.017064018166750988
5105,0.13693662609701632,0.10484124292193414,0.0228028567309594,0.04094240571013053,0.341576197287232,0.12642388827818762,0.0582910884657905,0.46351831742972766,0.08578655116208726,0.06881461811583722,0.01115380811945562,0.02887007108911583,0.10947692718148427,0.04130032396552326,0.024155153592833004,0.06166804039795028,0.00047389406764083855,0.15183130474249526,0.10779151573869677,0.012591225398840212,0.021661543685248596,0.20596432072235626,0.03148467896842787,0.019103617333982355
5108,0.22067709349188352,0.17961994634739054,0.033732884021846134,0.026109372874865266,0.2749501395291112,0.17818942137144564,0.01831482638877092,0.4426310431443323,0.06685913579793351,0.06623466151982163,0.013647314822922798,0.02375172750837762,0.2217163041878409,0.022209085672335146,0.023339583541279095,0.12590667437903905,0.0,0.1498839538410469,0.18522539491607992,0.008254905110480288,0.039614239878818076,0.29734700605662195,0.025461653321463926,0.07694014671704029
5109,0.11629111877954623,0.1262045539260893,0.022493565659479447,0.03077538144190718,0.4146422840258524,0.14502550083420154,0.005543871624107958,0.6787612677125301,0.07627834141879658,0.0651999290861763,0.024264203811414226,0.01817284116980026,0.080750299536165,0.045872886477204736,0.04608893169170034,0.08053781130318596,0.0,0.29645391618144457,0.05917716303738909,0.0007320413252843123,0.046030662081760765,0.21493923512011487,0.02315422607946359,0.028979658630705406
5110,0.16529244612671662,0.10547421541045572,0.022947059126091202,0.03288771850133672,0.3815281522444838,0.2979426862051497,0.02598673867204317,0.4399913449318785,0.0651148998877562,0.06349870115186446,0.021576588564210995,0.0264834104920397,0.12462255229894378,0.02523289162719845,0.0270984787638659,0.1721917259398462,1.5037593984962407e-05,0.21304947392445647,0.057302446080946486,0.014417075646960254,0.052438719840046576,0.33598986170584316,0.026283120605234432,0.030215605139464106
5115,0.18551342743599386,0.11245101868770861,0.021282471231130057,0.03505724839454082,0.3399794718949299,0.2830635786369543,0.04851726125962983,0.5039761743574794,0.0630630674034739,0.06770754204291114,0.03151407547078429,0.025912158453249,0.08768727355842795,0.028750098416245824,0.025546151573693252,0.13496726368383277,0.0,0.15541838110199024,0.06640883051896371,0.006354823376945921,0.02049103723864224,0.2994123569308506,0.023246365491011566,0.02838186544655326
5116,0.1675256885709989,0.10093320066230067,0.0234596114776694,0.035815811089575655,0.34684059809264267,0.13189663046102776,0.046510200456940834,0.4849544293992835,0.06929485105131747,0.0654962250744387,0.011229058357556174,0.029577631132162618,0.10213613468726407,0.025248032646549984,0.02563322153131413,0.06973924631619725,0.0,0.17835330355186532,0.059796941912719406,0.0105310957356001,0.020653350897860197,0.23715132180251405,0.09735543485425045,0.01942592099862505
5122,0.12957178437720213,0.0968234425173644,0.019580488643345672,0.05147899027637843,0.40748691211593974,0.17396780522068472,0.01612287299639402,0.6716965178699248,0.06162554639964588,0.07486519670762597,0.012848597831454554,0.024049567513487725,0.08747261667339994,0.059317205276005175,0.026761463425220497,0.07923529930848777,0.0,0.3174916592221514,0.05335847962226881,0.004678542787940516,0.01845512725555908,0.20105525818899736,0.025669758988417935,0.0187298841491263
5124,0.13598723616496503,0.10172085271122762,0.02147332149410278,0.036486174607600425,0.39267861180012203,0.1259215528336271,0.032509865343798294,0.48684290789736573,0.06704295228107957,0.06512781226992664,0.014045913206706166,0.027996831683818276,0.13670458094598448,0.026272049322668512,0.03406683121754148,0.07369771220835697,0.000778405524168236,0.2349873852466453,0.06167085654363609,0.008116935402565442,0.02097493286355532,0.21185922049411773,0.0432923769074205,0.018897602235830594
5126,0.09951453264987598,0.09667744088416144,0.029351037116238696,0.04190254879856667,0.4411927932984373,0.12808755438678723,0.010003167446858734,0.5971532638415806,0.0672231443741767,0.08955204397492142,0.021057179459502,0.02222291371203007,0.0846604966947517,0.03454993154195509,0.044669703565189775,0.09833320032302817,0.0,0.37308097345592905,0.04379665105546375,0.002816431972705952,0.01576745936042379,0.22189244334704694,0.020985198573812515,0.0191468782520907
5132,0.14074083083358946,0.10430471091436282,0.022109365151674224,0.029018753440697993,0.40953478174168695,0.1776912671111161,0.03994149307411946,0.4552415476002475,0.061854815824665295,0.06592664978148519,0.010596570152181439,0.030229808842070414,0.1011922079046968,0.02908909670396516,0.02637094607195656,0.0672947947374254,0.00018018018018018018,0.14896571190433577,0.06104908881792013,0.02084957863401361,0.01999951438060566,0.2799977802227373,0.02834502927730899,0.01890827893289882
5134,0.12562989648433714,0.18217522483969043,0.024202398060322698,0.038015242563036275,0.41054704643474926,0.12331495355016471,0.09974094215791,0.4718610111524519,0.07583962105626811,0.0646229295590018,0.010157054232006947,0.027628014718581978,0.10100888695125587,0.03228092468568016,0.024616043932523396,0.0614029509688768,0.0002397268016820737,0.17442358237220137,0.05768776661772321,0.01216169887510872,0.021673047610121524,0.19657622400458444,0.024429795805110097,0.025139196046343355
5136,0.10221217548376643,0.08466176101492198,0.02010191909358672,0.03518661556271716,0.3656230656305215,0.1267228775425057,0.05273859626734675,0.7124386770439937,0.07780904232210459,0.0940900448328155,0.014276766676021957,0.01778076249037681,0.0720768569153433,0.028671668838577694,0.027787728427083862,0.08549758779391077,0.0,0.3195026541336412,0.05551504938889015,0.0015125607138561923,0.01590985076850521,0.2149663239316636,0.040703150411046066,0.01743873661803167
5142,0.21407009383501607,0.16312197302480339,0.021035671466881404,0.03390714347269711,0.43391907845206285,0.19102375163542124,0.043364714005116746,0.46103552914923557,0.06387569679704834,0.06888042410749784,0.010525198716307516,0.023686350852277643,0.09136684879680583,0.024983930392248107,0.026556737833002247,0.06271243065699941,4.800604506141463e-05,0.19358246021241765,0.07050827060037372,0.007154415148418398,0.019306469251799664,0.21889960413563497,0.03443079907562987,0.021329838458204745
5147,0.1433690052038382,0.1948819490489608,0.025819187680361847,0.0348056434479065,0.44935878781083216,0.1279161918185754,0.027679388973544647,0.4789831682082664,0.1939256330411994,0.08727395852920368,0.011775024146667812,0.025487588123989748,0.08598518180122022,0.03786549677163686,0.025972541135308877,0.08075747761910718,2.1551724137931033e-05,0.15872613145756148,0.06730884933361252,0.006404924285520816,0.03159980039687875,0.19867881087892417,0.021917021665811873,0.018851205026414217
5150,0.13621137398153274,0.09497049230407464,0.022830427704726507,0.030500228279862002,0.4562176473763252,0.12460579700445683,0.033873226546688756,0.5270041166688487,0.12736083030588088,0.06659403026710686,0.014515278248163656,0.024207227521348528,0.0875615331161258,0.22207172983543905,0.024498357885177905,0.0682549163317316,0.0,0.19471479628046445,0.05922782592415981,0.05739222368113051,0.02114508757699707,0.2017804612468486,0.023111331701931692,0.028555654107783005
5154,0.12642181194174865,0.1141489140013347,0.02725633492898676,0.04712602682703438,0.3860837182081535,0.15161690197336977,0.02440180508236274,0.5582132948138923,0.06578231692052224,0.07560368592464539,0.025349785599337284,0.029160979952464486,0.08559464626378223,0.023070440599525358,0.044590234230856556,0.07151542856260588,0.0,0.15959898337187742,0.07140579309862197,0.006440645716432412,0.01915104339117563,0.22189493814876562,0.023598658186529328,0.020413542659503098
5160,0.2681237985281593,0.15063078811169095,0.030818614503182927,0.0824382592629474,0.34587548149974395,0.25820410957746126,0.051928937233604165,0.4603476355480682,0.058009619222103515,0.08640366092026969,0.027692979790363063,0.05247858606972172,0.11091444344677344,0.02312292014687354,0.021648412027556983,0.09123813948953302,1.5037593984962407e-05,0.20647476506253135,0.1681522221609848,0.007554757698839768,0.0353468047034347,0.3302617316444901,0.27338344047922014,0.02192240846318263
5161,0.2900447203214968,0.31970263328127624,0.044908084866930355,0.036612221741489905,0.37118407805580084,0.15051210310450103,0.03545620256681283,0.3130821921008421,0.09479279626984725,0.24310443062327514,0.010809894209959899,0.05388134768655466,0.12754141575337985,0.027922319287545846,0.02493543782216256,0.06140842705878763,0.0,0.13729458782557447,0.12241974912767965,0.007052291158861086,0.02104454027028716,0.28557900506174333,0.028058018893655383,0.019595097404932066
5163,0.13847586883734245,0.10237977337332399,0.022404933162472572,0.03312635932730065,0.3817214443836538,0.15577672011531601,0.05485737459810367,0.5256640014437979,0.06641833319571867,0.06674466304769842,0.011158551307159162,0.026058410225864,0.1270161398276328,0.11094715488848399,0.03331044229254779,0.07175009964841043,5.1813471502590674e-05,0.22442305370789695,0.06079171764568615,0.01136258581373701,0.0292541600274892,0.2228152203055348,0.1837432881211643,0.019474202257149065
5172,0.15503385964380698,0.10251436075418571,0.02405991646700629,0.03980025144305364,0.43503045694315867,0.14452922521966186,0.06954423193839655,0.49532497764892214,0.0634565860468472,0.06522103430919253,0.00995995557327715,0.026771801354702838,0.09421887077199909,0.04905339897074544,0.027351604904409445,0.06011213849380859,2.1551724137931033e-05,0.1628198680676997,0.05772634451299963,0.013866107720572755,0.032106331557872715,0.2193754953042167,0.024614414837404078,0.019312423809593856
5175,0.10220604680404825,0.09641878630014246,0.01898991891178152,0.02944233273491665,0.38560354236425226,0.13850905796801688,0.016524994951995515,0.5806792950606563,0.06760919784024036,0.07644120081170043,0.011815767136033734,0.03129138199039878,0.09166669454799091,0.027455731134439915,0.038959548863548445,0.07368996898331258,7.950578761159571e-05,0.3380562871538252,0.05815552601675566,0.0033847812788408123,0.02199945214900651,0.20165390808368958,0.019690454272950998,0.01703501859033671
5177,0.12008128937602233,0.08631741822912506,0.024120213163790264,0.04044692719480078,0.40687070175815265,0.1460680661454084,0.023768708330357265,0.4817907932702357,0.0739839915815764,0.07506804845979852,0.021949961612156402,0.02477198709365249,0.17330500776494268,0.0277012200228147,0.028150177240636,0.06724110701361802,1.447178002894356e-05,0.2456624285802578,0.046935144798164415,0.026864040026810868,0.018545168648940954,0.23218775592046356,0.0203521462085908,0.018671821852503427
5178,0.1391366076794234,0.11840473364365428,0.024322150675887996,0.051853472771812605,0.2706861140765794,0.12102808939555734,0.03700290766973621,0.5410566051071701,0.06341681536077355,0.07452518655825627,0.011775146395292525,0.0791401042519878,0.11211303625394432,0.02488180447191923,0.024632985401656184,0.06307704042476418,2.4813041662862895e-05,0.16730526893305966,0.15955098198326054,0.019274274567060184,0.045995419079759785,0.21157346807702537,0.27410758696926485,0.03445900542465061
5179,0.24109781286234067,0.1510173401346924,0.023655614116431134,0.08396701912121897,0.37477567784832916,0.13845888371066453,0.23460840939576005,0.39636796555530973,0.06493007468422152,0.0656916001958084,0.010604126323301688,0.08448518724445316,0.12161318062646728,0.06174942564324036,0.02338311685637613,0.09156866291860419,0.0,0.13102839757312326,0.13000312273292314,0.004670898581434101,0.05789065357510289,0.24181231752550467,0.291231995230709,0.019269304808207745
5182,0.3717901031640494,0.22083361176489738,0.02954985519377616,0.024428595381294563,0.3044090334653434,0.16048536265006672,0.010840426628057738,0.4659933247682981,0.07412612571585764,0.10653961224607256,0.014298805872879414,0.02332771149360024,0.09664694881233019,0.022530864366381666,0.03322573980406997,0.07185435608657928,0.0,0.1979496485250845,0.195624655468355,0.012844438056268866,0.028338228586959703,0.33296596748273893,0.05994049278804443,0.07338785521893276
5184,0.1958015909230777,0.15616368708746012,0.024112954400472886,0.028090442238977276,0.3403329908893084,0.16351738288896572,0.030406434007303838,0.4490049261501367,0.08700593539066173,0.06801468635110162,0.010177818500757359,0.027401168128638277,0.13072947386273046,0.024417703804645627,0.02386273273123415,0.0755507554445215,0.0,0.15100949253595178,0.08797224059268535,0.007229636413450146,0.020030632353091504,0.18722477548554736,0.026527289483073178,0.033295047280783314
5185,0.11805787832788056,0.0890467509740451,0.02304707160673793,0.04356874794568891,0.389032460957819,0.12161167456509007,0.09296088554897,0.510827950404723,0.062025488513865176,0.06453046500949279,0.010065352511131416,0.02731170810767974,0.08663647552119905,0.034201368683462345,0.026700239704008033,0.06094739227004771,0.00022485828245375795,0.25299415918960777,0.05574485778474341,0.014199779397047281,0.02384822964577906,0.17312142607536665,0.024045930509366292,0.018502843919594118
5187,0.13921884808654764,0.10310547439263683,0.018764479737489802,0.02703859566171171,0.33469141154069,0.29309127882681746,0.04042165012089722,0.5360422238711634,0.062366576168476025,0.09885333938405352,0.015728124830114334,0.02547175057908267,0.15845305572113916,0.024271702580348487,0.029706130776034238,0.18116732645701147,0.0,0.30815845247086726,0.060393776741631135,0.028651937767369528,0.01815788338856561,0.3194412865045705,0.04957012611482149,0.016568762044979625
5188,0.10398618595184647,0.08446660818020708,0.0210842484330932,0.03688497593021322,0.4105747508683681,0.12700753367369433,0.06425660961818846,0.49760159597206655,0.0633661926061452,0.06376276639529671,0.010326598636535893,0.023994285690267434,0.09027301242815605,0.03141332084337687,0.024817219823723854,0.06129041495260923,0.00019673497488545465,0.3119157119922805,0.05152683430218133,0.011659877304683361,0.01787741718347446,0.2016323196588513,0.02235841749688573,0.0174594541416844
5189,0.09917086482851378,0.13534875378356903,0.028602547765801623,0.07506989309040671,0.4375313824682597,0.21260981605793788,0.038991688294037624,0.6525535335020226,0.0591840137232407,0.06044826331071658,0.0611227975008378,0.024689780709390118,0.07965566467272811,0.049504379321247384,0.05372457167710742,0.14056951078219773,0.0,0.5307405271611266,0.05375127042346142,0.0008757530651938116,0.04446252912749242,0.24357868113369738,0.05698715721970296,0.06747116678901363
5191,0.15500528351298062,0.09180181354129352,0.0189641103450774,0.0581141750667412,0.3221644080795764,0.328028682751501,0.0188174100383201,0.6144929110604029,0.06399773839060145,0.07527085642784409,0.014933789003039509,0.02788363973507537,0.15516911681682274,0.04425455744598716,0.024863758626057116,0.0804385690207522,3.766478342749529e-05,0.2676508787358209,0.07397286984627732,0.0053032633903178136,0.029447734034590792,0.2943469544822386,0.021103350085626808,0.018745230743734253
5203,0.14054183365486939,0.1239957850272112,0.023624413305407904,0.02899105191167002,0.3977924908889824,0.13034403392427568,0.049788631297148715,0.4451250724332978,0.07512193287272201,0.06839350167149373,0.010824065224504074,0.026970249496366526,0.12314302765062932,0.02314178073471121,0.03813879505769617,0.07508644326792772,0.0,0.27118920436540406,0.06460141522231996,0.005173558789594509,0.020144929758570854,0.20375588128510838,0.03510773270083342,0.052394936875363396
5207,0.27746865510371416,0.11167389562622038,0.027604475313814106,0.08006818663314862,0.34374901663304525,0.21663866366503307,0.029162038456127304,0.44990943904882064,0.0635268739313632,0.06589029936298732,0.011714407498534352,0.027376136632311615,0.10589302047614531,0.02622128063366618,0.024512596718192434,0.06918742860221541,0.0,0.15575395319881027,0.12525461533671808,0.008294810279465666,0.02321232588416378,0.33033031810650226,0.04035278096643403,0.01922689590877673
5208,0.14589503203476475,0.1429427298745038,0.023631336982443688,0.03546916406374549,0.42733503029036973,0.12371757385874348,0.05378130120022982,0.4742712716912007,0.08491395122931808,0.07092713121402451,0.013081230814738007,0.027029717163094227,0.13229188294998934,0.02773105004063327,0.02934023236634358,0.07371011203491948,0.0,0.180336463127237,0.12173840038311473,0.02395474862805687,0.020745568759893036,0.2556656609470537,0.026874754774188974,0.0937334919291342
5209,0.18978747936403256,0.1093280420336359,0.021562052051511835,0.037658553796925655,0.2439449713822529,0.4621478750087671,0.011070419469620238,0.5792362914345941,0.0622893937649493,0.08945295249915147,0.02501343309921227,0.02394819661578648,0.24679340960958082,0.019401319386477177,0.024968418569680115,0.2837742510304401,0.0,0.2042573752359088,0.08565563792837885,0.004620360080789864,0.019955830932971222,0.5338294621061445,0.022101273364065043,0.019711256975581508
5219,0.13417667534338432,0.09976926533281023,0.017194510789287527,0.04618710168321063,0.38474131037154763,0.1149044513251603,0.012569203608618422,0.7298753136824666,0.08175316647065488,0.10092162655853969,0.012052639642635343,0.04020879909589704,0.10033304846905299,0.02203954686533019,0.02523838665076866,0.08392966198649214,0.02,0.498655477805739,0.12399219107329756,0.0025830526535356503,0.1568166971208538,0.1720405966092684,0.03573307498430002,0.017121802671104136
5220,0.15052852484559076,0.12405242899359377,0.02123400491563698,0.0633198812253518,0.35277080728362853,0.20021982102507566,0.023120841703003405,0.6016836638027524,0.07143147467321746,0.09166938978708455,0.0901102549881402,0.062244631922202406,0.08146355823032064,0.07815533302038373,0.04130251552544224,0.09698936950363972,0.0,0.3561610408406828,0.07698873653437814,0.021489683794708125,0.06315221949499017,0.26788399309711,0.08387821783154106,0.04581505133102695
5222,0.20923285187788906,0.13666125700098541,0.019639929507454613,0.02511013350225114,0.47590505890056156,0.1884684523310269,0.016301873724639513,0.5822517795317045,0.07472384632165506,0.06506954534566316,0.025615493141856627,0.022359148373651015,0.13570420051013432,0.03796505981918038,0.023950669206080116,0.12243163233216146,0.0,0.21888802512526656,0.12358010223477997,0.0026106565658928368,0.06737760682287543,0.24997399710632073,0.02426149612239621,0.0442506675490192
5223,0.13422923605258621,0.08887573730738672,0.018446273555544165,0.04440189683992436,0.21582729768389616,0.4983542267518494,0.009427853553470823,0.5906302555163532,0.05678041277750138,0.06739845044131858,0.045750948019284275,0.027342245110342514,0.2485832274375249,0.020493133317866844,0.02426593802111461,0.2492708023834064,0.0,0.20226173759543475,0.09652599634847812,0.003707617157901793,0.015756016776722847,0.5640725615243417,0.024744410544534298,0.018281735908034814
5232,0.19901675035139538,0.10987814147414915,0.02178983095079076,0.051968507237586635,0.5317925136015714,0.1732752214281811,0.04753266901156459,0.5437586922238178,0.06383868554474693,0.06401215445890479,0.01250564667063641,0.02692063424933966,0.0892027253505745,0.03742477219419835,0.024456738965370296,0.06474424670545256,6.685106548755308e-05,0.21315204769102586,0.06102753366379684,0.009746124586174656,0.021165425886309902,0.26384844759036735,0.06298640667831934,0.019348516591177752
5233,0.25572600448617494,0.16844706070525423,0.07535988004362884,0.05329888141821476,0.36027436430914284,0.12815296342730959,0.02568549858325402,0.4895237708418836,0.11003866019423754,0.19388507956325934,0.014940109389540586,0.02595618904588196,0.09562174827486114,0.024107846237336937,0.04976768986082734,0.07768225813397468,0.0,0.26864525691654306,0.118155758384993,0.033655165503069344,0.01973045329318669,0.2103600816655193,0.03620387438982926,0.018614097080552318
5237,0.14364121672230834,0.1100545829335245,0.03214671776534007,0.09562431084040021,0.30484799749555314,0.25961840852589035,0.06191805713775731,0.6009436734580861,0.05986175965714053,0.06561876872382384,0.027361259026496026,0.07211773156105807,0.10734271076264189,0.032703747443259185,0.02742409260626239,0.15635428724552156,0.010642662806236167,0.16348603348496699,0.05957551365865294,0.01947136708428614,0.01898592285315669,0.3618677843557003,0.0251991778365448,0.09923568179265516
5238,0.11679994971858036,0.09442570213257094,0.023391891171372726,0.03823930317838574,0.3968378535781263,0.1240735990159185,0.06050467769963351,0.5245821475533742,0.07025596791985557,0.07285748232737865,0.010088231930030138,0.027667120009051555,0.13675699880025005,0.029739045771826483,0.02435506614853693,0.06386631211559905,3.766478342749529e-05,0.1710907966601107,0.05615476801210773,0.010234897428179537,0.018818959514742998,0.2162556826030227,0.02350696887453601,0.01815462655182172
5240,0.19368600171072484,0.08930090502190258,0.02430167500191728,0.03813422288456578,0.38888251592491735,0.14250943811466568,0.07178760985518623,0.46170578210411845,0.06406561896015395,0.07534030135812472,0.010505902495800084,0.027363021901958173,0.10320294546376114,0.03112543276798525,0.024512596718192434,0.07211565330284389,0.0001557866990233857,0.15150199838546358,0.0792937751276473,0.022151649080711322,0.02038768311663304,0.21171382669694253,0.037611373594161376,0.01962091966168793
5242,0.28431546497521243,0.11482358472963801,0.021492916691491143,0.058675618369478315,0.2634322640404523,0.4836911578037193,0.04643382832730147,0.44630781586309803,0.06215844745243137,0.06575751463156951,0.039602169949562144,0.03067402310823814,0.19044058396475688,0.032925475566968086,0.024166645664716536,0.24577734729260595,0.0,0.17044812322470007,0.07239140049629214,0.003564259335453236,0.018927386826993724,0.5388815457514528,0.032496303940212495,0.02435789445583565
5243,0.17114155191780944,0.0903859331390608,0.022001924467825614,0.0313570661594593,0.3915311317676934,0.33736935673365176,0.031102124329828,0.47132244155580755,0.06775547908500147,0.06937118318724561,0.011784279559426078,0.022952158596660274,0.12504998180737914,0.031024768365267165,0.03421847907113361,0.07805716360344336,0.0,0.18124325896687704,0.06009328622394333,0.007799286239426903,0.022971382944697014,0.286036337227151,0.022878631957020203,0.017548897116718396
5248,0.18210248863729572,0.09736040738812603,0.03284439053403648,0.02617341154937904,0.5248551820911479,0.40568030702325714,0.017734146039479717,0.4619661199030539,0.12393139811295885,0.06220825436377498,0.021287265799528995,0.03585239361882387,0.08271237271851026,0.026980295767925714,0.02490373631251932,0.09324562891687949,1.034126163391934e-05,0.1930027788664647,0.05651989034612714,0.005793721794661747,0.02855912848422017,0.25606551166801256,0.03435410288550376,0.019529890690395513
5249,0.17523094193058936,0.1218604976892567,0.017265755958252017,0.028018121014338305,0.2546067836887141,0.4108540775031808,0.007677110133451508,0.6264284556926132,0.06933859694747739,0.0775204559665727,0.018485915699201584,0.022400938649870566,0.11330401652628294,0.01955522591471965,0.023616993486185397,0.25422544371180356,0.0,0.21814196860642948,0.05953383443940703,0.0015969990681602856,0.022901611792775934,0.4910355726251215,0.023557617589052414,0.017265884250181177
5251,0.14148316619657164,0.1034635150705133,0.03375917561110717,0.03675311018093893,0.38144814399203186,0.128672249122664,0.012127199390456558,0.5768615890395745,0.06397357515144392,0.07746573347043224,0.011708034530367489,0.03479352020546531,0.08443338960422134,0.024655705609048305,0.025596063547242077,0.06820852931251851,1.034126163391934e-05,0.24604791550249375,0.05627103990494801,0.00482655239725179,0.02113558772221695,0.24114132968764235,0.05641189579218283,0.02634999810804295
5252,0.13627837650939326,0.0903085057017476,0.022308715992697455,0.036264796814499796,0.3994404729930895,0.1424544717066809,0.06459153609880593,0.4630392295203913,0.06498294299239578,0.06321185779086759,0.010748705671353687,0.02496182042242015,0.09139597981790358,0.030501671331855284,0.026962753132436675,0.06109987232106309,0.00012122568991870465,0.15262391098554837,0.05774442076653971,0.009639530555960748,0.02065055293090645,0.2032207022579266,0.02390336138494233,0.05462539790877582
5256,0.11384555629563393,0.09392068643812633,0.023386026648788815,0.03520231456688505,0.3817699684940932,0.1263828884730244,0.05473357865940529,0.521222210653996,0.07495022949284125,0.06781630471282817,0.010718976594317087,0.024293080662861014,0.09076206187693824,0.030791635575380893,0.02581545964765541,0.0734987836906547,0.0,0.26495362517496734,0.05738514710893186,0.009076443349416447,0.021174619852169917,0.1816518204444028,0.024224675298249204,0.017851567616150987
5258,0.19194808472269187,0.16703222591744807,0.03162271968243392,0.024849200379575054,0.40379916846940617,0.2361271800830621,0.02948342082126026,0.4873884287559369,0.1292393240132795,0.06936191252842797,0.017050636815713446,0.021161095446256235,0.10866411925455718,0.028258982795883902,0.03184827120548647,0.1722312620716109,0.0,0.3623471562217046,0.06401838282649674,0.0033341022779145315,0.014641981558894734,0.2953761104313671,0.06793173344643005,0.01929161946079752
5276,0.12378619493434809,0.15959319474420425,0.02508951197242916,0.03195714616537,0.35237731312836196,0.1379304196896622,0.01547127788418595,0.551522316215726,0.1026324456429531,0.06573811124492242,0.026252712502332368,0.042947027236058616,0.09537209585504824,0.033234051668319976,0.03481220156614229,0.07555829070970606,0.0,0.3197927400131612,0.062305588324147516,0.006743815330617457,0.023532792105297667,0.18991050666106077,0.08482635631686206,0.018004656795608837
5280,0.15374132292939638,0.13120083885658784,0.051972174493771436,0.03559916791795611,0.33696530244431466,0.13103987487545501,0.019682490405157637,0.40983982329087526,0.09797326870431451,0.14574828394815553,0.009910743627249093,0.026518837639045584,0.18345882385309392,0.024846306350788234,0.03591262667280413,0.08427859928379677,0.0002857142857142857,0.2307936454396946,0.09296533327758386,0.002988775725310763,0.01848424100285966,0.27127868034840175,0.020668655119441395,0.018295577574657832
5287,0.16583959714538846,0.10206880460464923,0.023888335266480376,0.057585351380801855,0.35837949597318347,0.13398426902825458,0.027272214290241154,0.4648406374091447,0.0760804440740706,0.07522248851039841,0.012771235397792496,0.030185184246008894,0.08975398647307126,0.024191515905621158,0.02476197309981494,0.07253882704450726,0.0,0.1592970911824544,0.09134768275959741,0.016152430093456502,0.020155828334601104,0.2664817239926867,0.035155750412053564,0.01884742808665896
5291,0.12477675267048934,0.11006353336447944,0.020132307928526695,0.03638985174017801,0.41588192422460246,0.12911114464071966,0.0075711375892265655,0.5962435198087435,0.06745155132099243,0.06634286274550352,0.07245260365962286,0.021107197593838153,0.08535351749092653,0.024316323001290368,0.02441055317197107,0.08090337682991298,0.0,0.2787464321714886,0.08912884621662068,0.002573883333258037,0.022889916038967763,0.1966979827546847,0.04390916716819873,0.01937013834996919
5293,0.11652612191448823,0.10075976582705654,0.022105000457081445,0.04582428028632894,0.4549451058716695,0.26820909546979255,0.028218305052424224,0.5523306347921416,0.08994941538232146,0.07643984196826374,0.05764313503759056,0.01951046117172078,0.14219809861273952,0.04714721484791342,0.11199646198750772,0.1511876396867047,0.0,0.2841888472976184,0.08927746945023665,0.0027705793607854857,0.015391484036195991,0.3460739920625903,0.018970922761552076,0.029798747196618375
5295,0.13612547778346556,0.09207946023610615,0.023728949540955235,0.03447592626590925,0.3638843403373812,0.1316187173624627,0.17560685282359212,0.45764557711264847,0.06341859439074594,0.06448687114819082,0.010550752107287106,0.027919520024450625,0.10637419121442376,0.03077185074796967,0.024155153592833004,0.061961065689341836,3.691943205936066e-05,0.14536268009437717,0.09279945534208338,0.013086998892041185,0.020535088038091617,0.2569961316113119,0.024163198637229554,0.018679284256983286
5299,0.13934779405705122,0.14186391944475177,0.026822362586148295,0.03951636129416099,0.38263336486502075,0.13921474597866845,0.013529248693870021,0.5441518739823712,0.11273457855935395,0.06579915551410619,0.011644816611855941,0.042490990558672344,0.0751631630044637,0.022967055895737713,0.024580155150174927,0.0743387934802497,0.0,0.31164795592681577,0.06248267588831848,0.003243537267088309,0.02410834132034348,0.20869501348801875,0.022558475129916072,0.02839914000660807
5301,0.16972142948905355,0.16418704588158975,0.025253491040029937,0.03638049686769121,0.45426799118053296,0.33245519928969763,0.04170222515730548,0.3473816861275285,0.08644694452309994,0.13103693195743887,0.010028106659391798,0.02731145321187294,0.15559315987160038,0.02707564200045281,0.02533315429062983,0.167814292774065,0.00018018018018018018,0.16801846904545048,0.0769968235153135,0.009294238501363388,0.01971776658423538,0.33286701168124383,0.02451674021597042,0.01973633205142284
5305,0.11977176024672297,0.10947598359412716,0.025270427377971957,0.05239707416485675,0.4693283277489172,0.11984666379547317,0.03955786919685944,0.5472037552242836,0.10252017485750872,0.06629477334726727,0.012678237381533546,0.024519086209838285,0.12325838383971252,0.024336856639298028,0.026488725745940155,0.06357820154455654,0.0,0.2602530016070866,0.06676591181295065,0.006833561552532596,0.020756665994108404,0.17354012658052853,0.03418275475056722,0.018312315264700216
5311,0.16495988977105372,0.09993086428164713,0.024885995996074217,0.047034915775051124,0.3473402732271481,0.13304796794279686,0.030875547596517148,0.4759123051255182,0.07741093253260407,0.07875847601578212,0.010997154385535123,0.058342834611479884,0.1077630721618208,0.03054448772006859,0.025028766756563337,0.06142447027468299,2.1551724137931033e-05,0.21083207064178683,0.06005179005520473,0.011898833254006645,0.02005858923742508,0.21342611000494605,0.043478940215357705,0.018119111529583874
5315,0.2334724811146244,0.23621681226843935,0.024131505230034208,0.030885383526583817,0.39215378607562196,0.4499562223192882,0.026065073966150733,0.5576697305722236,0.08636736159499735,0.06310418709172355,0.01347002521691598,0.025313335016379848,0.09641679022226199,0.02581037600151277,0.038097279205824716,0.07998691247936701,0.0,0.298700115961304,0.058088832844278654,0.002176410888657632,0.02203225504604216,0.37679968424644356,0.023285147138187825,0.05321485494479463
5319,0.12705391050321402,0.19005486815824463,0.03300950136617392,0.059361169075223534,0.5732906431154752,0.17345553425281615,0.042566067874860544,0.49238022374066,0.08048703220672199,0.06718342795415584,0.010683345898638428,0.027324040427462393,0.07992591725510363,0.026219146712098775,0.024098244221568605,0.060563707216194834,1.447178002894356e-05,0.16004212876475735,0.05850725954925336,0.010357365946491195,0.02016858884970487,0.18739639122217053,0.023847662535563554,0.028201366323924355
5320,0.12726899185517457,0.09359119524240717,0.022342492239426286,0.05139985540485632,0.4734650681464972,0.24857322968506232,0.16270268363433396,0.4518136313259427,0.0636966148188759,0.06484976647116214,0.018801000523121936,0.030735720272362387,0.10274524468339093,0.04581438128328865,0.02459245845946668,0.1310105001617413,0.0013316055704022448,0.15228458488382648,0.08164632957638072,0.009477692185477041,0.01982505672997139,0.29614730893401725,0.025404882867374416,0.016477292480354604
5330,0.13209784262712182,0.10602752794749622,0.023458396648115776,0.0322350682658362,0.364194991576629,0.13565992542500807,0.03547815512420796,0.5139406127125833,0.06406561896015395,0.06370167336996799,0.01075748693892794,0.026712325680844883,0.12627596385173118,0.028233459362378817,0.024512596718192434,0.07105104929123558,2.1551724137931033e-05,0.15054461982473843,0.05924391553134365,0.017368393755782422,0.03512981450992219,0.20454202255587353,0.023987241384063395,0.019150068624134476
5334,0.15464397262129678,0.15499875082203554,0.026785714298046083,0.03904000196786741,0.3912743763640965,0.1266714297308629,0.1266288336700071,0.32150065036946435,0.07828404934908346,0.21659653897622327,0.009977028505239948,0.03015046155816105,0.15138601596633777,0.036938174413028387,0.024512596718192434,0.0648865635995656,5.1061098151837004e-05,0.14123518694196405,0.07032780034371525,0.018182890000701887,0.020908795884935664,0.20095752789636984,0.024045930509366292,0.018679284256983286
5341,0.1816699839247046,0.15380133967726897,0.03149489163611522,0.10121907474586601,0.33189732663665167,0.1245680733604356,0.05508642624124221,0.5030186297379983,0.07284552050919353,0.1128178506930733,0.012396446591751343,0.07891878087838033,0.08733620775307382,0.0251931335658252,0.03510612020127786,0.06761344597917507,0.0,0.3053037172523517,0.07944248205131127,0.007753179802470669,0.021620556706067315,0.216417259185578,0.08310081838585975,0.029605013169234327
5342,0.13592527853767897,0.10422438963772823,0.024556965012423437,0.04177060733867397,0.3882810922329842,0.13195890563650392,0.06068240664672407,0.43468975911726365,0.06507240478832788,0.06453046500949279,0.010606997727189739,0.027789211435895727,0.09004620085196981,0.04891286066261649,0.025690597415989256,0.0722837549076095,1.5037593984962407e-05,0.15919940664896015,0.05853208688747022,0.013476721365007398,0.022269640937948677,0.2022530632093921,0.024218763098468835,0.020054831851950446
5343,0.11815010094818647,0.09051647225089257,0.04402764329320064,0.05865854569316211,0.45157408754526907,0.14492791837743524,0.03750263745464811,0.5446221201509722,0.06975814773799072,0.07292957163124344,0.013383098549426176,0.02079712269294864,0.15522875056171592,0.02392623007961404,0.026550423296109397,0.08262250307470036,0.0,0.266848717820607,0.2422690602073614,0.0020970416994277887,0.05740218936729799,0.21569348616396208,0.02090439298434702,0.016458348433867655
5345,0.10444474971046894,0.10170455054512788,0.021821196295606794,0.02194688505770694,0.36703031118717855,0.12797516756917637,0.014614143585365556,0.5183594273116825,0.07758309330850198,0.06611435311471091,0.012449835512331501,0.02187962112612689,0.1314167894688287,0.023313434699416494,0.025428148175292657,0.10100531881822952,1.5037593984962407e-05,0.3115397379965895,0.06400656696854705,0.004739562350665134,0.026063565779240197,0.2284709385130481,0.031727790445629775,0.0409624810191626
5346,0.1384773670394176,0.11857310288008946,0.02262897869120179,0.03983257743484008,0.37286235442606824,0.19362570456828201,0.030468290964055216,0.534440875661237,0.07381972056116101,0.06615492020521743,0.011199401631801952,0.026353377900260235,0.09235170481812835,0.038286706852480895,0.026606383046267744,0.061569532351625274,1.034126163391934e-05,0.18980991137017444,0.0635550412524322,0.008620091049948441,0.34664617314094864,0.2086790266507247,0.025082166127343805,0.029947647418162228
5347,0.1366953749633613,0.11421535966463787,0.022993444909662198,0.0330699099983203,0.3901632407306029,0.13340212347885097,0.026964574383739576,0.4680306702014494,0.0697134775244524,0.06138608396894412,0.010542928039956252,0.02482398501988277,0.1437485677979457,0.026294250077284254,0.023825325186509302,0.07143982683776161,0.0,0.1917054773223238,0.06618797035584194,0.013137084374578263,0.019278350437710652,0.21729809288825108,0.03383522306826831,0.02042635991161823
5348,0.11689422012333528,0.1480142603743388,0.022935646990201813,0.06232137578798978,0.37715353159025805,0.12655821559574354,0.023531283755977347,0.4946943512839028,0.13892428939318097,0.0671620683778448,0.010883372228477404,0.024064343461411505,0.0905560816452109,0.02606091051150592,0.06147735076159486,0.06492343000256114,0.0,0.3176863137601552,0.05538708542949482,0.0053796278014733735,0.3273965190071476,0.19398897433386367,0.021216850397578643,0.039412374399638204
5352,0.1413600374716552,0.11488846493984221,0.022985642525704245,0.03676805910269988,0.4398640633166569,0.1446991119756023,0.03305539918721109,0.5485860776939046,0.07580464033121621,0.07057938530752769,0.010442831602923374,0.028364280241328803,0.09400367656104859,0.029143206270674345,0.024512596718192434,0.06943858812595599,6.988788313581287e-05,0.17361897370020593,0.05716964216734167,0.01021724913755802,0.03646957011937888,0.2061942908594441,0.023989063118805238,0.022977812927205476
5355,0.23296254670250424,0.110135952257479,0.024175835325628572,0.04156070279232158,0.3737776551871491,0.1769763697300081,0.05063858499501858,0.45565800262794165,0.06712888098292197,0.06554273949388562,0.01042401989384509,0.026373710405545082,0.08952977733711806,0.09580435313611657,0.02891232266467167,0.06180389928195664,0.0,0.15853905886051753,0.06089660378103526,0.008501589979029814,0.04698202667193562,0.28822898425935717,0.046357256365488146,0.02273771995436317
5370,0.13372243910530277,0.09486992901903686,0.024922174650773482,0.036611951850962866,0.41214767159303484,0.12847469478129767,0.04445656767814134,0.478708851282887,0.06537513074959307,0.06445333569499645,0.01076806794411821,0.02615875316024694,0.09908706824336998,0.09024685927732497,0.030575952574503046,0.06134418796379494,6.988788313581287e-05,0.2764357496608558,0.11784442560945482,0.01018033239309635,0.02175000801472488,0.21266898380841362,0.028081282598656165,0.018871288413510264
5373,0.08701762796515157,0.09361621458328491,0.022612445480280515,0.027994380536487107,0.46474566620226404,0.16646978301798454,0.022967290087810743,0.7187718332689778,0.1019485224341981,0.06721252908535273,0.011358538322662507,0.02322828639622846,0.0903824314706945,0.11836531794807312,0.037167037464987715,0.08334125180130175,0.0,0.4526550286936065,0.05180103410165857,0.00260545908836772,0.07715424327853561,0.2038513239762972,0.03091201879361682,0.01678194288624888
5374,0.1369962132809298,0.11492585588458562,0.01948210751910349,0.0314925526332364,0.4032364712104406,0.15526993146576615,0.01260895270474977,0.534252505251058,0.08660388493659596,0.07655492745967331,0.024572543221430997,0.020517773927549908,0.08248777442821784,0.03457580515130798,0.025301391731256513,0.07123924126597944,0.0,0.3849689500211866,0.07063514564290635,0.0015364895639293267,0.01635599263814983,0.26188860848674245,0.0219065584164192,0.03605053869210621
5383,0.12351544791091584,0.09010741022919064,0.021846563917523185,0.05976807081752148,0.47357374167889144,0.15040905952592912,0.024362416786076816,0.562906988713036,0.0634212286258139,0.08177144619296092,0.015004329746882206,0.02598060350780348,0.11149897541779455,0.029411433481494997,0.025246241937672793,0.07746942485133934,0.00018018018018018018,0.2598967340645503,0.06525186290836497,0.01634154003512112,0.021191104694570778,0.22234088298208718,0.02329235337011967,0.017157364567530753
5387,0.12309592387114505,0.10259305991284759,0.023161586891407807,0.05656348837241463,0.3848978247092041,0.1301113076091658,0.12802616064815114,0.4932630729262795,0.06388245257277315,0.06401968763866579,0.010504474778760922,0.057435736575202255,0.08156700823621801,0.02833869990262329,0.023994836983998912,0.06239300384406729,3.98506356478253e-05,0.15025156240673446,0.05687795567502728,0.010508902708109962,0.02103962760909778,0.1990889791034882,0.036625058932010846,0.04775484954308208
5390,0.1600838200300946,0.09153018155834532,0.021914712017236732,0.026393639442034152,0.41476643579032735,0.26905888881581497,0.013420566521761419,0.5347828892503926,0.15743930193835565,0.06632669573673149,0.011841741791192142,0.02146060556345067,0.09087255679636527,0.02404637895459118,0.02489705747049209,0.078819740745009,0.0,0.23390368855250684,0.05394762544565529,0.004042294791261596,0.01927283874697585,0.23838692746808332,0.023995603331333454,0.09756279280749826
5392,0.10417336878374865,0.13913344297374766,0.023991464786233836,0.022682265738967186,0.4413431656367958,0.13630253302233897,0.0222977345704531,0.6028245579572338,0.07910219408804921,0.089835755397465,0.03467652369651947,0.04667314344979233,0.12181428395846085,0.14771909515446707,0.05735851313260795,0.08131492141914368,0.0,0.551294978445673,0.07329446153388443,0.003027458927595717,0.03820068511320052,0.20423806334152697,0.027884622362139226,0.058001257715161854
5393,0.12577647456493035,0.13447728172697104,0.016297519996044573,0.0371899153198965,0.3772210634793383,0.11093752452337619,0.014923466675627545,0.6184736462354804,0.07862168986415723,0.0754338111624432,0.015079256628608088,0.1195366612299803,0.06924858753143179,0.02705111149863265,0.04472351425216149,0.06938075769235338,0.0,0.5246346914480834,0.046092528302023324,0.011294065577454954,0.03705486419247722,0.2161288181019603,0.2523231043795511,0.056696219693703205
5394,0.13622932265900975,0.10068531626519285,0.024464395876981234,0.03757159071788879,0.4081814212495862,0.1301405472342207,0.06733434997566526,0.44394927487044533,0.06436323502953925,0.0699674219495666,0.010401001150010825,0.02797389155856503,0.10706273044859853,0.030317159800305107,0.02465020611647725,0.06023568252694669,6.685106548755308e-05,0.15801144370106274,0.061864965845103655,0.012962823047990513,0.019921293383461765,0.20273028315808098,0.026094140152962297,0.05104002807385358
5401,0.23657366168257496,0.10397986475326113,0.022297372377970245,0.02944442715034197,0.354936281719433,0.3201693395642983,0.021301873029874647,0.42851301265340397,0.06758816759435078,0.07283789196126905,0.01772953553630332,0.024018190826315577,0.09496637407262107,0.024072538025503323,0.02480475796113495,0.10561054445929186,0.0,0.15085705512898775,0.07167990779737606,0.006562444813767693,0.020266189147424264,0.3746045521777976,0.023950662584034697,0.02124614913131873
5408,0.15864254537432002,0.10660551414387816,0.02275578833687483,0.047910960404543755,0.3344587382994608,0.12353012675611033,0.07823119463673231,0.5527931884983774,0.06381667348500984,0.07647350030349587,0.027717412434693497,0.03516440411731867,0.08608101735441473,0.040372220066083805,0.03466887579317286,0.06298020041556801,6.339272832203145e-05,0.25768073663527263,0.11967199389533169,0.014763076430347508,0.021292299146326167,0.21793036407960983,0.03869961707106122,0.023353165034915788
5409,0.16386847519535416,0.1376976603760953,0.03340667674235373,0.04014971767235832,0.32416741348325046,0.14821579646247823,0.03743678947641882,0.5222620008643303,0.10811988055019013,0.08074483666140124,0.010430098304252003,0.02678791013647673,0.09613171586094366,0.02710764742833078,0.024380811199453952,0.07352760624491228,0.0,0.1622407973637096,0.11309245179285363,0.006675776647783837,0.03376860641343185,0.25240487045702215,0.024259841298426524,0.029081987583087207
5410,0.25956690485885614,0.22430254790573737,0.11695111818889557,0.08977112203637326,0.29298233434251303,0.184090813177245,0.04661187804625465,0.5601401287864312,0.12773069131711248,0.2220528982958497,0.011141545728226628,0.05064992573443619,0.18223756596469104,0.03969242025320515,0.038157902165837025,0.09140630101612926,0.00036144578313253013,0.25817359096268877,0.09450459423803018,0.013595433336241329,0.030372136607339312,0.3127612587131242,0.027280360900276274,0.017922792992903266
5413,0.1483116679507959,0.11794883988963538,0.016317459330113554,0.02381454403540173,0.3979170282436819,0.16081012979814857,0.02051651539947903,0.564173978204956,0.08221529682582254,0.1396476248696057,0.012278149013098143,0.021302717039090025,0.10296965629979984,0.021761812433446798,0.05111064993496618,0.08909391087128,0.0,0.26362256465765044,0.11141988612420367,0.0012988247057924525,0.01937669744292102,0.19908711775455779,0.023008837049326717,0.0876401166244235
5415,0.21135593545787285,0.1189580608733158,0.08360009866459656,0.02904405441716742,0.4188708352169759,0.16925548599428716,0.02980603691142304,0.42826736648886654,0.12783096029718075,0.12172018188641424,0.014036218608208044,0.021681523812460007,0.15668011380601649,0.09840337788376051,0.05073982134731149,0.09688218000889737,0.0,0.22124006515516467,0.1685814770453801,0.0021844209400886895,0.04481334647016439,0.269412637954057,0.049784521116018804,0.08039285875321708
5416,0.14359088025135264,0.10119237618077018,0.03350642041855014,0.03178143428359976,0.39376995097597084,0.1393720622488363,0.07701141605272331,0.42141263899051024,0.06239220612728528,0.06528761505074411,0.02314114454326583,0.026727277181056445,0.09814420084050499,0.026801594782414586,0.02676910390222739,0.08647894900592372,1.5037593984962407e-05,0.16724100702898692,0.1633350852622783,0.009286041757266264,0.03619649874645728,0.2416059445535249,0.034089155282628715,0.019378106826350595
5420,0.22092682166860567,0.13266676867498833,0.036230471944047334,0.052456619495095495,0.4176591010790666,0.24387626113716707,0.02985725425333988,0.6096938506443705,0.07094798725727872,0.07460495449048193,0.03458055429439242,0.10297245576845163,0.062061018076385116,0.04002167763737963,0.04990890002660105,0.1329296970034428,0.0,0.46535621072062033,0.10727554322820448,0.0017449231211429713,0.06433993138204663,0.22768200416864087,0.17759838704733885,0.026774448885594195
5423,0.1423421605056692,0.11062716785687679,0.032937013541047645,0.0223654980862087,0.4207508852932201,0.2147375836432131,0.017350911969398527,0.4803896663505618,0.12518673315381415,0.10487411502198205,0.014797769859154044,0.021414042980908644,0.13566878108716085,0.0211830496413503,0.024197585120443052,0.1189585910654011,0.0,0.2576647313409543,0.08428245405121487,0.0017663582803608738,0.08797596691260078,0.3453859699212262,0.03223426652772256,0.015993438142175555
5429,0.1791357069286295,0.16891478486674277,0.05114492572167331,0.038609353470668004,0.35452471475763253,0.12190829032876672,0.09557288866400927,0.38079702949141386,0.12982068915722256,0.1913406314702283,0.010040729257663179,0.03989904501473284,0.18214734334466187,0.028276670478299938,0.023927180703122594,0.07575868101328793,0.0,0.16409092901218003,0.1052951013821548,0.009174290706022407,0.019425332512596552,0.23441151775853236,0.02863801294097128,0.021765173681105584
5432,0.18075631193224218,0.1214125844059124,0.04310502369610844,0.046223364730300684,0.3484910086571732,0.13357657365255116,0.030153271565564455,0.4404267757664093,0.12765932200492053,0.11243836254382965,0.021558750787928162,0.026370758983952775,0.11384861782994857,0.05838882100015899,0.030358490917102837,0.0860097419855177,1.034126163391934e-05,0.19809661691728447,0.13673869071819925,0.01755993305585361,0.02153224674483595,0.21933617940378947,0.033578721459837625,0.038555367154761676
5433,0.10670060277368705,0.09950451547667322,0.016681312983326257,0.03156322464087859,0.41970638757550605,0.18215629348742546,0.03149636260313572,0.597398434436076,0.08582233939635836,0.0829184054555364,0.01110375963104528,0.028810096066874763,0.10811629436119735,0.02644087956521755,0.032638146575026,0.06302587862161182,0.01,0.4819844209456194,0.04773280147606651,0.0017699132236102565,0.04024082091921426,0.20174111211955917,0.03357985079262697,0.015642020201643857
5435,0.19096447643596437,0.1526733863342643,0.024205010026201547,0.0496071052847534,0.5370257038811596,0.16278733360462563,0.04830441947286905,0.43070845472564234,0.06835131785831985,0.12428399228168589,0.011626525844147348,0.025045762042144894,0.09961210601136893,0.02332017335371826,0.026007330296576443,0.06713215109470028,1.5037593984962407e-05,0.2500220435877045,0.2306047361039228,0.006947743355883118,0.019149532902171723,0.20059749409817218,0.03191154272363354,0.01624074092711012
5439,0.1432927765759398,0.09700381037105903,0.028169579177162164,0.03972647244827479,0.34205045298953685,0.3737706824730982,0.08413105422718684,0.5371687605153664,0.06712470423632498,0.06293184513890034,0.010131219241820755,0.026209429731454348,0.10084882701479915,0.02905311601472905,0.024512596718192434,0.11180835860021313,6.140235978575634e-05,0.19704988740707952,0.05582257684169731,0.010931794906306726,0.020774434710515686,0.2580602395939794,0.03253148010392768,0.019700943486256492
5442,0.1452240490934219,0.09458923614227555,0.0235437414724118,0.05114062619791079,0.41205384124065425,0.13007113839189688,0.12161248481936358,0.4530819919074095,0.06395264052180083,0.07196938130361276,0.020814991847559382,0.04591343572633938,0.11402247873686211,0.05269870545096222,0.024512596718192434,0.07008575770828789,0.0002220211843642806,0.15254790805530377,0.06468603654064219,0.009569937359489777,0.019987984644225663,0.2166291572600504,0.03534101691925363,0.018434665559327497
5443,0.1144806683527353,0.09143557491131406,0.019883892073694745,0.07355782852243295,0.3267153061779915,0.1651978711967573,0.010865195163862355,0.6313379221487586,0.07685185565870449,0.06781150807748779,0.021950259854268604,0.0251435654263688,0.16267839502713485,0.024204892165307128,0.04152109962746718,0.13841883226296411,1.034126163391934e-05,0.2884877526944242,0.07390169129482245,0.0037398891211524736,0.016656973655915955,0.2586309822093291,0.020040822830246056,0.01667681913021976
5445,0.1521681648301643,0.09927574487125376,0.02180631489339543,0.10465112832403468,0.36320433236418326,0.13724873714736546,0.028195576174051155,0.47805511096171976,0.06395264052180083,0.10077520058870336,0.01192538304882761,0.02452064562052378,0.131870215491087,0.03227076333952156,0.02596791283731176,0.10049779647500338,0.0,0.19627230330899434,0.11211016985319358,0.0039967325873060296,0.07177997168640746,0.2636540417416542,0.04858533358855288,0.02018888335385237
5448,0.13245975412989397,0.08625214851832044,0.022510461865715904,0.03922143591893566,0.4986080348607511,0.29993283864539294,0.10479850647188833,0.4710793133355679,0.06331999751007907,0.06391848030911029,0.010432619272093808,0.026781610608173585,0.09641728406081214,0.03900618911399495,0.024512596718192434,0.1553815763687415,7.142703585862929e-05,0.19318317255383216,0.055760233240700174,0.012854592551941641,0.01938001248063187,0.29341649813237497,0.023224806660043035,0.019216194096625366
5449,0.21359511363708417,0.1799335651147972,0.020064323153255056,0.09655829015817888,0.39741381590707997,0.15961737355713534,0.016508841719265296,0.655348830619494,0.0693768011943055,0.10453309162761597,0.015576669916482787,0.05183643211486394,0.13789905608227662,0.09204008840610571,0.024568423356860998,0.06797860167757173,0.0,0.3789963497719284,0.07733950517869492,0.0009343784592701949,0.04777515072403757,0.2573932749127237,0.06731454803373413,0.0950851998279395
5450,0.11259020885682515,0.08945992147741397,0.0314223238092837,0.055090640862483733,0.4388395694518074,0.12657450046504148,0.022105278522030522,0.6007896825942085,0.07621909046248611,0.06705325848510553,0.013221713457024067,0.022653141471346106,0.08956613710012244,0.02540020310807888,0.02651129736626773,0.06751869144978448,0.01,0.36305710414568315,0.05420960556642781,0.004590127523161909,0.020715920039479765,0.20485460686050655,0.0237743469439984,0.018926303545588486
5463,0.1567515299518952,0.19574081670032606,0.022645538548160257,0.02874213485003216,0.4288930740284188,0.1306959898217681,0.02875328452857111,0.46700145563567136,0.11744145676959171,0.06434720673330095,0.012444587094497927,0.024652506247676374,0.09076767766585526,0.025013163608561283,0.023746536445518305,0.08668721353288396,0.0,0.146477912262356,0.06504735812560178,0.007543226731365128,0.01904572756636684,0.22057431801747857,0.039519498358222216,0.021662829902194983
5468,0.1083674383490336,0.08119958918484985,0.019793176892517104,0.04491942807720447,0.4904353001669589,0.13390748856486787,0.024804859983856377,0.5651890979672749,0.0788065175312282,0.09639108280080542,0.01307354542869833,0.02232509313590774,0.07426069500507435,0.026570992850540875,0.026897856309791843,0.0639638914637272,0.0,0.3289558504926658,0.05423708080415637,0.037841173964271585,0.017314925303932905,0.19542591036336923,0.020262066148221635,0.017568795430913456
5469,0.13180977189810156,0.10054795950197047,0.023395954912430947,0.030357415551987395,0.3536560225533664,0.1288697786701516,0.021088903688808044,0.45265163209487896,0.06295072685826825,0.09972458063190275,0.023133958960433233,0.024858751070541408,0.20999459466180667,0.028018795465079432,0.03515670912163688,0.07866786776959497,1.447178002894356e-05,0.22544151703159201,0.05498427189058664,0.005711318171843069,0.026930048131725788,0.28020046241725,0.019785418389844545,0.02172212511868618
5472,0.2644179104952931,0.19116214638429457,0.034907363532476005,0.05911899504468496,0.33964164033123223,0.17189216412057212,0.06313762669373292,0.5315767646539543,0.0777140993482535,0.1037991198183624,0.010504978919121806,0.026405121970916875,0.09873518927018031,0.03111019444564308,0.023807908057611585,0.07693673539456125,0.0002567614420077247,0.15237116240768936,0.08989073937057261,0.01809410204990211,0.02272216533267706,0.20783926023901014,0.0292744807173876,0.020833707040607143
5475,0.13342040818955148,0.10878608652484288,0.02228241648569473,0.0787604726192751,0.3245020766669373,0.1404800019046787,0.021758202827411463,0.5956217487753084,0.06436323502953925,0.06928959791042585,0.01142154945160214,0.030229734713092097,0.09661853429455464,0.1891502023594002,0.023025147052629594,0.09105558821463115,0.0,0.17143334071627747,0.12799155314095542,0.0045684715889223486,0.03292772754574966,0.21337486346419823,0.033351604460934686,0.023253996150032367
5476,0.12959398782549975,0.09268560904257953,0.024398782463884813,0.03790348170079636,0.4440395886150489,0.1291157130961216,0.09747272988099173,0.4606201505222887,0.06406561896015395,0.06826746935238419,0.01081317869101666,0.028543143402466442,0.11337179067063001,0.03416463347583518,0.024716549750585806,0.06074667470112271,0.000177942471529254,0.15915522466566728,0.05861679206867515,0.015386195225618267,0.021006538647502744,0.20445650224850836,0.02479479181434879,0.01946957272064779
5482,0.12196004299173911,0.0864891270549868,0.02173852888209151,0.03676870114300371,0.41691813584893367,0.1388081021387043,0.03783863364644,0.6332272676842979,0.06243226678106862,0.06510613824499192,0.011776100834159793,0.037771458017656794,0.07728068635608,0.03141070697596009,0.024631354469356822,0.06534868521502528,0.0,0.18268835276401757,0.05645889076368189,0.01054219404549095,0.030858004401880065,0.20399155059765284,0.027832003783433677,0.01681973083368488
5486,0.18030371766722117,0.16563636023864536,0.026688213265600336,0.051150516435799584,0.3136751022782246,0.16709755522766037,0.005666466735118206,0.5719118654019271,0.058869584805617006,0.061527496456795845,0.03369116219906536,0.021122032211626653,0.08115228668010366,0.09475280200012431,0.05423883086695433,0.09310290106303402,0.0,0.4296247022318211,0.08305059670715866,0.003383803105029794,0.04118243130665948,0.18966180683678677,0.036384072897987355,0.021382924020359125
5490,0.13497340200045835,0.11050143232904544,0.02588955391962884,0.029380555073599716,0.38428825032725167,0.13824138899745775,0.018160107156209568,0.5471540558498139,0.0884815610503114,0.07384712726934012,0.01168260530282361,0.023906188009333768,0.1314028415800527,0.143959809637275,0.027597531344882822,0.08913453152398498,0.0,0.22526538885473749,0.05775754515020699,0.004560781048224374,0.01819842108426611,0.2531417817974587,0.031973660534851206,0.01773587364119047
5495,0.12943172346737422,0.14847994817629717,0.02719162418051338,0.038948653317029194,0.37459218885506795,0.16193067602303873,0.00465915405919946,0.5651305237428845,0.10719013247620633,0.2188463250607632,0.08413137186704471,0.021931441346755,0.2035727994718169,0.01959720659448015,0.034517350535262115,0.10569919549397672,0.0,0.28812117624932015,0.052470129587862846,0.014671690020960056,0.016884788320735488,0.245933787929966,0.019003613733320615,0.029113063118330836
5498,0.0965923293960493,0.09014948963122409,0.019729523089597342,0.0294398796665174,0.3814616185496849,0.12445470687042448,0.0088232930630084,0.6235257522339053,0.060583905893686875,0.06612556588348913,0.011553606125632537,0.021326653383186497,0.08825979541602033,0.02639162558836172,0.02700486280953946,0.07200542513633681,0.0,0.38989031367189475,0.04710275122795045,0.007971452309495254,0.027762892754117644,0.19309780466696652,0.023796206292266607,0.01832030493877653
5510,0.12741356830953085,0.1002596986820357,0.024130930166295462,0.06020467206491371,0.37562558099794613,0.12866838559190888,0.07751208801735529,0.5451925136585567,0.06487592220553864,0.06494252231379762,0.010833365822588956,0.052497390773096474,0.07937534501104465,0.03744784279972134,0.024632985401656184,0.0620995953595707,0.005814373141615167,0.21322321519498544,0.05806288739814543,0.013728962331211951,0.02054478095957306,0.19753096407896817,0.030271737133872476,0.021340026962934834
5513,0.17626539783782058,0.09981276332104155,0.023020775819088256,0.031391510128171596,0.37302884820431786,0.1696507330758608,0.028157430343500614,0.4370738855780826,0.06461754536489536,0.07058886641483983,0.010900888681926443,0.024848807291335907,0.12973825157048635,0.0278231430331937,0.024985451889081446,0.06785673618272245,1.5037593984962407e-05,0.1857942106088016,0.1450749954209864,0.007825259366603655,0.019340305836812687,0.24472349052910353,0.022993155857269135,0.020160632329332948
5525,0.17669323010859597,0.09338348295606763,0.01967726317688372,0.03522399069985732,0.33635888222823995,0.27625897557614076,0.00691935132868436,0.6178753852774362,0.07745798569311625,0.06854164109235068,0.024867663498324317,0.020927964407041207,0.0935486569348617,0.04336859491237043,0.026817335882556623,0.08045079374359387,0.0,0.37868939016243464,0.05671820636428459,0.01235842342404827,0.03077232474949172,0.2475291356086891,0.033146597071018,0.017699149718966717
5530,0.14312623833209936,0.10083857591156101,0.024279976896957992,0.03369435395890581,0.37866219412476343,0.1265256679275636,0.0824108440802867,0.45540692464657057,0.07481769769435585,0.06455870804362622,0.011257989922871697,0.027127316933263056,0.09742184498442366,0.03092948163324354,0.02431123540225369,0.06306973364849253,0.00018018018018018018,0.1572667559661958,0.06060526372780373,0.03250041091078221,0.020596498767455187,0.19971492475041927,0.02543129406031341,0.01892045544959471
5534,0.10023130040867237,0.1262459341067076,0.016404330144745776,0.03906619796426827,0.45694230001998803,0.1337940925067823,0.021519008617409144,0.6373072914824971,0.06451873131285626,0.09288704307442294,0.04776119495434042,0.049360776287599634,0.12353046217191921,0.18362928312288632,0.02509408440379425,0.08456747767116717,0.0,0.45242993895702227,0.08436632875541707,0.04286092901852901,0.016901119996091053,0.2090534179981395,0.03205710915053898,0.016436360111565563
5535,0.13154974812535367,0.09031789046292156,0.023754093640016065,0.08190742251928905,0.35289461637005737,0.1271180334148249,0.12450309644480229,0.46122766346629085,0.06546635892003586,0.07597260881163619,0.01059621731186464,0.05866191008419455,0.2496525763506904,0.03737732096031885,0.025017166727219587,0.0629568979224714,5.6312784213043975e-05,0.14835815981501446,0.05932081341190165,0.012726927109482908,0.02265263404277861,0.20649260241510148,0.03310583293153878,0.020049857451822754
5536,0.1349944900293391,0.10910343817766757,0.02348752751124359,0.03212472016370302,0.35170389835476007,0.12410062783348776,0.038796654156142044,0.4526220482706892,0.06826391263264106,0.07637699482448523,0.01024456449714069,0.02553135037239142,0.16601225253976432,0.025394532665822814,0.024623029626107393,0.07471982768220474,0.0,0.1794336766561102,0.06432491076591584,0.0287609415219998,0.017625521883964525,0.216897206176104,0.023351507426413166,0.019091206760275436
5539,0.30595284599623873,0.15618778684237822,0.01892700460969622,0.04160978117228652,0.3275312194755003,0.13446842189311425,0.009459156526708272,0.4831874812621908,0.09594601799227362,0.0915250773088479,0.02021768560617107,0.0216208146848827,0.1402334509528936,0.032652076631531614,0.023418571674046693,0.10170453863033681,0.0,0.22714362877047298,0.1950073846672932,0.003594553706215604,0.020000535295225375,0.2767887785121359,0.046050694427453555,0.02133715440488011
5540,0.22632064592059215,0.14626757362649725,0.02154307146178569,0.03059481585819871,0.3431471174913721,0.31374585737255983,0.03792822362441159,0.430561343998518,0.05850874312036049,0.06512551120755622,0.041179399980090396,0.026708808429250018,0.18237652135880883,0.04764906633871054,0.05314638394515389,0.15621532015896722,1.034126163391934e-05,0.15159086574363298,0.08485763482743419,0.004976027259525593,0.019805769103152494,0.45225914101016046,0.09450640884702267,0.030490309072757828
5541,0.3150663054006095,0.27471531364249446,0.0423707971972392,0.03091203232182872,0.3022876752928148,0.12202904093428289,0.05665739973478437,0.41383434549305426,0.09312070053817127,0.1518852952768607,0.010663286790824244,0.027120017604810906,0.12171561922784706,0.10747102080299975,0.02362862194441908,0.07015692518869356,5.1813471502590674e-05,0.1952699721408008,0.25516651657481604,0.004511165673765166,0.01979327781740796,0.23230638252032423,0.03277579786163047,0.019252944754516832
5542,0.19687751389911992,0.21953791434319847,0.03162200780540385,0.040820782869419855,0.28651975928149065,0.19382223621526948,0.010068266530314913,0.40061472625153,0.08199236080098114,0.26068695152148075,0.02574420711033619,0.03754738734202951,0.29044787319407617,0.022056482847703646,0.023969226146398695,0.07263384089314363,0.0,0.22247017434736688,0.07639234232155401,0.003685295406954888,0.01745662302945612,0.31303998994719034,0.11236052754355814,0.01812795708914783
5543,0.2577888145016891,0.18840313759753421,0.022936055015540878,0.04083615770106845,0.304551774968123,0.23302493412266845,0.028522519024134982,0.476515090904851,0.06169512337298309,0.06386158858304727,0.011101727154065098,0.03747908744603813,0.12577270812395816,0.02339611110547432,0.024331638114157058,0.10762812177930353,0.0,0.18596968184730378,0.08473532605632846,0.016041228406046028,0.019945612725379373,0.32510170020589596,0.13312464745853936,0.027244898264927885
5546,0.2595223514172191,0.2200717590843181,0.06582972948623246,0.03824936275001692,0.38852832084304045,0.13259848818172543,0.049012726093593445,0.4100418116729323,0.10505743569341526,0.15142948425712235,0.011366992794797533,0.09343551137536459,0.1368907085355469,0.02727224806451005,0.024747769496338595,0.08464812090990272,0.0,0.15971297051814093,0.08116561633193335,0.015944438270764517,0.01997519676933342,0.24244709332080214,0.14666767009723197,0.020965728687527427
5548,0.13004685632348614,0.10463283290882992,0.021281266953690103,0.05332490905669294,0.4649792575078731,0.16764897698751888,0.0418286152848856,0.484669326003471,0.06906339775635541,0.07520840585401499,0.01438590007725709,0.0272290792432048,0.08950620045310644,0.03724486965097875,0.027035226697731608,0.0600578753032758,1.034126163391934e-05,0.27364229309673793,0.05545370765023385,0.0068837307685435285,0.022495384360044408,0.19522245697951587,0.022212750616713663,0.028508969820068487
5560,0.11204206780123148,0.09910403292114124,0.019972311400783194,0.026661184041279515,0.4747536939290791,0.13342392193215877,0.030696571852097176,0.5478819061249821,0.08365054785906041,0.06400791779254013,0.012647770400240541,0.02194321766555152,0.10229953460619297,0.028961190561625896,0.027900212278792514,0.08765200052087183,0.0,0.40681323509701817,0.05828679218371729,0.0018484940117062146,0.032470552682968445,0.18501520511138436,0.023853669269430933,0.017027000124736496
5565,0.1347744019333926,0.09594694516374565,0.02218908196407209,0.029282085483152337,0.4033628555366181,0.12536913848936498,0.034767313470521345,0.5003062668418669,0.06445167191377613,0.06433403637043258,0.01042401989384509,0.021249966095267272,0.12406110558675217,0.025015961377078417,0.025398569512661534,0.07054810434082112,0.0,0.18932048845956942,0.07936047292320363,0.007641794375318155,0.01712847249771283,0.21046467951749417,0.022346920428629485,0.01937987779919611
5567,0.12656589975687066,0.08942400124215187,0.024167898453749982,0.0394585952137275,0.38056172338455313,0.12474488493758752,0.13960555985324524,0.4426333926379046,0.06453460570250653,0.08390763881663116,0.010166439497140689,0.028637001429819064,0.09920619968365792,0.04214120147610089,0.024512596718192434,0.06262531257477352,0.0003631646249484477,0.1512536426105041,0.05793164224599285,0.012708228976913444,0.020225332901928694,0.21227140976523629,0.023787542420955363,0.01848929056515665
5569,0.12600833991651084,0.1889305306808692,0.04289872949155348,0.04760225319840578,0.4294583530844989,0.13818156109014698,0.03628345099166583,0.48046025723867847,0.08900225934653137,0.06736978264454958,0.010472410685204608,0.025417431606251328,0.09380109327755398,0.03859420680358532,0.024279238244880093,0.06687211077906124,1.034126163391934e-05,0.26639878887422475,0.055000338938292884,0.02513761961498494,0.01866857820592909,0.2078537285488931,0.03112303749153062,0.016321502179247927
5571,0.09872621921226866,0.07887056746716634,0.02101984754122757,0.03261089539958721,0.38987828903354055,0.3863145019041692,0.023340544481718583,0.5823308177031907,0.06525377263792558,0.07536179968604823,0.01298873061451752,0.021384234596965847,0.10248271436145931,0.028434534915288027,0.02435611414442976,0.19729248656404746,0.0,0.270927353607231,0.06466567614010894,0.008682501853394132,0.02569044626319637,0.4027462861534054,0.021076908866937784,0.01718321289356124
5574,0.13052579014069793,0.0927805756993338,0.02420789993180442,0.038422299234433625,0.3683081310060835,0.125958543176932,0.10799924792391613,0.44134836440830816,0.06520562760313603,0.06522103430919253,0.010075186771973905,0.027501921381101677,0.09541023263267641,0.033346913778322246,0.024512596718192434,0.06074667470112271,0.00011321583128834699,0.14976129487269055,0.05800497772268359,0.02027461756202712,0.020841164823913193,0.20606140431633793,0.024045930509366292,0.019854432893750697
5575,0.2358643960656618,0.11130491089451593,0.028403997719428475,0.04339420794929156,0.3067518099449552,0.23307455638493466,0.027167097290039802,0.4811991362848235,0.08940615983892433,0.07577163299912257,0.014043334607619222,0.02202946208210149,0.17502103462434204,0.06639212033631217,0.02685860157149083,0.09165386425620708,0.0,0.2474342384481598,0.22890393896102168,0.011284261847157211,0.025950278760099584,0.3049110660903539,0.03287548697060428,0.020646148120952636
5578,0.16718960958597326,0.10281249559789402,0.02261372050697338,0.030668939031412334,0.3714985854156862,0.34193082030529903,0.03625962442331223,0.44632130657383273,0.06613035731722734,0.06509263969267402,0.01688463375370164,0.023579224631979603,0.097189754441265,0.025757612373338717,0.024128189720572433,0.06917427115916461,0.0,0.17306974339550255,0.06709745701031589,0.005653430673855191,0.019515077179338848,0.2688032009157344,0.02232758607698284,0.016555544603877183
5585,0.13118561752835872,0.11351197374733593,0.02213890192502215,0.07167943669887011,0.36393918550715926,0.17032451312315303,0.006397831126097706,0.6328700363104588,0.062057755641822976,0.0946110482958045,0.014772175818288642,0.06139822530346769,0.08386550807231358,0.02276196272074151,0.03552198934032426,0.06798550029713891,0.0,0.43786860655192344,0.053925326559171934,0.014144291785465063,0.01892280686142712,0.22627222824563412,0.024025022855904066,0.020784374988484143
5588,0.12147961814959471,0.08153274112782297,0.02020042871537804,0.03091674623474036,0.4086727682527406,0.13737870107574401,0.018362040923787876,0.5253320182219884,0.06089046328330704,0.06497521163958343,0.011032986944162602,0.020824821217403616,0.08871335871503314,0.02449695440865436,0.024302159772107427,0.0700168623612782,8.754009514819354e-05,0.2562864983678013,0.06221262923661795,0.004874888104851256,0.016903849939844628,0.2788962920456825,0.02178460116768692,0.018351406119215714
5590,0.16391970417511487,0.15777634314981817,0.04528629064623971,0.030255718011010582,0.38628988433841066,0.12190741295559987,0.0323787696723236,0.4564725549196642,0.08284188398111388,0.12265638160559446,0.020344203130182637,0.025887343427098662,0.16559250505809334,0.03427446720894309,0.02517255562760846,0.07407604885037053,0.0,0.16354300536375285,0.2644753240344163,0.014231191484159477,0.019145509798896485,0.22960250150215483,0.03707616172846331,0.018175815354930555
5591,0.13310699370996854,0.09458777548340608,0.023726188489316413,0.05902214939997694,0.34709151146520795,0.12554470509559928,0.15174734964960748,0.45610336176882244,0.06452303189067915,0.06438317639395372,0.010948775094711568,0.05096873111660856,0.12090197179288173,0.042220912153896964,0.024616043932523396,0.0627227973680864,3.222309970831759e-05,0.14244974688898857,0.09726850205415155,0.014138704288491066,0.021238400439880373,0.20001516150839513,0.024608146085296073,0.018014499782600314
5592,0.08877421271565616,0.11536598100169781,0.013309827681474344,0.03634995463780381,0.33561740030064674,0.11507781329413166,0.0330053737337042,0.7072489485972194,0.054949992295214176,0.08008042142888558,0.03596977070884227,0.0714528053262803,0.06586725146804297,0.02243315102543488,0.029196303298427755,0.09722291718132,0.0,0.44532892490963616,0.0424289030310968,0.0009226606996957677,0.01683248838808093,0.1690042358334406,0.16562526011394385,0.018188267174710775
5596,0.17613347368835142,0.20116293079218456,0.028401609034435164,0.0633875688339761,0.2904544442609298,0.1565286844902673,0.04688058694959958,0.5437279881286187,0.08815834308005205,0.09320651934733819,0.012820258703798337,0.06389154308144437,0.08038728887567252,0.03541605033389955,0.02545253017084204,0.07454129626040178,0.0,0.1763774547554683,0.06165968532224493,0.005626535692553964,0.01829521351091737,0.24933549271538027,0.02678556891196244,0.14014539944122398
5600,0.22900646388173304,0.13715865104025055,0.04291342929623008,0.06834609227096536,0.4526903226152441,0.24441709066195183,0.03831222942443032,0.4957435438234218,0.05729373218633423,0.08335476294322808,0.0367579672599493,0.06404040302169355,0.09748256895416452,0.2095929052213906,0.03456163994538067,0.1431055533475057,0.01,0.21472235818990168,0.09521504228747531,0.012598183890421045,0.03867653790560106,0.3398595646787594,0.12798642715863617,0.09649744706287322
5604,0.16453831562306145,0.1093647096278956,0.0229230601061092,0.04538255392597579,0.44232310067491026,0.17818709393648832,0.018410648819289725,0.5284774576194801,0.11261724452976579,0.0686793343575558,0.011399235009440378,0.02693878356716146,0.10524938261005296,0.02515410038195734,0.035394174423058866,0.06769717302947957,0.0,0.16104044935879966,0.07439524737650344,0.007012308503051321,0.022130868777931974,0.28225072428807363,0.03131601820367272,0.029201749538314923
5607,0.1533571792734067,0.10552306607999105,0.0243043227183667,0.036548018483611486,0.37244458677944436,0.26711300503691854,0.05438333087255811,0.5756533325064273,0.07101932842465057,0.06356274487031055,0.011515249047252447,0.04254121652231897,0.09426422123496264,0.02583613316658314,0.024940274601462847,0.0649192044240182,2.9509374013905968e-05,0.29115337450512146,0.08922307135591684,0.0074214061404766826,0.09103274684031529,0.20769541256697682,0.10085415196633259,0.039999255574686726
5618,0.19475638321491062,0.2533123025873532,0.043236118111243504,0.05870854020750804,0.4329032925684583,0.1439737486831719,0.01749506866022898,0.6071787065497958,0.12043495502456837,0.13904156877199797,0.01297477311185708,0.041909315059912536,0.11106011131099897,0.03965338357884717,0.06528649518030695,0.08162289499783996,0.0,0.3355482314531495,0.07794940622885599,0.002772955879558939,0.07890688909010656,0.19784421479152128,0.20054750675328528,0.04930463544366401
5619,0.17519588572362368,0.12005953409780218,0.024026986939364177,0.030903978454641393,0.33476925784089745,0.1395462949172566,0.04892498861388802,0.4830164105659129,0.06467479344719082,0.06481929245178915,0.010166439497140689,0.03142584100872548,0.10413518188924947,0.025713688725249154,0.02396381378138707,0.06242591183095463,1.034126163391934e-05,0.1426886599753121,0.06373719760281743,0.008530732173284846,0.02060466783061206,0.1998317655816385,0.024358497025587143,0.06130390223837425
5621,0.1607041133818277,0.10595858216631276,0.07840114498351089,0.049335126536064956,0.3290491313395601,0.16692900849130246,0.024235283781785095,0.5998042466235115,0.08043228399064217,0.07773038250666114,0.02003456437266897,0.02373610603898067,0.137916404954341,0.0366882885745653,0.026131675444481625,0.07011405123596998,1.034126163391934e-05,0.25094860039545064,0.04865889763203693,0.01958974379900634,0.0170283224837242,0.27328521533999833,0.020107283876995265,0.03633463194437208
5622,0.14023545172649782,0.12204901332829124,0.033123682895228435,0.03397497620031506,0.3819979486211264,0.12190277462328027,0.02250974828277215,0.487318967396786,0.09359205806354293,0.08102559292963588,0.011131547503507649,0.031431995961451575,0.08934300493499188,0.07644583922920989,0.03518800417493866,0.06264408276295017,0.0,0.2579360995557828,0.06867390536088737,0.016780292967982814,0.022563999786492605,0.1979674175073568,0.026518942170754522,0.02143820487700651
5624,0.2435723401316192,0.10489675603623962,0.02111577325108769,0.027295182626231197,0.35259344052944575,0.43760190364740126,0.04453965068363409,0.45361805492536383,0.05736096888679358,0.0655845544092586,0.02728230169643199,0.023642399038585164,0.23289238041709776,0.02598830576981871,0.025525996136423104,0.2221341399403242,7.17571497950965e-05,0.2297487904282221,0.050833901292589294,0.007521511170626834,0.015492419525038676,0.5064229763364186,0.022267891823741785,0.054146695097445095
5625,0.17561983292554334,0.09679570876105852,0.03246647350339115,0.04242943609692052,0.33764037144537956,0.20215384192114189,0.01723561123101138,0.47628311800140144,0.0636261029265353,0.06879939314126832,0.013525909839104865,0.023391400483637238,0.0848190899034615,0.07482756073253635,0.032324084975391895,0.07220711787480609,1.034126163391934e-05,0.17104962583784908,0.08232292339167016,0.004027575270290251,0.06455795247133009,0.2532494627402871,0.02328981191535662,0.03694100195879431
5626,0.09512622717243341,0.0855854251524032,0.01990322383629161,0.023880598101116132,0.38679670958157025,0.12126250814858847,0.008462872423682856,0.5613431671791334,0.06437621646899101,0.07418547773365666,0.0112888909470826,0.018507758308624046,0.12225482363748745,0.02171831726738633,0.027201972374607763,0.07434855872319247,0.0,0.46689007008698735,0.057071388606490255,0.014114988777638384,0.01635060847322251,0.18746395417389333,0.021135233690693873,0.01757115938946406
5631,0.14980515234835817,0.139308405960306,0.09362630387694025,0.11146677871976843,0.44394757435417076,0.1920150515963051,0.06862939256341156,0.5997314697129408,0.12105250067477849,0.13201134173021975,0.05157303464605516,0.047889181950862045,0.12700257133182594,0.07110431617595188,0.03844179714360676,0.17607512959998148,0.0,0.4053280170441445,0.08438942007193953,0.0009077306301608764,0.0588354214011519,0.22027416825264357,0.03874562459165394,0.03241730157194937
5644,0.08264323426276896,0.08983590506576218,0.02895491748772935,0.032511913614930034,0.4565389830224995,0.11226806288079509,0.017209198155378823,0.5552571323375195,0.06184954603262467,0.0646193413492587,0.011276451626791539,0.022791282641047697,0.11355060951200237,0.028739021200223563,0.027247843790532307,0.06366078772466346,0.0,0.4869195731630907,0.05699790232479989,0.00915334551515003,0.02012724175662202,0.17368140237638394,0.020739378014805857,0.019059419919475924
5645,0.11830267168988559,0.09301173350309824,0.02016908111771908,0.033724397842348194,0.32774065056848023,0.3970639702870072,0.01283766758704767,0.5232711783089972,0.06627815285763955,0.06519118462749977,0.019396373548898754,0.025749759245635953,0.10161000686210189,0.026381430355037486,0.024469955437864413,0.21398734343026835,0.0,0.24028033392700615,0.04892787244101864,0.014659849109018486,0.019215168460098884,0.3576193351432497,0.024539729560096094,0.018021818320406797
5647,0.36829899832413493,0.14248404147192595,0.022876217462672342,0.06240643309886594,0.25982000153373774,0.2872196756720255,0.06529201897308597,0.501866611983655,0.06513949213248843,0.09814501797483892,0.027961982624274087,0.027884784331903226,0.2364717274629899,0.03250715897529009,0.03484530572139158,0.1566492946571683,0.0,0.19385945741560615,0.14275019295526048,0.012640324925462267,0.019479812226907672,0.46018931914783,0.05928363357383074,0.031141690123965414
5655,0.182196406563201,0.137774910317151,0.03504608441294055,0.03764211136914533,0.371544957965991,0.15951046475877675,0.04065650549319406,0.5801955927928053,0.08908123436785514,0.07826648281625355,0.01108240672574933,0.028538746153223066,0.08672366904263766,0.04515700794743022,0.024616043932523396,0.060480524975354444,6.955776919934567e-05,0.151276472498278,0.05950987808855865,0.006808230996588699,0.11136482437741296,0.20864009890910165,0.027533905706164683,0.023306703073562928
5656,0.14042726341717823,0.09963613512815574,0.023148976681341242,0.15842383181827632,0.3733352689510923,0.12386240257576489,0.06869923991779449,0.47677751791244327,0.06359425590064598,0.06584770737365662,0.010397950206081951,0.0348311370845049,0.08805094912008354,0.04732198713869853,0.0275665876832648,0.061802949699897275,0.01001034126163392,0.17864564457562246,0.0764229610511313,0.01052338817641383,0.020918542210375445,0.2010212089727309,0.03437586373654868,0.019246907968034202
5658,0.16365314932821484,0.09908836922380057,0.028141390751639392,0.06060653894160148,0.2552971141541588,0.1287706242589846,0.08165271101299366,0.5227262642899594,0.07273949762698441,0.0663549213997877,0.010614491841251088,0.045881025326046966,0.08894623750297327,0.031691056847938597,0.024973487057882823,0.06163346074915891,2.188183807439825e-05,0.1402119601533279,0.061593152395975716,0.025606307984017716,0.020684624619616863,0.2312476643269953,0.132402308096771,0.021904070555365265
5661,0.1242579982552148,0.09934142219146097,0.031971460799164735,0.034207404759074765,0.3936135164318552,0.14247325280258813,0.019815247779900343,0.564050732824044,0.06436323502953925,0.06797356487344418,0.01253933377255637,0.025006069483285816,0.10208307851795397,0.025065260635715066,0.023420402092653198,0.07173560615921874,0.0,0.22995246163822572,0.058370172673895396,0.03193590256747803,0.02278119269443092,0.20584168220573162,0.023206329851058263,0.020311850570436548
5668,0.18471623067224943,0.16876500571010147,0.03393456254631621,0.0331767810177953,0.3638015606854365,0.1619548276792523,0.04177178450672822,0.373128008858976,0.14366148747955104,0.17535352527002246,0.011716667936815672,0.027792791224296263,0.293602657826334,0.02637410473870021,0.026324451088683955,0.0688412319882739,0.0,0.14479009388077418,0.078712200851293,0.019869012617947695,0.020826528082289776,0.2326774242157841,0.024748735759714938,0.019114711831089225
5670,0.21400714664934273,0.23270512227290518,0.018052588189161986,0.044497088681303074,0.428523709516179,0.15963488360849423,0.0376720399597708,0.39969144387897443,0.06515545755808914,0.0993454811745444,0.05771947990478308,0.04208199509418315,0.18235875973849489,0.03496917634524553,0.08644498566964938,0.10546348451087649,0.0,0.23274717144635318,0.4764188824073576,0.040866075213234494,0.05453469828632434,0.24066591516854932,0.04348990816325616,0.03706204496895336
5671,0.09775760298086764,0.100705072655414,0.021808957827765152,0.034567585101808074,0.41361197723572873,0.13352433709089334,0.027252364266017768,0.49443049770672487,0.06135094325295949,0.06846171900093753,0.010474204402104802,0.0240652837655477,0.08920222968974574,0.03063652673763795,0.025453816236570444,0.09379280892291289,0.0,0.23095210098790112,0.04847551657156104,0.011240643219106642,0.027069097502485144,0.22595784138374866,0.021139407545695273,0.01768820030836594
5672,0.17329421771248082,0.12136079559044445,0.023946368346089007,0.04999142458665122,0.38071410839281,0.1342766555068974,0.04360331026264401,0.48786878475552375,0.06517394532979806,0.06421709690304692,0.010836637703713832,0.030465428333097833,0.0873443767006325,0.033864913438827644,0.02402768390251003,0.0630633822308186,1.034126163391934e-05,0.16080578374153176,0.10150943481763551,0.0073285583242084,0.020526024507348115,0.21866594530873557,0.03525838382368527,0.019763128770415358
5675,0.16757718874894084,0.13959191436134885,0.026443093745657377,0.025211585892882433,0.3929691860301001,0.18228396299151187,0.04539988480564748,0.578119346844218,0.1262646606141099,0.07362370599384455,0.025429034594796222,0.02087701844826604,0.09470921518294155,0.08595052640530683,0.04556700891073835,0.11221832783374165,0.0,0.5900569952892057,0.06864145040308675,0.001687879985236041,0.07045458478134697,0.28283522807157696,0.030894508708961918,0.043557280078178946
5686,0.3304833822309828,0.1679982262709384,0.01636945754111877,0.025210417946336626,0.3856253911068984,0.36151894891449254,0.05884979028223672,0.5309999735397993,0.056704948606761556,0.07905338015092316,0.03315048242869452,0.043766457654972134,0.11696236346923991,0.059613610103873234,0.058557168176605154,0.1791540329870341,0.0,0.2877194248898815,0.08181270147087555,0.030929350711496037,0.02202827608938963,0.3846027636274868,0.11581930649030545,0.030820569835808075
5690,0.11788156092632049,0.10309066776031398,0.02382945281358617,0.056065411119297144,0.37291382877176,0.12208504308349215,0.07189312807492854,0.6024557753888791,0.13571397458055331,0.0657582319009633,0.011670599350352369,0.02306879248553144,0.11839087886028896,0.027710208482863048,0.024138116810424992,0.06737245740684762,0.0,0.19809236761214724,0.057694912794067445,0.004494755904065703,0.019157535562041292,0.19101093898118923,0.026561446590443218,0.05578417121278537
5691,0.1326349571565904,0.09232112233841969,0.023752667227162298,0.039198919742682234,0.35498197685454314,0.1312950323669609,0.03304587673463886,0.5386616720804962,0.06495114517021613,0.06447448866128158,0.01167975336339104,0.026241013188702512,0.07929348993786689,0.027641727558994477,0.02552557656438839,0.06191753336632246,0.0,0.15400227515272708,0.05888860551780309,0.00508603412945157,0.02121188124071833,0.20090283024929853,0.03223056304988592,0.01842530512617333
5693,0.1794277967027886,0.13791392514262188,0.022759739867898053,0.03025460409363323,0.3677540222268578,0.12921467338184756,0.03531188083753392,0.45420751280455496,0.0640514186716742,0.06633186717587757,0.012495517617124427,0.024739000277545074,0.22304771056753045,0.026990989698442838,0.02488641980002371,0.10920702303605813,0.0,0.1867223683242224,0.07934752625934437,0.006770565016817351,0.018846825802071143,0.22888260388361611,0.023536562229243555,0.03374760049426804
5699,0.15417235625643158,0.09714109228103357,0.0316341431990243,0.0360908255868767,0.33335352693942033,0.14018295371778933,0.034612068337147646,0.6128124353915204,0.061742804183022706,0.0647194090080731,0.01284847579185059,0.03677291544133896,0.11644476189918132,0.25376100073680613,0.027854259194444623,0.06479785341641948,1.447178002894356e-05,0.2789724306694676,0.05601895709087735,0.022024089391148735,0.020783301884102667,0.2203079220540054,0.025427669872302508,0.0325788761563166
5704,0.1431515580929808,0.09162461782734509,0.024386122305540048,0.04039039239758098,0.35820683765503014,0.1258651643781801,0.11568442352425339,0.44972389405784263,0.06413683801625267,0.07082344903582448,0.010263471801547717,0.02897546993205289,0.1589216171569219,0.03519454209284912,0.024512596718192434,0.06202572822256915,0.00016096671776239915,0.13951421606203487,0.1189033315860078,0.0153001665760386,0.021118861402460193,0.20869622117130743,0.028527406472910685,0.018434136800367894
5713,0.168612715890623,0.1330343332954349,0.02389123829852922,0.036533469360884675,0.40649538994313994,0.21051623500681504,0.0895242409445938,0.4494094568010945,0.06544408004945837,0.0666426085181528,0.011939424908205988,0.05569150844134143,0.09969063188198196,0.03170650639865813,0.02655111049119449,0.06405647205844878,0.0002423349133166902,0.15287137026956135,0.057885839794083856,0.011003264294920266,0.019955818078356675,0.22434987241075555,0.03480464636305783,0.01807624364024249
5717,0.12486111111611523,0.08713309440986014,0.024115749869840303,0.044252457691084365,0.39766005158486145,0.12382891316682111,0.12485464039559599,0.46789228373466357,0.06372835218003932,0.0647990302115485,0.01003925072746217,0.02800742999938753,0.0923451346976265,0.03465359528159499,0.024512596718192434,0.06074667470112271,0.0001708242930083481,0.17498925519610803,0.0566584945254302,0.017263805891322658,0.020684624619616863,0.19848332246712938,0.024045930509366292,0.018679284256983286
5721,0.22583028485062726,0.15270078646832347,0.025627080417782454,0.05410256273048062,0.3953968074636,0.1312132922674196,0.023582888807118663,0.3910891903997017,0.07977653222999231,0.09112222658645734,0.030790356145645556,0.028353733991783706,0.15333702207872899,0.09782739763196871,0.03445020333125099,0.06256340806656902,0.0,0.18356754140326392,0.46073845685193204,0.004754180734368592,0.022821173020716668,0.22597834000271452,0.0312362479676299,0.02910490797865728
5724,0.1311800988396263,0.08885380421581286,0.02205987792257245,0.03208037394787297,0.43801641092255694,0.3747124646073525,0.0062211785902464714,0.4984092488231407,0.06366732223188394,0.0735262597347609,0.10460290083940244,0.018731043326571238,0.17221097024650242,0.020727091166629373,0.03978686994964169,0.2536327987090066,0.0,0.39343169274035666,0.04780600630056281,0.0018221790040965633,0.031268726275677935,0.5068791749722333,0.019386129070368355,0.017668481681078888
5726,0.10874233191489072,0.11269718276381123,0.02785414242365112,0.02671328245724861,0.5515719380093853,0.14433500694304688,0.016406956544747314,0.5390759487288548,0.13148544999227735,0.20999736837461674,0.033946670060602896,0.051301502904065883,0.07362482335881242,0.10446744587872456,0.13056744745646237,0.1247802979929015,0.01,0.589611629379258,0.14149559596892497,0.010894030246977797,0.0714846763828392,0.22132852339785866,0.021819295191826606,0.024862010227745365
5732,0.11850504304060898,0.12018683683679081,0.03651152854121955,0.022379900309630472,0.42619936065607555,0.1784837262499569,0.016979311286963904,0.556350600415092,0.08630585109930948,0.08375608927756727,0.01191473976897905,0.04679002512046698,0.07811922317183206,0.019606848874203123,0.09802148919964393,0.07366223790015812,0.0,0.37318229032492684,0.05355578759064292,0.0015025118885083314,0.020210211506140177,0.17834165079815834,0.05559225004576303,0.01795613999765704
5734,0.1689756447780438,0.11355481996520851,0.023727487823577045,0.04120279044960912,0.39600984350483487,0.20830554840732257,0.03733925855033881,0.45124758061697356,0.0621503191227136,0.08232397043373656,0.01034125244890983,0.024826855766682355,0.16726464487087989,0.02719277853458109,0.04495458947800488,0.06689229823358403,0.0,0.1518026856534155,0.06833256532009938,0.020907860838885645,0.019860810594305615,0.2953153864568996,0.027428062722327437,0.02440394041214852
5738,0.15669798946365365,0.23742184734513302,0.16821152279275978,0.027465438209878835,0.3586523531764963,0.18244787366911716,0.005031602949409427,0.45546578632421797,0.1857010354049911,0.34888772417004865,0.012323192702504496,0.024497919123598867,0.0868699228748417,0.02509543979847365,0.08886011574083026,0.08321884394409378,0.0,0.3223792518513641,0.06424946514090733,0.0531593082951425,0.022932165074174823,0.2626761289491767,0.02104644576059488,0.07816494832837041
5742,0.15982702610659202,0.09578626515873873,0.026609208711347563,0.03471158556967258,0.3804315416493514,0.12698507104632917,0.020383344053588468,0.500069211109658,0.06234263368770255,0.06544417091069936,0.015335279973158205,0.039374884400026976,0.10154104301032073,0.023114576283630398,0.027620307770812032,0.06378271531183248,0.0,0.3722013135920487,0.06870804404481726,0.008780681645559164,0.020187959004244256,0.23418887906791686,0.023480292018796655,0.01806413827805862
5744,0.1595125615379276,0.17890166156081036,0.018353852514835546,0.02672813525577061,0.4160186891128592,0.13793297663434706,0.02232999920715078,0.46409551406547983,0.09754295437643058,0.07083472339038424,0.012592239045470887,0.03251871985486848,0.13595210521522316,0.021697375342237934,0.025099365670780083,0.08684509987756173,0.0,0.2478856761309571,0.08508303459803018,0.0069376960222257865,0.03003658249642966,0.2472539684498397,0.03458856812844534,0.023972406670413907
5745,0.1296489677067255,0.09143443510289552,0.029768839852504413,0.0342062401105684,0.46807686266129783,0.12728546423450626,0.028657256156638628,0.5455482619892887,0.06238747978750067,0.06550759694237651,0.019262290179267564,0.03320300897451836,0.09622144546497999,0.02455073544653184,0.03452396450190031,0.06710034882002666,6.304363904637704e-05,0.3252802568533517,0.054816604267115626,0.01388057031394736,0.019298051419954863,0.19688800702677373,0.023440484390506045,0.019027277939147432
5750,0.21411829715781633,0.10329958796557513,0.023787758789582062,0.03233364070216667,0.3922023806055013,0.2048417372918794,0.03343917754373403,0.48443449777916425,0.06509728684992766,0.07177598680735944,0.020104256294154344,0.02971934747701423,0.08778511154529822,0.02785701441646028,0.027732724425965655,0.07082600131437258,0.0,0.1632500881565162,0.06021836685185319,0.014853229726305626,0.019668693164409237,0.3416491492676035,0.1744857283630398,0.02447571932726495
5752,0.20561435740126735,0.1987983621353063,0.021583005833674132,0.05024889583958037,0.4314446475472129,0.16844933904213774,0.026308986048778227,0.36235683634778676,0.17006083138270678,0.25567492384182783,0.012462769329236529,0.04354924211143381,0.22965441028601327,0.023981029532887877,0.024875316564016096,0.08630479777739296,0.0,0.1903060126289717,0.4304570276051478,0.0054476719713596345,0.022028414978509058,0.2399529225912034,0.026253685398099212,0.022590051660873335
5757,0.16874234538161975,0.12971532346637554,0.03242747475491014,0.025732544237575122,0.31562343513099816,0.3428252200651154,0.011875624488101914,0.5272892407896488,0.07404028458845946,0.07489567579867734,0.029276107033134085,0.03245985725628196,0.11849292610864955,0.021420396963789296,0.024470203423988715,0.15921281485121183,0.0,0.29823223040866476,0.12198656889969534,0.0027681771296621206,0.024754862623386747,0.43650657422529043,0.029322197067323582,0.017438680315083117
5759,0.1283097349570077,0.14328050724262048,0.03674678611781544,0.027003759042406178,0.32263067498876014,0.13188726478359258,0.020894248587078095,0.5446790418885935,0.07712332584034885,0.07772258011427531,0.012144419027461302,0.02829063782185822,0.09490029298893093,0.026818115186652093,0.025093519799592484,0.07605246795459467,0.0,0.36230028013991267,0.051071317655702185,0.012359709061134675,0.02082226564605266,0.20683156162147992,0.033564533552016974,0.03220960425709454
5760,0.1355248254248396,0.10583936354333053,0.020184422162892717,0.06395169774823559,0.36836325695228384,0.12624554500179577,0.07267313146622315,0.5814976551382935,0.06381596461949261,0.07046480348719189,0.013530624228729447,0.03662255464772657,0.08263138588424387,0.02693351152132279,0.024173562421457767,0.07976495169288132,0.0,0.21101759643888932,0.07044110044021176,0.005596023461975875,0.019274852035764786,0.20653206985644978,0.03692558847055569,0.018392644041336552
5765,0.13961890286331516,0.11749828636405817,0.02340076037783787,0.05050268497989058,0.3675296625991822,0.29316001008943415,0.0634744847864182,0.47266380269709785,0.06468575625992512,0.0668436485335185,0.01165722803581889,0.02774780158333939,0.10216675370535967,0.03070262014055557,0.025340023930989407,0.06658016180969967,6.24778250903582e-05,0.15380984748771717,0.05693413756566801,0.013847809016005604,0.023943421320670507,0.24702154995298095,0.024466030900037735,0.022378052193434566
5771,0.19938191157523122,0.1152580931050743,0.037160635662402706,0.03722827753429625,0.31977479302498485,0.12347110215131904,0.10609490707135988,0.48396026396394626,0.0635524219024488,0.06583596939989614,0.010428859076436687,0.05710093369124116,0.080281190351955,0.02939165593884876,0.030586264796885677,0.06199174475814138,1.5037593984962407e-05,0.15690821606065827,0.08090321020417651,0.010309487380179146,0.02145034048399006,0.20006892226355788,0.1335133830741669,0.029680251415801842
5772,0.20319830510969933,0.13186780194238581,0.06693508256498665,0.02010524904836047,0.3666665908047308,0.18995762081661002,0.018884927053797546,0.5686977768066426,0.0793240330910361,0.11752464891826321,0.02305663084712867,0.08569771068693748,0.19193721133318423,0.019355695438598556,0.03213247737076584,0.14967321725436128,0.0,0.45435642927839653,0.14659216379025977,0.0016617563799954079,0.019982491407298106,0.2877517831073951,0.20998360588766204,0.02716010432265075
5774,0.19651855701250373,0.11359607133439249,0.022092810795223353,0.06886200547475432,0.3159539187379597,0.1543044694242962,0.02882362502595497,0.47457617203811425,0.06649884036444897,0.06571121887849063,0.012015952623622712,0.052581715202678785,0.12734674587553507,0.02322642073261763,0.023871883240018325,0.09083167010466747,0.01,0.15194540765000675,0.2573190185808012,0.004654981705920674,0.023217041475329638,0.28746909306668117,0.1870385559013972,0.01742720292491291
5776,0.2072782424131611,0.2733420401519007,0.024009788632303172,0.04065851862540128,0.34879042433285357,0.13067694033979624,0.07950023224425061,0.45459410208102335,0.06367321233002086,0.06546370603854694,0.010320991499317795,0.03233955354280492,0.09634221688431052,0.03164428641675874,0.024155153592833004,0.06262964062129474,0.0004393864638415699,0.15010749021234462,0.08466855350605014,0.015054662986732218,0.020786422445270167,0.20612669933557673,0.02841675110965185,0.019421736260034125
5777,0.15257707177092075,0.09681720581104866,0.022324599841468534,0.06243337087469147,0.4594965141744407,0.21172159198309243,0.053061261682090584,0.5928486422865893,0.07583815858065607,0.06770277091931334,0.012411907729671087,0.025868073368610522,0.10160990140030329,0.026633954356121606,0.026114023022906063,0.060855135648205626,1.034126163391934e-05,0.19701602754722838,0.05855249148696218,0.011047060117291715,0.02140736095786766,0.19411150226832344,0.024823603200670168,0.018845490151175776
5779,0.16549052710599935,0.15446838719048453,0.02265484609268772,0.03719354322866683,0.41135265177966107,0.12642268853131158,0.068797185991805,0.3576900269773939,0.06406425312289345,0.08743415671383517,0.010099579032024408,0.02729688506335133,0.11634789573179255,0.03018027747358464,0.024155153592833004,0.061720861790692465,0.00013673894862336597,0.15063100579915717,0.22009756257768795,0.014232275584633677,0.01991511064433688,0.20996980040399543,0.024565197647321596,0.019003049192673042
5782,0.10935560989497822,0.1239905826639324,0.015615361051499852,0.04211371876398087,0.4290990635656213,0.1669489897069578,0.010256755347016002,0.6570804766817969,0.06411783668635809,0.08055877239262829,0.08421412997022258,0.04472207103054548,0.07162134864740995,0.043078706060291704,0.048398938177937875,0.1266190939712186,0.0,0.5395079409994569,0.07090284666514243,0.008501730751786426,0.0282038944909881,0.2070669690373747,0.07219099425960937,0.03940002624499027
5784,0.14543837887971572,0.10939337877571764,0.052413002415009,0.07938445764179358,0.33469478363228583,0.12797761763469157,0.22076514802777705,0.4422334842365327,0.06581687978879686,0.06396968308786585,0.010948775094711568,0.03454677307403701,0.09434102974369496,0.02991098044419783,0.024378500815077052,0.06356281692658859,4.1841004184100415e-05,0.1514999670155323,0.05805901444929298,0.009515263424432534,0.019640505451394154,0.19598149826403632,0.0652080365428254,0.020413709105276248
5788,0.12319808395594568,0.12328181496308069,0.020880308209829362,0.030734960343248817,0.3558511215632108,0.2424135622056394,0.015159653216577551,0.5847882006847471,0.06399016233569141,0.06254395549354799,0.014665185055415449,0.055469436135431344,0.09626974318455395,0.025633099098988837,0.02542369941993754,0.16368551598852005,0.0,0.2466263297288954,0.0636688294763656,0.004009668837677736,0.01658512794372817,0.3646550784535214,0.12236935780751196,0.020756568545129923
5789,0.22063229427097447,0.12885396158443474,0.019651875102993148,0.035233566544539976,0.522785285341683,0.15101004040199748,0.06465890334039948,0.5217498864433877,0.06102992291475155,0.07741208722089468,0.013906537632956247,0.035237167857549656,0.07087900156055178,0.06326500091106566,0.08138563255995425,0.085372572502474,0.0,0.2597105353971664,0.07800911012076883,0.0011197795703643146,0.06946488647287849,0.2050724075352908,0.027461467834405916,0.018006355032333592
5791,0.2808964602666719,0.1456915722287232,0.02043590858952715,0.024818392243526444,0.3486368850109149,0.19729484355751756,0.011163703238387088,0.4825188597602792,0.06353352705847108,0.06629409454074883,0.012128078138609198,0.036701512037345035,0.08388131268242542,0.020200293727838332,0.023035056554888182,0.08714409517098899,0.0,0.1771546028360068,0.06624002926923613,0.01241072700810723,0.01947942472109949,0.2694581307386205,0.12023914192199867,0.021375940990394245
5793,0.2204975068231396,0.23806746069036452,0.10852795401859984,0.08785794400910175,0.30584743644575296,0.11988329791517036,0.10588151969077804,0.44623836596231103,0.17801577442669494,0.14924996030015822,0.011369283195798356,0.04522030782962488,0.08684367168261684,0.0284710802971162,0.03679123334776808,0.07558202402678271,4.1841004184100415e-05,0.18413498121557292,0.2990626239759009,0.023675760815169245,0.02083912934748506,0.2143721524675926,0.027293540280174867,0.021998281263283914
5796,0.11162161606210214,0.08219608464466656,0.022994654330904304,0.03819147265347835,0.2994870217288267,0.45236710345216985,0.03416681815067492,0.5587111584910419,0.057171977125849996,0.07249325597638767,0.08493010706490339,0.028712901031842642,0.09362499602036076,0.026459979007814646,0.02468291414669732,0.2458912611008507,0.0,0.20586539750299365,0.05128033426297303,0.01453287687988381,0.01821153788974478,0.44059275943109877,0.021563817176406323,0.01784299336459979
5797,0.23101855194740714,0.13990135544176419,0.0240876023317578,0.037239986938097006,0.33471728633651865,0.14562423935068017,0.04474715663683325,0.46984406961568254,0.06430186063286102,0.0916242178785655,0.011359254861077629,0.04620132292038773,0.09808328285428296,0.025259930400644157,0.026741081688983592,0.06254833995944291,1.447178002894356e-05,0.19717306426079698,0.06479214185986171,0.011160410593722048,0.0200502748330043,0.21330387197788434,0.05548819106686339,0.020892922745840335
5801,0.13866084526727906,0.09179985185900325,0.023813385702001075,0.04197529362021343,0.3633958465670136,0.2981219930165575,0.08196599193443985,0.46597500636151473,0.0899862092927275,0.0640780358932693,0.011084394469845257,0.026624754372712355,0.0916070674645257,0.030386759238638837,0.024512596718192434,0.1456762279382878,0.00016422754911304157,0.15546316096313736,0.06110573339449974,0.013669169674317012,0.020786422445270167,0.25870023154128285,0.023386923341822866,0.018964924735163622
5806,0.1582622790649926,0.10067350272936747,0.02207480126449359,0.03768368302490502,0.3434720306591322,0.13576785707657654,0.012734213605344555,0.5310992879570775,0.06515343256628363,0.07025124910480024,0.012260355585033753,0.026831973892833486,0.0913585981727041,0.02416175883464335,0.024155153592833004,0.07256323146442567,0.0,0.19110700538282724,0.06062690751578785,0.004844381106784704,0.02477641780087027,0.23500642861588933,0.022618138011414417,0.019962134873388125
5808,0.18238242693298942,0.14210815385598186,0.023617069132788424,0.06021116047115746,0.3815109875960541,0.2732982603182248,0.014787822186571487,0.5173531206249954,0.06520458375046269,0.08982840648781984,0.01287356508906032,0.025466280880229487,0.15329729044655396,0.02233240755032267,0.024301082760124552,0.10137660973816548,0.01,0.1760144399088225,0.08399956890363676,0.007275078993399711,0.020708919358077376,0.3811260899380362,0.029374634058812653,0.03135137263669156
5811,0.19762302503125684,0.1637677343971181,0.023579381688213087,0.11633033827273495,0.41051882877777435,0.13333893057638252,0.03600322684037907,0.3832342368994216,0.06290011461647457,0.0645869203158293,0.01104661069763578,0.03154293235109619,0.13958059400542028,0.026623619889101925,0.027351604904409445,0.07083828313764007,0.00018018018018018018,0.1575945951750564,0.3216315057234006,0.009363036915774857,0.02115258999491685,0.23729794047427555,0.04901325246756242,0.017299624932114583
5818,0.103182463163176,0.11179656870442574,0.03011127629322579,0.03174138800734594,0.358115729697684,0.13134110156615544,0.006212234975564421,0.5586676127393713,0.0723025750869974,0.0655857064454493,0.08158573211304627,0.03203490219424837,0.1290001149155864,0.07045356044240736,0.05650525371155834,0.08648518122127076,1.034126163391934e-05,0.5115451341538582,0.06318813805248555,0.012554864596792836,0.030584372028672903,0.1880603234257762,0.03257723677217886,0.06551287017355584
5823,0.1421362655383787,0.12439057921786033,0.023063601202071224,0.03214988115101229,0.374392379793018,0.14234082414483207,0.0115308423445761,0.5067590517431236,0.08427073440854707,0.10358345990959926,0.013040964361959964,0.02278891281342434,0.19276629570862386,0.023251124928390886,0.035184476782941274,0.062184852270371065,3.766478342749529e-05,0.2657413914073987,0.10572841819572519,0.014458047143020247,0.018577097687013207,0.2675650136216166,0.02005596395952961,0.01882713575281784
5827,0.14607557650153122,0.08599065445421049,0.0217769202488281,0.0357021385864023,0.3854468930457761,0.1497392393490953,0.03192992674666566,0.54461674007424,0.07150968500364784,0.07430594700043638,0.02046263563102838,0.023129183143831927,0.07336921428010292,0.028432327709456834,0.036061867969065554,0.08482013542634664,0.0,0.31318292639175377,0.05492816466670138,0.05591243459629593,0.08026619743493274,0.24634902389266825,0.022313736325207213,0.019606086854742327
5832,0.11883543067633698,0.09411302019943431,0.02108337142440586,0.03226277844852314,0.37624270373780405,0.12796052649357026,0.016580843405143045,0.4982422325161109,0.06997808356399272,0.07056276792765619,0.01226419474096374,0.026272839294227083,0.16418168915326362,0.02350844898890907,0.024817219823723854,0.06543849418174198,0.0,0.22166047275240294,0.05232766488863688,0.02557493128549083,0.017656260027948904,0.24178798298485948,0.02264592814411326,0.01819114876301978
5842,0.21561997151765758,0.26614447182954615,0.04440746502959919,0.032687062344895226,0.3174670439744059,0.1488146488058317,0.020814964024869726,0.5020139911242619,0.10347631799407761,0.18192501240717412,0.01165501300156793,0.03944159104069686,0.09654425169421513,0.02635520588072888,0.027371586240594575,0.08081358726966748,0.0015384615384615385,0.2926164744422695,0.08806894256778104,0.013955031760430447,0.020146182617544025,0.2596274832064593,0.020736914315476224,0.02053086403026226
5845,0.15721108746777454,0.09984549007999237,0.023897279346685507,0.05885784554102015,0.4077385882979316,0.13136978164840743,0.11456228770490873,0.4720751484667285,0.06456477084276119,0.06993427293569615,0.01990529359707849,0.02888160097007578,0.1126243222301257,0.031652620643221295,0.026432682009566114,0.06345547908802368,0.00018018018018018018,0.15381934924885157,0.06109553231808734,0.056863093295646296,0.02265339271051761,0.2109899618786332,0.027757111725290103,0.019062168439809103
5854,0.13721048590636337,0.10723024019969488,0.023199627056941514,0.05270159931307407,0.3757577208806612,0.18444519805456205,0.0657503469977804,0.5548984554137086,0.06529294137543372,0.07488088081178967,0.011115396903632066,0.028544448038977214,0.17723425266860127,0.04038545862507175,0.024512596718192434,0.10334019186556363,3.98506356478253e-05,0.15461225986541982,0.05899849524813277,0.008842609956588894,0.020669820941664696,0.32246697069130403,0.023744371546097497,0.019199383650005824
5855,0.12812871137598109,0.08860905833373156,0.024861039578917072,0.03955439342392384,0.390373639271813,0.12626487143776996,0.12529655904718515,0.45889135635014483,0.06406561896015395,0.0631287777901194,0.01003925072746217,0.03402649969289168,0.09278604424184607,0.26816057436116164,0.025565335848743525,0.06052535247925379,0.00020822741145567916,0.16161410487776529,0.05861679206867515,0.020716281154938777,0.02253399152354599,0.19831032128326165,0.04044075047631193,0.01885158891229691
5864,0.09819877627583372,0.08235884226778405,0.020791448699088902,0.04194193418622676,0.39141747327984666,0.12638507889429668,0.02950307755314913,0.5144101255164104,0.07618025323934342,0.06607201523596157,0.035158350147126025,0.021442325824620415,0.08341527620211009,0.024446902710948827,0.025828957903051425,0.06370067364314216,0.0,0.2988497989208515,0.05007291499473024,0.00628855063425014,0.01828597751833756,0.21099515156586726,0.020272433283413282,0.017830982943162127
5867,0.16429599382966592,0.11100743716734372,0.01986237479501282,0.0290265965787083,0.41875938977414306,0.15385768121892868,0.007499472138675881,0.5817355163146103,0.12477587480469284,0.06773038707922524,0.011729891009728113,0.020464524079365318,0.08620235178491167,0.020433838428247926,0.02484101318170997,0.0800544089350614,0.0,0.39007685654905566,0.049970065439632186,0.013170634685385596,0.3925218854182396,0.23671287962682772,0.021218544668631892,0.016430421305144285
5870,0.1122994239398542,0.08944781604555666,0.02340048738983985,0.04107262147400247,0.3807533285998116,0.12164110572745937,0.05869393532321805,0.5365550225727966,0.07041999353811605,0.06408604748890592,0.011328807573114387,0.026269706057113033,0.0931592613531585,0.029990768330800457,0.027882792313494255,0.062275825056169964,6.24778250903582e-05,0.36231179125493523,0.05497807647537394,0.013978827505280081,0.021180342123266787,0.17724185418981175,0.023996249938095907,0.018989520496627537
5877,0.1654148540329569,0.18942770964250236,0.016866703269267192,0.06288050600090743,0.23251712635988958,0.1516105265929329,0.02343910447685098,0.520490549029261,0.0691057352960742,0.1473518509628791,0.012222126865596174,0.08916386827235216,0.11786303650517364,0.02744118806549315,0.023854959297695034,0.1014956382637769,0.02001034126163392,0.17869112583843944,0.06181819882759664,0.01212219203454695,0.03032481364807801,0.2329883649353024,0.1349279846176954,0.030237143418790226
5878,0.19810202659196932,0.15079161244164252,0.020244490182820624,0.0266551662738438,0.30863444538975676,0.1841290765805327,0.04053446984327503,0.4715541120913594,0.08549128169320996,0.11401942891744998,0.05353320590666469,0.029465381782469678,0.21306648332672928,0.02482278495338751,0.026188919749101792,0.16496537866313507,0.0,0.2472339112367386,0.11876446248767597,0.002909379893813096,0.01725791151623981,0.34136356401314144,0.0263856663892298,0.019508057279737354
5879,0.22896802356311965,0.18170994156967663,0.022523718148601827,0.03007358698189105,0.3764801171827125,0.19304198579722154,0.010279243171337773,0.49737300885601116,0.06528800080207726,0.06308448249819168,0.012778139125037686,0.06705883541975542,0.08487411010519605,0.025728902392315713,0.02649492787758406,0.07382547274531136,0.0,0.1714888811618637,0.06640421713377274,0.003853996357422915,0.049974317320013124,0.2576953111727194,0.20149012042950368,0.03004093595902229
5881,0.1170648548515581,0.12078659295531853,0.01505602928247533,0.03249715167173378,0.43888172468216907,0.20381205181737086,0.038110304551846004,0.577613711336298,0.0626924335270755,0.09347109860873036,0.01456180942555204,0.05412070339651481,0.1178015768558037,0.07223189966746216,0.04239150626103851,0.20755604175308284,0.0,0.4307542420322497,0.08825894781478276,0.0014447009811122326,0.01830711781126387,0.3275484200786098,0.021300692690707966,0.03492753301717771
5887,0.1676705271249104,0.12964829828019908,0.020374537453136415,0.02871585006679923,0.34865624738252987,0.30086923914469543,0.03309388942948239,0.5561807275717249,0.07954903479936669,0.06792651707089026,0.029479073496853726,0.043949014691442675,0.10335389795099602,0.060368018151540914,0.031308870703812365,0.34450898875601366,0.0,0.21068718525999763,0.0976446893391491,0.0054747393477224396,0.024912006185861396,0.43389438023548565,0.08840383507779313,0.027383942514039597
5889,0.10823851843642725,0.09055135525114678,0.02212413245521684,0.044475869370572824,0.4094697820736905,0.124801604628899,0.115014122535126,0.5399147436220361,0.06235998089953457,0.07237502594050495,0.032700285805167366,0.02601082316646313,0.09091122918724352,0.03187973748102778,0.03589811314070489,0.07877989797797989,0.0004131667029764993,0.38469287550576176,0.055133355488369666,0.012669571279747507,0.020467547065805242,0.1961452346305439,0.024496984416581342,0.018245961057120272
5891,0.1100958476434514,0.10015548628145851,0.025462546875331872,0.03622729603628217,0.3880927407928907,0.12243241557263204,0.04908759252047209,0.5074922717474091,0.06458812357921506,0.08468511435390788,0.01069937527290575,0.030121862151066933,0.11951556922772832,0.03026269501471217,0.039483587979432834,0.06837244838368567,3.222309970831759e-05,0.40946876895354334,0.08136417625350703,0.012340137103215444,0.02851780903437576,0.19413595044194892,0.03535749744104854,0.019198708329298028
5892,0.12974254947680017,0.1056602648823114,0.030627042919336916,0.0498154517513335,0.37281864557360683,0.15128539233129928,0.06361774270580157,0.5444993937330639,0.06164798594547917,0.06030805125434831,0.014060587603378137,0.03576271662065216,0.08406027441557473,0.028507678224022604,0.02727061349870306,0.06093452017730744,0.00012360930167664905,0.2585797893014737,0.058321837477991086,0.012992146806598432,0.032135845438887645,0.21402630250143037,0.03031058927492284,0.019334101640271963
5895,0.10504872166652243,0.09582280582700088,0.018955943607113744,0.040356619335791606,0.4104622745570365,0.3071742042046994,0.009153900506785124,0.5850589708018,0.0745123173794873,0.07564333788009724,0.012227920916248906,0.031868895151376385,0.09384405751665152,0.02585730097414393,0.025813401548234936,0.06810146317098867,0.0,0.2825875433215821,0.04456876029269803,0.012368104393860345,0.02078557467366721,0.26245290929176873,0.02078279713597443,0.017195348730058506
5897,0.14510179942651458,0.21820655707530645,0.05108461128313704,0.03449943119534956,0.45001330882504376,0.12694706950749837,0.04779338204779635,0.4076716267268578,0.1712481007809442,0.06501140544794405,0.009840878991001077,0.03205226056811758,0.10594698325997554,0.027088324628376518,0.024512596718192434,0.0637723009233808,0.010015037593984963,0.15855088878051976,0.06810683237954385,0.010910687592877904,0.022282988534548496,0.2062314128260146,0.04863252024770828,0.018491534428360254
5901,0.14535889487182155,0.12515592439421844,0.0216882431172613,0.034215610370661335,0.30623956020887944,0.1973902812363456,0.015017951759416346,0.5460266404239634,0.06368462403771477,0.0739062087700827,0.012589231733490297,0.024600148172607174,0.13612035264599703,0.023198815739478035,0.026578424613772012,0.08676564693860245,0.0,0.27888870531216375,0.06590725779283031,0.02259331089167798,0.01859148669291785,0.2310089219487096,0.05572525511168659,0.02743961999035978
5904,0.17316780625933098,0.16109755029938058,0.025041453697187358,0.03324898101139818,0.35052985915891255,0.11415606387062242,0.01942935894932348,0.4343071990621128,0.10800196083797228,0.1550595380619327,0.01403184106130942,0.025288613844180307,0.15696399565397545,0.02595791130738678,0.028922249014500467,0.07574554653608807,0.0,0.41317188925748327,0.06262151639738939,0.003430597948248112,0.020276057286028576,0.1801277130221407,0.03086456133086035,0.01843633200039615
5906,0.0779560536836752,0.0757061214530987,0.016117901973460625,0.04954154800995475,0.39579687686341586,0.11896287274360065,0.033876687583094964,0.6464992267512545,0.09165156031407994,0.06386481610184068,0.013233266575005214,0.024071678949474564,0.1249880162606783,0.05279993014552892,0.024745968826187837,0.11323505012585831,0.0,0.41527799825177036,0.05865914490262844,0.012793118874864375,0.01787617701147192,0.21843564819384867,0.045068600712152594,0.019545586220951327
5907,0.2137894401398808,0.10679138272494175,0.02400662998107625,0.03813620327915554,0.360203933707393,0.32567868854818904,0.06824448362139555,0.4484914351597436,0.06675280781200137,0.06459407367044082,0.011189581141770433,0.026289389758402698,0.10386796737010029,0.028937387405313108,0.024155153592833004,0.0636394440532603,1.034126163391934e-05,0.14911591593264079,0.05911067777056904,0.022820318293933363,0.0205775777585174,0.2634111911325406,0.024678435933459104,0.08377061660403422
5913,0.13850595781802855,0.13290710140864476,0.020764677521161057,0.034048013858327016,0.36178608618278907,0.18539365009105854,0.02385796919653128,0.47168467538507075,0.06384635772722402,0.06697212207665595,0.05071641702059911,0.019722294789948684,0.12882564141669317,0.021733672637008636,0.025708251503389627,0.08496103524498133,4.1841004184100415e-05,0.3497593132127227,0.050317825556294916,0.0030604459567666015,0.02953995425602867,0.22292431443113933,0.019599164206499507,0.0868014379441121
5915,0.10955580756636736,0.09197522257613297,0.022304436531550426,0.0320501380337655,0.4063741794092345,0.12250540929735687,0.054694705685622645,0.561006735896753,0.07587592813186106,0.06256087211202177,0.010166439497140689,0.02350470677095129,0.09363038427378745,0.02853172471881932,0.026015913813184986,0.06953461361253507,1.447178002894356e-05,0.2697362902169715,0.05439056594678284,0.009057337850138868,0.0177647582567724,0.19822734172322765,0.0230325659970834,0.017849579769432126
5917,0.12078869040878651,0.08382004797887763,0.025059370877242047,0.03443240115599702,0.42493844309919226,0.1308131382132943,0.11622329881961409,0.43274034351487517,0.06543511515091291,0.06876551223829744,0.010777596486620173,0.02700259076112683,0.1559816426062949,0.032703038660349765,0.024512596718192434,0.06300211066649758,0.00010671176131711939,0.15362097521477255,0.06991852733168286,0.01410897131781939,0.02039407703683831,0.23514058785744724,0.022718325958239236,0.01921267217838617
5919,0.21186818375763838,0.10918074268985166,0.026666347270189877,0.029025264181756348,0.42844243454133524,0.2932212873671125,0.06522664797843421,0.44967465128265866,0.12320047585629863,0.07576778540522311,0.027135614124661325,0.027070085280760332,0.11485591331309808,0.02638446179187586,0.023953792276894266,0.12338124726728862,0.0,0.15447328468084207,0.0754225743311136,0.006072983715964988,0.0198312266239113,0.31641804129747547,0.028541705782447392,0.019838394570553503
5923,0.23568659835959493,0.21277647264594854,0.04463499179325274,0.05015531435768983,0.3589221808092858,0.23719850550265695,0.014705732087620903,0.37992576455980237,0.10787996454821794,0.20672569586795916,0.01215745023821302,0.029299514482576505,0.162549557487265,0.026403867686209233,0.02638631969811553,0.06292037743193196,0.0,0.2073587402024765,0.0789625009817211,0.004940661535153672,0.02219230623068968,0.2939863048038228,0.027775868425688716,0.0221830261061777
5925,0.1367324224445535,0.09736614620580995,0.023201738616673944,0.03171497355197222,0.3889647470447942,0.16682721317544508,0.040194923012237815,0.48961399309482323,0.06437280288535241,0.07322887923609267,0.021093480281914455,0.025736736099284337,0.31238161673057524,0.026556680449202827,0.02435506614853693,0.08259786222512322,0.0,0.17495137713268824,0.0601929863459926,0.017054823427345763,0.021598158407987147,0.22775754896459482,0.023774586321968563,0.019091689222770568
5926,0.14246442785696892,0.1041411681098415,0.023064807122129258,0.036270537376842375,0.4210606578084162,0.14914719050407485,0.02779123260500944,0.5114033898558529,0.06662028771847887,0.06518718967561088,0.010533265864842396,0.02509985618133917,0.07752196871986583,0.027773597362410057,0.024385127027869453,0.0659832214223394,0.0,0.15757041171640263,0.058829555394163534,0.007360337290831212,0.020011327187320765,0.20938286100680364,0.027309469671158205,0.06920779270159992
5929,0.13959575313669528,0.1239093876540268,0.02492905668837773,0.04161516661533218,0.3699473331436586,0.13177459099737454,0.05150706234452404,0.4802443607192163,0.06707570517232543,0.06653356996983956,0.023941985193783096,0.02582254538388122,0.22124288515209314,0.02529396378478001,0.024155153592833004,0.061919719777150634,3.635361810334181e-05,0.15781248549131935,0.0830411150812587,0.006430784650860153,0.022389452801752797,0.21901377557817608,0.025254866094784455,0.01856823151787704
5941,0.28466137373302963,0.205433830279616,0.05182137531618491,0.027112458577570737,0.3488773207371774,0.2813819750210231,0.02257205884467833,0.48429757111018645,0.1134159135598893,0.10932677185571167,0.0614573683606374,0.07123145636427484,0.2271911738460127,0.020836089244011945,0.02297354276410049,0.19047072123560813,0.0,0.16388810924418767,0.15457694777346925,0.005498107146314866,0.017816340331029502,0.532736902842921,0.07626804944935257,0.08048804328401303
5946,0.13762975944498712,0.09246593960213141,0.03329703350967061,0.035114251070154194,0.40432585696769424,0.1252315490784438,0.04478294519967393,0.4733456974566853,0.08112094877477632,0.10111340177546943,0.011308685614596596,0.026871877974485963,0.08625865829735725,0.025868697477407804,0.02544270435936229,0.06296814318310283,1.5037593984962407e-05,0.20272454514939295,0.05671695964522396,0.006134925073267005,0.019273682958671944,0.20590764944219025,0.023304844991156447,0.018250490414667954
5947,0.1209010594712435,0.08519849715988415,0.021630511620836262,0.033817998771448886,0.3474313545556532,0.30181781155705883,0.03217308975664683,0.5113308584875396,0.061087728535683006,0.06288026520790929,0.011664282043894893,0.0238293601444625,0.13317023660366042,0.025015131549637352,0.025472458600781595,0.0696097881504935,0.0,0.23027917112066043,0.04702535647758504,0.008860426422760635,0.016729733993667686,0.35726003643795257,0.02662987239549039,0.017334714262999668
5949,0.2245306503919848,0.09540061715115979,0.023536007716015855,0.03581685565141767,0.35560438186948107,0.17706640998067727,0.06623163865476918,0.4844698158775428,0.06668710287476778,0.07391705185713153,0.010416857510488979,0.026442167743372682,0.15491043361733356,0.030054918817552793,0.02570053933215287,0.07672890542935627,0.00010451584891504839,0.14449553954029853,0.0818061115459029,0.013811066161384953,0.02007165084863321,0.31673265985588467,0.03145024833740423,0.019103617333982355
5951,0.16000818984231543,0.1293865463404792,0.023270712147539264,0.03900400722354292,0.36887175111303927,0.12915456084718147,0.08936646255863917,0.4426554856657113,0.09059542926392396,0.14481442584255588,0.010286452545303216,0.028017014348305135,0.09204631020113689,0.0397097711299736,0.023941469155103673,0.06153090588782094,0.0005767857194596262,0.15305996175242428,0.06801107394126321,0.012955510939814969,0.021201758586540984,0.2071848364075959,0.027683228276666912,0.018386289910415743
5954,0.1385602530377463,0.10333538355979116,0.02548657417561487,0.04176089333406705,0.3750789376812485,0.3113010419098533,0.046315876607641665,0.513181795708208,0.06377800615142429,0.09676202750732063,0.011215574195907907,0.025414395599121956,0.08107295514809802,0.02521243896886545,0.024191197277532814,0.06423861596259318,2.5378855618881745e-05,0.18149344880664928,0.058579191852552975,0.009701837495471082,0.021124872907899172,0.2562848661029919,0.024414647689496263,0.01863074437262794
5959,0.1175578055288151,0.08710805442233366,0.028218085859575765,0.04146421180555774,0.3625158560159921,0.1317527125543453,0.08770116763933582,0.5264440602297317,0.06330727854978728,0.08291622047040793,0.010424383924019114,0.02592340820822725,0.1705734131243542,0.033742480238893965,0.025149193131039024,0.08826449700722355,0.00020949759651494739,0.20058129402012104,0.0608345461194354,0.014016455255022875,0.019673736261023346,0.24343754368683526,0.021550538186605704,0.020385911857262635
5962,0.21235293474085307,0.1491323455995637,0.017155888244640812,0.034994119326718615,0.3993994581641413,0.22318459653147102,0.043525621214654905,0.6578342001866544,0.07262687857439999,0.08919942016539782,0.03317889477343822,0.030311905096797806,0.08469174501087451,0.19986569594305476,0.10204689684797268,0.1902388012071989,0.0,0.24647914792539014,0.09911534280825306,0.021824673060473723,0.01904225052866101,0.28744851189042614,0.02205902639309411,0.017511141331644883
5966,0.17003488338278827,0.10886639036028348,0.02276448937587753,0.02894317566159191,0.2695588212981107,0.2697540351588269,0.035889787842982114,0.4954537259755771,0.05799822426210279,0.06629996687203935,0.017339368615581465,0.04462564570926669,0.11773428685968565,0.02539965910075764,0.024347329921007087,0.11451024034629675,0.00018018018018018018,0.13589340312525544,0.09802946056548346,0.008046428570974937,0.019369379287620107,0.3716868277030204,0.26017754871881715,0.028153360137544308
5971,0.1318328569466716,0.09525443768654707,0.023976583683022516,0.03595323533598898,0.3169193956675803,0.1316501378894869,0.045641666529738084,0.45574022151321214,0.062355590099529234,0.07751873040685499,0.010541480980118461,0.027113109353072345,0.1372033382076374,0.02779180341419068,0.02492220619824719,0.07281683928976342,0.0,0.14940332081097427,0.08295867824429798,0.010012031713006707,0.019760362688101038,0.2586302764573434,0.02462581775863666,0.02008071684583568
5975,0.10935228230935096,0.09247592893774095,0.01743030899170652,0.07070070406827295,0.39976772648498327,0.12046199555718402,0.02991332707992083,0.6923407095180752,0.06440921637350298,0.06479196885347972,0.015060524855070288,0.04684619663930801,0.07111843432987999,0.03771836773871813,0.03157210894599618,0.06273296015585127,0.0,0.44238283906631204,0.08226826148310673,0.0037262250050634827,0.03181532746550713,0.16154176527706515,0.028112739173692156,0.07100086835209458
5976,0.2831216656246697,0.24464226045421708,0.034971057486390074,0.06463941790664203,0.37883916881013896,0.20512900957964184,0.030457083098920316,0.619703562801557,0.12404796718883665,0.19172567431008655,0.023840688079504953,0.037435236011026454,0.09498546367524453,0.0661390021614688,0.0269269627356407,0.1367262273936586,0.0,0.3997807354732601,0.09507061250720077,0.006101535668447188,0.0694820624394062,0.261175096322046,0.04593202457636315,0.015564856344077047
5977,0.1257240952334725,0.08792652714891647,0.019873607372847345,0.031531560656542446,0.4945299434152314,0.12206831004621269,0.008838119440265673,0.5987779351282374,0.11199340197919076,0.06386159197108238,0.011208344840808529,0.020739396359088794,0.08167166585692202,0.026585072129468236,0.037825481920646914,0.07897549306563804,0.01,0.3754431307740923,0.09176424455180031,0.004554597359606783,0.020348259122024728,0.19739085319878957,0.020306923783657935,0.016581374809922732
5978,0.16599154322665796,0.09740728684672041,0.021526967920056185,0.07421996942101856,0.3332488165845197,0.2979291085770561,0.04471787693836454,0.5666096932243161,0.08726187001933822,0.07092247796498889,0.02277220628339919,0.03559876892496834,0.09536531930534725,0.02783669168313414,0.03470214236125278,0.06060620684236479,0.0,0.20380223023048585,0.05542229498131572,0.008027949928929438,0.020190280172495592,0.23273597146672168,0.024951495239103956,0.01858435494145738
5984,0.1251050002153008,0.09853971040861484,0.05143342515978948,0.04975838262062518,0.3810244066386837,0.12907130814721307,0.06930296928974868,0.4799059180065622,0.0730597625419771,0.06357296459685313,0.01971420200482101,0.02792152859026097,0.09747626301183919,0.03234666117243206,0.024254424742344006,0.06656712166426183,2.4813041662862895e-05,0.21187555068947803,0.10728822830120968,0.03235392598884673,0.025483882235297236,0.20748347373087106,0.025295086547814302,0.018859889931044746
5986,0.31745194456451786,0.12272764229604817,0.018312018557675735,0.017707277491961257,0.4082025987832118,0.28656783307261274,0.006199714631918469,0.4993196709417883,0.058875761870608355,0.06895421359344239,0.013286418311153195,0.02241948787864083,0.1059403962824528,0.022358765823746712,0.022951468887632342,0.0977746230691076,0.0,0.17684811259340244,0.08270717616234265,0.0017768398319059592,0.028274720687974,0.34849347604773473,0.028000103067453014,0.030324577750625817
5988,0.1343368055750058,0.09710814275482356,0.021942173156823234,0.03387188206954021,0.44133184735983577,0.135093826602542,0.03114007598972405,0.5218399094651617,0.06562441512625726,0.07667471334533028,0.012310413028185247,0.026532388069569063,0.09105892567069661,0.025596232562046174,0.026378352939341404,0.06855946762576859,1.447178002894356e-05,0.19387981696830534,0.06813133719747774,0.006497195556180756,0.02107942496315073,0.20511931431997885,0.024016194163179714,0.019360054142647375
5989,0.2583000185512402,0.1861808337459577,0.02193354186761143,0.04101092403462163,0.3598828424760956,0.1326614830619188,0.028019507347098085,0.423300119696029,0.08394586997003838,0.10378497738764438,0.012337492214810229,0.05804250319944535,0.31566498970275614,0.026713691537643244,0.024375562496284107,0.061466141840796844,0.0,0.22427878729932618,0.1910756442472983,0.007641500757039354,0.06564729613084586,0.2396962893010845,0.20280806169772345,0.020798334762805494
5995,0.08769797728611423,0.11193245048196941,0.03755369070873358,0.03461769746190904,0.3225424364991888,0.13814585930755985,0.019301280552867162,0.6316146933593846,0.06593633050239474,0.06597281976971313,0.012947189484577975,0.021590157163036777,0.07850287380965104,0.023666140297147083,0.028372075739956367,0.09659196836523751,0.0,0.4012831851640783,0.05765792556006868,0.011880532359777929,0.0191047996717029,0.18007199855199996,0.031338639053049004,0.02773443266784527
5997,0.34278384701130216,0.4269467112218899,0.04933671812800564,0.04287866955096211,0.3650649298040171,0.16166430423870456,0.029028311504912818,0.45306506806831526,0.15608892659790444,0.29830435334473604,0.025038611845119275,0.038674456917130715,0.32061484172257954,0.08716371579336027,0.04484197143522997,0.14915612428855649,0.0,0.44863960518667206,0.40930602600328064,0.022048658849403407,0.05280106879219017,0.3319541823005946,0.04893795227406964,0.024649951106227842
6002,0.23809640957041409,0.17626326908106507,0.01733551204047577,0.03217708607402443,0.3327332876288795,0.17750569493014365,0.041028481048893665,0.5934786745295928,0.06391080053240877,0.08691598996062737,0.01214357451543348,0.04819435057012921,0.16218953298607994,0.04206475624582388,0.03719412672145065,0.1498509628228095,0.0,0.343795011661029,0.09845555455914384,0.0014650697793393641,0.016232119458598617,0.26177546902355203,0.022495342334568003,0.019736055301939347
6007,0.1338089714403167,0.14421641471246682,0.020022728052325918,0.07289135280377476,0.38380315902760487,0.1270167999125092,0.047595090704980525,0.5701266451487881,0.1065933263899926,0.06340319961337651,0.011830946476082247,0.030019151970808195,0.0777002764120074,0.02529665886240974,0.024512596718192434,0.06441770077918799,0.0016285023133469551,0.1909463197085442,0.06639032121079456,0.004625787175284892,0.034170713397079194,0.20132782639965494,0.02687852111471152,0.019910781398704367
6012,0.22129980436443325,0.21745704310355657,0.04617349695676301,0.03836915943093885,0.3838232633574307,0.15923643927160622,0.010008748713415172,0.3740470030376934,0.12391638426673403,0.18032179524258385,0.021719809985190804,0.03371313428578585,0.15075663784340285,0.022029441787607955,0.0385633551648378,0.07207669263185602,0.0,0.2654974115916357,0.10575757353662932,0.008891408907274589,0.02429342269336172,0.21641146720597193,0.02382047740339976,0.19352334887340863
6015,0.18142928507975625,0.11157844826400788,0.028989700217457438,0.02922307989495271,0.3827478237594222,0.24799249779906185,0.028078714799908977,0.4318015471479917,0.08097569730730189,0.09423255684596647,0.029940895298935483,0.024703254647347,0.20790098562778053,0.04932933560031136,0.032744344832850464,0.08514664177203804,0.01,0.21736502770436578,0.06770876811905681,0.026005001272399943,0.03382486642171211,0.28379592492289135,0.07115781637486868,0.017152252589805964
6016,0.26779980145761056,0.12051314644594177,0.013745281405301816,0.12658647866552258,0.4633713313604643,0.2789072704790923,0.026127692531363357,0.622928336953445,0.08135147901888233,0.10665123323113557,0.03228929307669972,0.04176813668815546,0.10279288021358392,0.04001542981922277,0.11951769418082499,0.18584535932643412,0.0,0.3049750876821141,0.18535411082286055,0.010651406527042814,0.10204618247275352,0.31132768500123914,0.02973155437455783,0.0877346861194804
6019,0.1118105234146764,0.0973367109993722,0.0492360138485517,0.02507886254560698,0.4407001509780806,0.12592822557358602,0.020270244316011397,0.46089086906539734,0.07043336116998028,0.06543825733483657,0.011118683938614682,0.02379891495496802,0.16622621918093347,0.025738021845572147,0.025363762002147294,0.07015078483209683,2.188183807439825e-05,0.2459601444224021,0.08827424594363377,0.015353136105230451,0.018079115899247343,0.2219018358288877,0.03112809346517306,0.017134499878098515
6024,0.28757885292279883,0.19570915087578478,0.023522802482138762,0.035036226134529364,0.3641069476298276,0.13329011522952974,0.04828441322804161,0.3962297549102955,0.07072056112442054,0.1259273963149486,0.01045500315188603,0.03779821028505379,0.12699045308680434,0.028199466506889807,0.023673710576387532,0.06429715015534512,1.5037593984962407e-05,0.1770634519677562,0.24615000437312862,0.014067603868019347,0.020396453948912752,0.21167210289161426,0.09480115302961478,0.018794054687224723
6028,0.17423779507095477,0.10176160981197317,0.020123237831023866,0.03335665754888859,0.4414383715454532,0.13056676323320832,0.019751035224211493,0.49368937108104105,0.13921677800561563,0.09303168350907795,0.024774195831667928,0.02102643458747526,0.101406054933903,0.021916746246350455,0.031470852104577784,0.07496460946239457,4.1841004184100415e-05,0.40600277435903265,0.06499831394640304,0.022418012845326553,0.019791716529140625,0.2289018000549077,0.0205988533975469,0.016958543709778062
6031,0.14821626978372163,0.10613051606893635,0.021688711590311237,0.03278629610958244,0.3279493550621564,0.15079221081849137,0.019115526552450194,0.505216092354888,0.06333520615438847,0.07443791531755573,0.01140272705308038,0.02258162741085209,0.152541816129187,0.026033635656460604,0.024817219823723854,0.06721147704131168,0.0,0.2305164331203532,0.0695820283078335,0.007381140413434224,0.02169131660612219,0.29016808703329483,0.028312964747665748,0.024039873940334976
6035,0.14471894587223003,0.11717133679631203,0.03779025714055587,0.06607019702043218,0.37026235140029434,0.26344373904847285,0.04917034849276026,0.5330658885632981,0.07379748385275703,0.07098851187178778,0.030429936813177565,0.022445201201987005,0.09829196965608517,0.06950992171932474,0.11741729797261628,0.11206880505318134,0.0,0.38051764667990234,0.088205903534915,0.012138077741717188,0.032926110401301834,0.30428394280092713,0.03992777704915051,0.01748542364836249
6036,0.1691704166404526,0.10263974231880307,0.031503861224370315,0.06497681460359854,0.3338395158131523,0.1315579499743522,0.018522712140048206,0.5301758350719935,0.06416665196240678,0.06566921997329796,0.011974227640390387,0.03704969546776947,0.08472119805368689,0.02106055445970278,0.023919449555120362,0.07057194734835036,0.0,0.326610113846369,0.058115357144483244,0.005481052308638053,0.026546197651265768,0.2369150683130355,0.03454602064138784,0.019836188826023355
6038,0.12687138888546057,0.08915192706006148,0.024331943083804698,0.03929461883215197,0.4467959798812117,0.12549171138291687,0.09128922315226966,0.44385147854833834,0.06394319360333137,0.06453046500949279,0.010192636436403437,0.026839747687457453,0.0886721117967361,0.032781995541971566,0.024512596718192434,0.059511215877041564,0.00013390486094898746,0.1545014056143147,0.058129373067199196,0.015616285001030319,0.021521795926470074,0.1959957597206646,0.024045930509366292,0.018973115308040953
6040,0.1343745199950955,0.1270593875786296,0.021611299415752443,0.03674123921071415,0.4188585951817821,0.12853103930092266,0.018593053426491136,0.5565224680943736,0.12313427086729752,0.09787896960655719,0.012729681085812785,0.026873071889596332,0.1361393356882129,0.04711049304368692,0.02365330564478669,0.09480481287445786,0.0,0.3247695714327289,0.1265539122573057,0.014473494745803117,0.01955111697436822,0.22635435695836148,0.022745795635035274,0.026073823485799043
6042,0.1258186195302607,0.0875392835634104,0.023632107138895898,0.043738089399561406,0.38304384221939924,0.12945636570936123,0.10982273048884693,0.46514471822686526,0.06423698963312122,0.06354382983928283,0.01003925072746217,0.028056207113820068,0.09908189653486772,0.03256143521080594,0.026259126591457366,0.0706245420100225,0.0001228182479469335,0.15632075404239953,0.05793164224599285,0.016454297364375713,0.020723197039070072,0.21081515556374048,0.025421453705469773,0.018287333854286318
6046,0.24967894832038262,0.13625057947474153,0.03421397724410258,0.032925616287928144,0.34807083560328617,0.5121237372232811,0.022187642695241247,0.5399473880434834,0.06598903274100226,0.07474184730525049,0.027016240998477877,0.026909791352980487,0.08115615476078969,0.023952139265170813,0.026258110276847282,0.21352856900937117,0.0,0.15245707164464592,0.0738546476190957,0.004879650643967543,0.03218757515471279,0.4382080246587041,0.026221674855605982,0.04946430976914508
6047,0.0983899509029365,0.08579625938972858,0.021745609668426563,0.036720175884059215,0.3606467960804195,0.1761966802432244,0.03655730756384221,0.5700501056663981,0.06303021633920582,0.06800554419004701,0.0103048800884961,0.02604678980050468,0.10751143626515981,0.030241053449960552,0.024817219823723854,0.06677408220021265,6.955776919934567e-05,0.2622334889935358,0.05124408261971265,0.008120902864054197,0.019649218122299444,0.2096356548635624,0.024021770124553282,0.01803626015790527
6048,0.11730280050147192,0.17359252924198398,0.024275159180932513,0.03556519950025792,0.4306992265024457,0.1209101526158542,0.03695974705547259,0.5732372530496317,0.0795129789279797,0.062417742389439264,0.010891585680172036,0.05221600537161206,0.10432366276678166,0.027748681311735034,0.025259626038953983,0.06966203969452817,0.0,0.2869412053247881,0.06103087240379634,0.00608940323412624,0.029500065124824438,0.1925539114879219,0.03068546767591815,0.020062775805888475
6049,0.0784806017720703,0.08269185030257159,0.020086946263925466,0.04763915942206534,0.3763399735954327,0.12192853407653283,0.017162445003777456,0.6612103055490088,0.06034506899742568,0.06580914236055685,0.011245553566076405,0.022748039169806483,0.09664164985297516,0.026293890444789924,0.02783022854418005,0.06291168012396586,0.0,0.4965086566814672,0.04253446045830248,0.007575735402356308,0.017029576498301134,0.1848686622966052,0.03625406799880676,0.02036383698385688
6052,0.11861035502990777,0.09175139840688992,0.022757240721287205,0.038636609363173584,0.3703852724210169,0.1276766247729716,0.06402819516047477,0.4700402634865498,0.06337723091610935,0.07810499530194415,0.010218156897300448,0.02698515262280177,0.12872179909875847,0.03252645221393017,0.02709852481434302,0.0667109978643953,0.0004960104657736499,0.1753453177785302,0.05803738169499169,0.013632001942951399,0.018655852456119944,0.2296631461212502,0.02251845115058257,0.017909657854759446
6056,0.18251458264094708,0.15144233708413762,0.025571721703404257,0.033342485493339485,0.3189864104743043,0.13137349470513854,0.02434114638282611,0.5076829139295788,0.06336905263658356,0.06695149121653106,0.011389544070848719,0.0562390546823835,0.1009744476048489,0.023419048937858483,0.023981946093779894,0.06484469013628509,6.24778250903582e-05,0.15556205203669685,0.07722286966927941,0.01598790911356264,0.021149373184070796,0.2485047181675506,0.2513379172607928,0.01951631091497393
6059,0.14351583918971544,0.11466321409832413,0.02784603735019535,0.051429330133819964,0.41490090269843016,0.26728880989806164,0.03676161079544021,0.5827429754410993,0.0664065192187659,0.07455758240235436,0.02329948776938693,0.038818697828563356,0.08477697940969715,0.02349444945842291,0.02688050882188428,0.06418902673048088,0.0,0.28957691146782916,0.0540097503506248,0.02516115797892816,0.018307051734235403,0.23018627989463375,0.03730472950126014,0.01957455030755815
6063,0.12644061679166238,0.1351354105521069,0.02370339570512074,0.05199108587356593,0.37903466883520565,0.18297837603111364,0.016983348994978918,0.5070670546318481,0.06724947658604809,0.07920574287006409,0.05694013943580474,0.024475049604233773,0.10115607660539988,0.025829937730513314,0.033153321930972056,0.09664227936185812,0.0,0.2750045938346766,0.053325342851920476,0.0064743853996869416,0.01793047449216776,0.24084269771663894,0.022553698387476916,0.016517360768465286
6068,0.16952234974864222,0.23456838000755506,0.03816327669474548,0.04377181240260542,0.3568210701798874,0.12227401746220591,0.014582449127947825,0.5252068838440976,0.11330672718426127,0.12181075120263546,0.01056168282294247,0.025390031331971385,0.0938974365398369,0.026174307006069656,0.035185852758999984,0.0673423326480323,0.000679438683753794,0.23135747187025935,0.05822011360301464,0.0053052165552585975,0.019004990899874393,0.20652607272461215,0.03358245323564194,0.017729667541342004
6078,0.13139509158850735,0.08969447369239524,0.02397718838698006,0.03601801547505991,0.37698500722139955,0.2078891604065085,0.09122922818413694,0.43259777916105174,0.06332916126082345,0.06453046500949279,0.009925565613777058,0.026515979261956098,0.1908181597464218,0.03275675120254157,0.024512596718192434,0.11756930013068187,0.00018883477828688335,0.14868263964626638,0.05901030320004815,0.01540365935488377,0.020841164823913193,0.28775577458271917,0.024045930509366292,0.018679284256983286
6082,0.14791819137457637,0.15218600273611116,0.022694964653386954,0.031685630648527745,0.3561468309924184,0.1262367445909559,0.02823483379290113,0.4709401115387785,0.07377576625335598,0.08491758421495625,0.021349886513436438,0.04391210052773751,0.1047783387834905,0.045430523381258574,0.03465995388590031,0.10722338433166101,1.034126163391934e-05,0.19078913825764196,0.12704680967802578,0.003586102040561364,0.02341507021976952,0.21753107928311372,0.0631201337780092,0.0190871448614073
6089,0.19976853356211582,0.10329618909835116,0.024179357818655777,0.02816674421356531,0.3820551946455148,0.30041210019584963,0.02685190872162659,0.43951749615450825,0.06192107609107499,0.06511955090721293,0.01212246852957298,0.02593832378708675,0.12639254405877406,0.024038238089645513,0.023943639634765125,0.07838907249382919,0.0,0.15469620084530397,0.06586217391377354,0.01626983046313721,0.02039394033019719,0.3189240884449387,0.025607378188675086,0.023650857502870958
6090,0.14354649540450473,0.11070979514714871,0.024324234403569706,0.038339794961767544,0.35667117047726565,0.12789819200780908,0.0456905293903403,0.503200492816299,0.06588861173994,0.0645715290132749,0.011963841442616674,0.026729066745246076,0.0887239015245802,0.02963122915119189,0.024512596718192434,0.062288567523244104,1.447178002894356e-05,0.17026925614999228,0.06005536827841354,0.016998312912154572,0.030011543554396808,0.2234782544205234,0.026996442255322717,0.020293553206252538
6091,0.1633933616884138,0.09402097692308073,0.022701739061439068,0.0324663744210522,0.41517004413306613,0.14226622099995884,0.02336072907805487,0.4714686655900633,0.06514867757039018,0.0656334837700971,0.013879156145250687,0.02646365692567025,0.10884508902799794,0.02427112618045668,0.024301082760124552,0.0742744955215632,0.0,0.1482446460192574,0.057957453238735315,0.00987057256412679,0.019151788650864265,0.2222289060218689,0.023747353657695626,0.03389076778778297
6093,0.25471022142719796,0.1268363225650674,0.027175402441539112,0.029462540612595806,0.3565882583861282,0.1915095942580968,0.012142277614160575,0.48194302955156404,0.06535700055518999,0.10377658002805733,0.012073049084799361,0.03124565361269692,0.2063280435975553,0.023138391883423717,0.02550839831004252,0.0807895545096628,0.0,0.2262803849318882,0.08710884306665281,0.005566759152068417,0.019122185627395025,0.34939692131968747,0.04355951716503328,0.01901886542254115
6097,0.16100301689305987,0.10875707017185919,0.023923232044183212,0.06341427159043696,0.3932143534025449,0.1264066327475872,0.06326283373733375,0.4777020766551625,0.06603389550616408,0.06565436934846036,0.011365233474614697,0.02717554998624721,0.1003027187090937,0.07191804080181428,0.06867698971812014,0.06228543480348565,1.447178002894356e-05,0.1578173611360441,0.06312441855484513,0.006441950871707851,0.03818153273153712,0.21723584626466363,0.031382003579559135,0.028807870367389334
6099,0.15214818327733773,0.1639026973261232,0.03454374698705817,0.04765717806020176,0.34814993962728946,0.1448386651063633,0.09008737336473394,0.397660326352654,0.11232316010885374,0.16309865196501513,0.027927693453127768,0.028669026391944286,0.1665997175860708,0.05790295682088889,0.04277938392390619,0.06220766556521811,0.01,0.2113905768897445,0.09655292621759078,0.020745157540743037,0.023649523085921317,0.19893568112947924,0.030023562329215814,0.017851596632659502
6102,0.12452224152985718,0.13968167244444651,0.024233706385088007,0.027544404743371408,0.40060618839580825,0.1409537745464276,0.020703732841817254,0.5132459663366687,0.07597241128116206,0.10244417207249117,0.01086951255120713,0.026056512454274438,0.1096301666337213,0.022811310919922792,0.024690004772293092,0.06215158486479208,0.0,0.23466182543272293,0.05750812884774884,0.024287068193576983,0.017628162291956538,0.2003923752379028,0.021903960703976506,0.019265983157865
6115,0.3904760563245592,0.3017237195301686,0.02259458750647542,0.024920700373122422,0.36725329294637993,0.23448816160785546,0.021843703872385344,0.5094122907357673,0.0756485939959572,0.08076873884340227,0.04768423980435891,0.024718312345935668,0.12352920695784057,0.023480563963244473,0.030769071108809706,0.08541207227082097,0.0,0.1675924238660954,0.12022094900299037,0.006621304390313689,0.060120275261383534,0.25004325100277836,0.0537636105424919,0.018401799587168022
6116,0.12611548798985792,0.08911944355290481,0.024107153100079444,0.0636332921352596,0.36272664588128284,0.12586472264583923,0.15641258448443515,0.4744144087374709,0.06284992039704063,0.06167682520505096,0.01014344541522531,0.032278507019853665,0.08956994348510601,0.03542862479027538,0.024228265199741132,0.06074667470112271,0.006328295529779545,0.14641821674044322,0.0606084983571256,0.01710215139709548,0.04872519001828926,0.19948807021868395,0.036263099997588914,0.01850952493238763
6122,0.12286142160864719,0.10451283877899993,0.021751668056538043,0.03291536591726481,0.369548704342315,0.13231329993080937,0.014107722272235406,0.5450767419813066,0.11097676652080649,0.06924815103931177,0.012179122779671486,0.02500579255927956,0.15180416909970273,0.024542960438918456,0.024044145452827532,0.08442626768145584,1.034126163391934e-05,0.16706600041780767,0.07067463990009674,0.01696811013513588,0.029299275145112623,0.22903645052923413,0.021447389516199997,0.01919642446865035
6132,0.1296834487390486,0.0884587077832776,0.023710743797749366,0.03765411573407203,0.43681773926304657,0.1300967035199726,0.04362305538470905,0.48691127990127553,0.06496447958040745,0.06555149463407997,0.01059621731186464,0.026256507260581118,0.089353194714508,0.028638902929664804,0.024512596718192434,0.06163702777944923,8.405172413793103e-05,0.15338482645464332,0.058260273438342274,0.011807859222516084,0.020803049520194204,0.19754475063797475,0.02343358547366192,0.018973115308040953
6136,0.12812871137598109,0.08992708532591105,0.024115749869840303,0.0396435682724842,0.3903103261481551,0.12814804560054235,0.12000647851767532,0.45145854169436883,0.06406561896015395,0.06354382983928283,0.01339385690724369,0.02758885572980712,0.09216406253179402,0.036109273518672526,0.024512596718192434,0.06074667470112271,0.00034849033072512905,0.14985628244552152,0.05861679206867515,0.01683382704989759,0.020595809637776928,0.19957696197920022,0.02502738798208315,0.018298368750081274
6139,0.12930255576826963,0.10331698295136406,0.04474904058914327,0.11084297723160509,0.4599563794255058,0.1710125953981978,0.010174487733469432,0.6058633108250673,0.07056863798360315,0.0751785470574116,0.025690447816399092,0.03057165909285085,0.16876795703357536,0.021518326834329984,0.023877540538158038,0.09098041055137296,0.0,0.34608872878126434,0.04826968481627759,0.0027927537147013045,0.028635505365172485,0.21976190432982928,0.03478507904405034,0.01922462742833665
6140,0.12106002437344304,0.09114809230319697,0.02341419358844735,0.032151395118484014,0.4282342304814635,0.16889463965191143,0.018518868400697452,0.48309635125456096,0.06945834505058518,0.0648706862662005,0.01096295660665786,0.026872291636202444,0.14786918681698571,0.02650468574299839,0.024623029626107393,0.06874333455287343,0.0,0.15200687249881636,0.08031389605845071,0.010064341514947884,0.020379654392762517,0.22834368905616145,0.028688052683297948,0.018912614958965554
6142,0.1412988203460889,0.09167789665631082,0.024828771466716713,0.04322252792235453,0.4506510531101066,0.17251942795835995,0.07883977280228349,0.4681456468981709,0.06461789791548758,0.0664466680167246,0.010379880155901132,0.02743241638039076,0.0862254308260485,0.02956381502934212,0.024268836967802413,0.06100828752063743,0.00013097365736052283,0.17127420512748387,0.0638127015246807,0.015220891399263015,0.021294635287313374,0.20520936855262015,0.0342781500815187,0.020582662295152553
6144,0.10537431393516358,0.15121297334461756,0.034518293659953334,0.05178126296663872,0.43739938015216806,0.16379208241908036,0.01334809205474081,0.6177911285235832,0.09825387244656966,0.11365171453447127,0.03315717324778834,0.04850516121961758,0.10560273000242348,0.08554247041402963,0.09813954069022572,0.12284683835850924,0.0,0.39950146292264876,0.05583957694611685,0.013992706649887719,0.08207740932647394,0.21399461381578397,0.06132989427960307,0.02579739420458842
6150,0.13195719654419696,0.09713146268142143,0.02294581626258962,0.045062731131023416,0.5014014918554764,0.12088514089431972,0.04837892112313372,0.5449250194199893,0.06557573358289309,0.07169115052361842,0.011539442293877884,0.026463300101061963,0.10685584936312989,0.03227887393927011,0.027240001814672496,0.06080515239110829,0.0,0.3293256655239648,0.07199603866877602,0.011357461643676903,0.020513123214643218,0.19463747726275005,0.02365555678551339,0.018308948218643553
6154,0.13538472520619374,0.08919288518488536,0.02361493310270416,0.03480687138226855,0.44982724454568446,0.161645759102069,0.017285981227369452,0.5029324258788769,0.06548625049070328,0.06365148530711436,0.011492305917223722,0.025996602409549038,0.08338331411349625,0.03618691605634445,0.05746760873096214,0.0868805038094564,0.00017543859649122806,0.2403621976785892,0.05281194929905058,0.019565510020184446,0.018408570637596752,0.20146865502391212,0.037067816323640534,0.0322034030587509
6155,0.13133156330116164,0.16391129110164335,0.0239251168744309,0.07707024617638741,0.3014118053276047,0.11775187880524603,0.07954358459045924,0.5939367470770405,0.06498902773384957,0.08471840190038547,0.010737751204259637,0.07018182738676756,0.09271877931224683,0.0706205581717212,0.028428317720472634,0.06180389928195664,0.010659124954801385,0.29727818961574154,0.06231268174425348,0.011344638103709616,0.023650934905819404,0.17975609519834593,0.1164600363404484,0.01911177024366819
6164,0.09248458323374678,0.09506409969964665,0.020496422070890325,0.038890095213380965,0.3800640154547999,0.14634252280962634,0.034220797445608804,0.6374954300715038,0.05928981054222002,0.06334252401410749,0.014800171717928372,0.0228148872319763,0.11751670904572464,0.029647899378175375,0.025453816236570444,0.06268752623893598,0.00011235313681105645,0.34499934891685335,0.04631164536894777,0.020018867634981778,0.02955478376971223,0.23868104825963904,0.04578510410155567,0.025767648098574045
6166,0.16594297669297045,0.11459436442485245,0.038782327001468164,0.03267662377397566,0.37077388356884056,0.20589911245341178,0.05956736328691781,0.4890942314827712,0.08391826152592882,0.10148145634274912,0.01266765103499498,0.029657000147852268,0.10453613865526874,0.02663079411132224,0.023450478822564517,0.07864498523804926,0.0,0.16811249391044342,0.05997500873915526,0.017389372847742918,0.052820586492795335,0.27703296850159315,0.023887038447467784,0.02337327857097288
6168,0.15043980445107286,0.14891912361857856,0.022584983322322044,0.03188335871746911,0.38951569045325096,0.13242565080318847,0.03930900248644201,0.49384013901449736,0.06618905412301106,0.06563839718469759,0.013595463541284143,0.025346365905056786,0.09154742501081828,0.025297371849949096,0.024385127027869453,0.07359144125042559,0.0,0.23300875980527394,0.07665767438286816,0.008762812165685493,0.01918942875792311,0.21667509060814968,0.025122469549749723,0.031927744587627115
6171,0.12824364086835127,0.11079968274724854,0.05294704935177464,0.05154128336373016,0.31964216509339105,0.14048477626500785,0.03007802806536132,0.5134518915873394,0.09195237022358112,0.09200814458748885,0.02216249889338049,0.04998307438743908,0.17662821544304041,0.02439838359290661,0.026711780761326787,0.07612235754912923,4.1841004184100415e-05,0.2578941644999874,0.07893986760628657,0.0054838736591137725,0.018161060084808927,0.21474483384269671,0.029012889289314128,0.019460908887449054
6172,0.12448606099448523,0.10787821068908494,0.03371843242057973,0.045636084050189894,0.5463600207635397,0.1209904374617517,0.014916951630256626,0.544598011219382,0.114020745383389,0.10880218311262607,0.023327924459921,0.02275726172330685,0.09278269095253788,0.2734070312253485,0.06847783384532467,0.06117789234044036,0.0,0.3918293259961539,0.0692824042301524,0.003382055640327631,0.02970412504745867,0.1774269729358432,0.02311683594212794,0.017643765484223403
6183,0.13725662093572846,0.11251434371744998,0.05863088615951623,0.08803916641670108,0.3241443261428963,0.1225794970887097,0.4715529739144278,0.38779111122086135,0.06707745790303112,0.08965836363818633,0.010387980944446791,0.06224110143122458,0.09049992020506979,0.27281726880519147,0.0250851255973102,0.07965209488461086,0.01005181347150259,0.15484239026735483,0.0680599145680409,0.005702936575780854,0.0287213134140593,0.19398348788649739,0.02826044246130014,0.018905195476722415
6184,0.25062893163473093,0.10079461659192544,0.02365114407353486,0.034557358191228855,0.36752722357242557,0.29542792062082035,0.024187915376259247,0.5765372926840642,0.06376663705350814,0.06592075757995366,0.011024173548592224,0.024584424038873894,0.07960817584576535,0.025641025365215425,0.024825279772532,0.06550837312232088,0.0,0.1669598175309033,0.058354676592460436,0.010565131481646164,0.021359919920728658,0.23350494242872455,0.02414155512483641,0.020884277829764143
6185,0.1530829214904815,0.09251104728747714,0.024211405389610845,0.04019858541546251,0.40549179594752777,0.1276794433812237,0.03529846920092665,0.5366106413761819,0.07747793536595807,0.07411328443624296,0.010137985628296814,0.02889636349109123,0.08954732566950406,0.023892126914078132,0.02304173597607253,0.06471436088137394,5.1813471502590674e-05,0.18905278525206565,0.05292308025301609,0.010336649099710769,0.01974152550717546,0.2008865226399665,0.04146062942604742,0.032071925547560436
6190,0.22171236827730026,0.11474971912832595,0.022104374612770504,0.02923010683912876,0.37446819021917727,0.1299040179763752,0.014891028463489907,0.42553727401325575,0.06378360561491447,0.06775573113623891,0.02273564751421813,0.02357893829427531,0.18678771667083363,0.020934098976601638,0.02361545653822226,0.07637581408879202,0.0,0.19740181239997015,0.3675389617294425,0.006362383460940313,0.019782858918661987,0.23572233640964804,0.02566921185283944,0.01885024329098377
6197,0.15970554609486576,0.11521131973150003,0.02293713151392002,0.03610691561991843,0.34111379862540936,0.22599752297826342,0.04657496690095,0.49360306801135545,0.060686605686886004,0.06504566805486016,0.017883089371319855,0.026778430141966188,0.10043385585022806,0.03074229906027067,0.025130133823759396,0.09688261595269365,0.0,0.23929702967044952,0.056923659499251114,0.009692914180705978,0.02544930871356404,0.2963336827760871,0.032866790523110236,0.023065162615758982
6198,0.1364218538537449,0.09702053469479427,0.02207425216328696,0.03943781456289493,0.39876483181839545,0.13899774833323236,0.06377322677464008,0.477174865487088,0.06238997549524559,0.06583227165941292,0.01146085945606343,0.026384811052382672,0.09668402859504859,0.03091218627424451,0.025138437361087104,0.06235620172671249,5.954662150189354e-05,0.1676866832570468,0.055782086854958945,0.047145237306760034,0.023818590125090678,0.20424919373449768,0.025688829297626302,0.01905798950668506
6207,0.18695719657933219,0.16294999007072947,0.029025324751364615,0.03000163709139822,0.3668110923948419,0.16729281162437248,0.006342279441360466,0.5542253264813287,0.08331947054862564,0.09114193459535905,0.024953568907639175,0.020660465827844622,0.12444080105728815,0.019983396544208786,0.047780754013997784,0.13726197414380142,0.0,0.41472174149667246,0.04629847686615925,0.002407972629898511,0.028263572615835997,0.2585585075999848,0.051683796409041624,0.06315229424265074
6212,0.16197309891411005,0.09647151546618876,0.024129952091311933,0.039192915175985346,0.46592657237415097,0.3168600714134611,0.02100475523939508,0.4858008068751117,0.064339474681122,0.07309959752045107,0.011049236409991796,0.026870828046274338,0.08360940322471556,0.02642756328143521,0.027645984731706853,0.06008766564042185,0.0,0.29252296523154614,0.05739453779102284,0.013645971499664815,0.025825711682731716,0.20459814067571636,0.025212836125789416,0.018672684985766956
6218,0.10678666053808637,0.0816091182150535,0.021868791173381034,0.03279302892323671,0.37421553169295046,0.11839998667967222,0.03960177700632348,0.5125303390710855,0.061599790528144904,0.06376276639529671,0.010345732158368313,0.022653850200647422,0.0871109443873528,0.029219258921299437,0.027336836116854626,0.0635828690138315,0.0,0.32044933660979175,0.051908690988508026,0.009714441674021522,0.01920296084912128,0.18370965065970515,0.02270526019996411,0.01834856604350481
6228,0.11397429419809786,0.10262185000010277,0.020690043578728355,0.05021752054229659,0.4231066376526303,0.12396700016857061,0.032789262039197103,0.4867130328410527,0.07653274941986966,0.08392230996528563,0.010478814214183016,0.08823227701566307,0.1212631908553507,0.026415116182959816,0.027430842364944894,0.07462217562049984,0.0,0.2584834442242883,0.05771486067636315,0.00499893538487155,0.017111354591824873,0.21881980497911385,0.03658189390597413,0.018411877371805038
6229,0.15653742176844213,0.09677318521398359,0.02105396410450701,0.034903574767631444,0.34954130040374937,0.40665080049380037,0.021999544821764618,0.48391252202923346,0.05702098077328005,0.06330339663164888,0.019125913322662825,0.022929298494919557,0.08852077584191184,0.037946982880940415,0.024548505812207536,0.17288884345020145,6.24778250903582e-05,0.2403344449120274,0.05063192762427924,0.009672368613202954,0.01710728562374993,0.37269809622027056,0.02080204727182719,0.018385819952775762
6230,0.18241824304556978,0.09376936957132008,0.02214068924358508,0.03725046442555185,0.42226563782814003,0.13334632848630482,0.015069986936148156,0.4794982268630379,0.06498337232931042,0.06485972940605395,0.012399822481584378,0.02265029968171407,0.09276454630109908,0.02610957256150864,0.0242989122804631,0.06389997169466338,1.447178002894356e-05,0.2334917151467519,0.07757082374637003,0.007226878653713159,0.01904663542148304,0.22362067285540438,0.022927335363411797,0.03073554546206771
6233,0.19222998888524653,0.10151645388321948,0.0261509988684728,0.040882997470711786,0.3281600094012051,0.323359828210219,0.01747002912985786,0.63117485253723,0.05997685990001569,0.07666967639996759,0.02677293476506356,0.0772717837487226,0.08371601890809705,0.019246244981877905,0.049846729020970065,0.24913964466953342,0.0,0.34473596611932744,0.07920510832405606,0.0008448182858553892,0.03655093341500182,0.3922234119050239,0.23755430893715043,0.044595134747401774
6235,0.13779783884827296,0.1001542228466327,0.023232121886948277,0.04655580358191254,0.36602842041121275,0.1323489385507375,0.07562250019260493,0.48274990733871836,0.06517318161645494,0.0647569486497298,0.009893050123444947,0.04522687996228016,0.129637591721905,0.029828323171342413,0.025622961503154195,0.06313767517209808,0.000327563777351539,0.14890749288108504,0.06923397246751169,0.01642014703168499,0.020841164823913193,0.22723703144747412,0.11256670832017213,0.019819751736726943
6236,0.11008296059858715,0.1681495062090286,0.029741404627158918,0.025921814322383337,0.430796938758793,0.2606311464332328,0.00833632736184586,0.6820460866109679,0.10145830219692586,0.08082695508338966,0.01688090595593552,0.020067692545496566,0.09748250292281824,0.02168717993201373,0.024533285197363915,0.15461012775100116,0.0,0.4294769872969887,0.05951102422519036,0.011986800763652999,0.01858161442744671,0.2597623106245206,0.019688564829164198,0.036585221325048906
6238,0.20986813388807396,0.17774600525427367,0.024593340698638503,0.028861125298226254,0.3506025551391599,0.1624845418656125,0.05191679520851567,0.470397932715863,0.08689183406572659,0.09631783200479546,0.01173369176251751,0.03744100169504814,0.13430502875088066,0.08291287503271905,0.07372005793532481,0.07747092550007986,0.0,0.17373338489798587,0.09178938933452384,0.006633652827692157,0.1075688735232815,0.2139851255175885,0.041341270674775374,0.02051908109457491
6241,0.12340265604806383,0.11498816516026521,0.02370787990460464,0.04288873157296608,0.35578941195323255,0.26100660310178836,0.029556365958158505,0.48795752738076364,0.0624949309890526,0.06947756748119366,0.010993955289815284,0.06332741915369562,0.0915132588361118,0.06579425030803651,0.024791489469208738,0.20665809528476584,1.034126163391934e-05,0.20497097057724975,0.05394882845646215,0.006746968154636509,0.017243280224925044,0.40126082705818683,0.06110547975633236,0.018838786551787143
6246,0.14650271968332917,0.11465270619732218,0.02341805475188107,0.037590462729322566,0.37153959239670387,0.262957734123564,0.07202730179778566,0.4522096552454815,0.07692987263336915,0.07643506394771162,0.011253428808670347,0.026212303684943598,0.1928058245989094,0.028515412670497828,0.024703271057079763,0.10144013968730764,0.0033652263191051835,0.1421572542026618,0.07560591267300795,0.013361011735225605,0.020634521581143397,0.3851643168736016,0.02487388049065541,0.018647373217603992
6251,0.15601875142348726,0.1165687157669374,0.023405692381051665,0.03834283451375795,0.3963598742638979,0.12777024826015856,0.026737980011325067,0.5339826793394647,0.06389353800391256,0.07499738285658361,0.012017876797723561,0.025591554679760594,0.12708218328549128,0.024688250109419677,0.024229657529003242,0.06143863965317982,0.0,0.20638773053778617,0.059062108385507545,0.007339105133728405,0.02318005741596948,0.23876120429657255,0.026122047864386735,0.023810529682087512
6254,0.14152377564554264,0.09100672043108894,0.02347859616508945,0.03766477079529004,0.3827282107154259,0.14156941082819105,0.05069669240083798,0.5311906548742751,0.0643771773778055,0.08101441905037053,0.010408402235615044,0.026157485123272952,0.1604720314330547,0.0262053824574609,0.024512596718192434,0.07238108856885299,0.000132848908439852,0.14921021703869136,0.069265914064185,0.008947008745974637,0.020793426068041247,0.23461533009018842,0.023460288155174428,0.020018095202250123
6256,0.19805351503541538,0.16584549470582538,0.04158806018723827,0.05705452437415241,0.29757920603085636,0.34641322720425954,0.3825660474372927,0.4149074877094065,0.08511517087459847,0.1044086255303674,0.010156949071218713,0.08220291842839479,0.15108947186253308,0.11346302027399059,0.026650481796653133,0.08472464731040365,0.002241245398795387,0.18337404272857735,0.07574254458163088,0.006621629847781474,0.019702706534735284,0.27059409709253773,0.03354172917393065,0.09423488047291244
6257,0.19545827108919225,0.14012828167739944,0.02022316909777303,0.024286878315113194,0.47775636787922243,0.1448008592055031,0.019725274280783064,0.4649372702724683,0.07458829319231917,0.06552807295452671,0.010120280797383354,0.02523337204156327,0.11672830597076059,0.02767388839661574,0.02404161613017388,0.06484494868688617,0.0,0.15844202767018167,0.06558628533898349,0.015286534629295887,0.13763867833186347,0.2214344537137957,0.03366795685454634,0.018258642380629943
6262,0.22218899170701842,0.155996126089312,0.040438747505988235,0.02973002635226997,0.3439568537969786,0.18228078212946944,0.01965120049278527,0.3601067353410085,0.07715171051831017,0.2103695141671235,0.011269704371442481,0.024302892194525656,0.21827329997470254,0.023127567188290885,0.02372995519703579,0.07357539383880633,0.0,0.15787967964635632,0.0954974023742738,0.017310772230615945,0.01920623548116864,0.23516186113930707,0.02361072805312417,0.022031851539583057
6265,0.1762666937850312,0.1159335899995255,0.023894510296929256,0.03608627170700877,0.3791686036336302,0.14401633865426294,0.035024850432503814,0.43868208705643624,0.06512962630910057,0.07247587391862302,0.011093768086537148,0.029076956184661832,0.12051962667801223,0.02615347328588201,0.024512596718192434,0.12808755238554195,1.447178002894356e-05,0.16580019846842917,0.07060911696679698,0.00771242971952947,0.02743948449521302,0.26011564221009265,0.028245484568527744,0.02184844939812196
6267,0.2242483431647778,0.22832880932930627,0.07361219568876926,0.035773497866641836,0.2937459638103978,0.18459465448222137,0.039179398192440026,0.5605020926442532,0.12588710574503145,0.18443938325862838,0.011989962925301552,0.030108757022335474,0.08050591435478614,0.024679782444980026,0.03016480757775819,0.07069567857275792,1.034126163391934e-05,0.1912906174955826,0.06033616813205886,0.006552574831710562,0.02057918850483155,0.30122989028752056,0.023614993007283078,0.02193894021245949
6268,0.17000293446533538,0.09082653572149228,0.021131146521860628,0.048039760058436964,0.29038335516367697,0.279570828848262,0.03165752347615656,0.5492108973393843,0.060708802116181806,0.06658155154126603,0.01757881194700868,0.02588221040610583,0.09557167037141995,0.02659391128993267,0.024497625630152217,0.09627058706238044,1.447178002894356e-05,0.20785124189178003,0.050183488785018715,0.008445466133123601,0.01674081164830997,0.3638565574097968,0.02407878624006537,0.018265278174027046
6269,0.22294170638751581,0.1636654137079741,0.022905532734756626,0.03690996281801926,0.36173051889800384,0.46580511985081274,0.07800498918498901,0.42777400604278926,0.05876953974917767,0.0905853562775316,0.017381775095579165,0.02522593351962264,0.15726232074625032,0.027651158126182393,0.02388643958131669,0.13495537147933917,0.00018018018018018018,0.1497099958053802,0.0767967471653168,0.013042389573635854,0.02026727907963564,0.4037196672601842,0.027784206358324216,0.018198988574191145
6272,0.09788107803365728,0.09185493887153003,0.019969936642613758,0.02463943997050212,0.4248999468337674,0.16696448629667157,0.003812885129976536,0.5819856348832625,0.09423604774241783,0.06517110302560394,0.01277890931327329,0.02002139169259533,0.08428721321232682,0.0328472146822646,0.04896691983394734,0.07039423270756641,0.0,0.45971425146355566,0.05106640345768786,0.013915830044309867,0.03659045148525763,0.23659704489286032,0.019786027945833243,0.02918193465752927
6274,0.22493600808422795,0.08807808392141218,0.022797648257671752,0.036107745929332656,0.30689189123154315,0.31414024488765674,0.04529062274507628,0.4804660052325312,0.07196064387744806,0.06652312341019999,0.025883790496771045,0.025596361874474644,0.10499478325293625,0.031310092605446586,0.025554225717907282,0.14162246686700658,0.0016666666666666666,0.18551802784102253,0.054476027632955074,0.011097194089430266,0.01891276081870418,0.4225475863313482,0.024454017506858463,0.02271280666103479
6276,0.23769888047635426,0.2360449115746407,0.05426627941275369,0.0342223660772243,0.3426029593939356,0.12116991440852835,0.033665499018222196,0.37325222405229014,0.06472560578837343,0.1040047489606601,0.010415328461896467,0.050550009297669674,0.09658768737360633,0.025479191678740833,0.024364414759037008,0.08003542520840458,1.034126163391934e-05,0.16068200617260828,0.23104200659249433,0.004097468425592948,0.023284558361720244,0.21305975868789861,0.13169542450684152,0.023263785145487784
6278,0.09845362373353982,0.13796755502639693,0.02538327589227393,0.022512861359613626,0.45275802026775563,0.19238863722592914,0.003861089575765876,0.6362860024521084,0.0694396604072504,0.06605709265685338,0.01622175568290895,0.04919157674593453,0.051833890959012446,0.01967079590440344,0.032627238853494125,0.11442638321316162,0.0,0.5006429904424196,0.07075814812105455,0.0010705792745000252,0.0164085842306539,0.18564957299194865,0.03292125648701166,0.035371214257552214
6279,0.14485422780666152,0.09380059644781179,0.02024187499506157,0.025016071809482673,0.3308262764488105,0.20759367007948046,0.02030266247612375,0.4623949450036936,0.0614969842558697,0.0769878471536438,0.023330720381267867,0.018650560329773205,0.3494400749896694,0.021258565677196098,0.02490330573824543,0.13040143257194614,0.0,0.21735238537377544,0.0572820216086099,0.0021699103272685835,0.016050202220122017,0.40143663258810763,0.01951822719581795,0.01636398350905832
6283,0.2170332423392529,0.1796352972814114,0.023354998261281304,0.03237742207718333,0.37975303866428517,0.13846003274294436,0.027891487589918457,0.4468138745237855,0.067914563834395,0.06588528177886452,0.012283056847508656,0.024243122027863873,0.09809189868721939,0.031742793109117436,0.05656335044530546,0.11982268636914803,0.0,0.210204346900278,0.05883887583575922,0.005080294215861108,0.018658411731502535,0.2688402401509584,0.022473096064570708,0.030145818654935347
6284,0.15352548407465189,0.08630863579423315,0.027770641494399374,0.05187754252386606,0.3879903847330125,0.24466639992408765,0.06303029971612582,0.5097147732400458,0.063702970923897,0.07066027066165684,0.012766451502005432,0.026412655583195915,0.09389231911446384,0.04291723043735531,0.024043675522661317,0.06235182619449953,0.00034212369212023813,0.1744836356989245,0.058004831011651506,0.009438735130766882,0.020359926739501665,0.24357770004043716,0.024467763469468617,0.01810355983269302
6285,0.20796319224007984,0.18308567654661892,0.02411731081600723,0.03166605036318318,0.33742281435560584,0.12669561413764988,0.023163240827898796,0.41912872148332697,0.06462697635388219,0.06441070252837838,0.010267387451890122,0.024955896537752008,0.12269454293954497,0.044246106984426145,0.024086095493513118,0.09676826062059454,4.1841004184100415e-05,0.14887100304873815,0.07089899307952627,0.009413603275436578,0.019075310374083932,0.2117162112617497,0.03808357665717903,0.02525590222198387
6287,0.15847340170022242,0.08683358795419784,0.02671704766190779,0.038145368406564184,0.3389713859156226,0.31038135763373326,0.018687256592094078,0.5257102390693823,0.09253092458058436,0.08902238478559013,0.041587623655049644,0.01761067937407641,0.1724627014655051,0.02886860350411693,0.03966448634260757,0.13669046252217656,0.0002857142857142857,0.49320799889555944,0.07071873277447475,0.003065975105036773,0.021004373569764177,0.4402750255406579,0.027069997509275225,0.016337770068074832
6288,0.22767006121156277,0.1248650749640101,0.02519682992848875,0.06069238202931403,0.39003035678320186,0.16999160630234378,0.031014180368772667,0.5732030230515223,0.07366284034963354,0.0818549740285536,0.014879447395888043,0.022916653072511325,0.09058970013849096,0.022507080424487236,0.024184318036445038,0.07662007080469566,0.0,0.27922744381436787,0.05398341615704154,0.0027297610077818223,0.01766142490645825,0.2178003329231558,0.038131837733268434,0.018948325410957458
6293,0.15186680935614805,0.10681847273899982,0.021255270834775443,0.05089390890481141,0.27993960229638637,0.12776337924868067,0.22928556289651883,0.5062032105622516,0.06225110939252618,0.10951718756291808,0.010516444779042882,0.06955697591677212,0.1264582138068531,0.035930750004448994,0.02370564180553864,0.06239961504973118,0.0,0.14224755916288367,0.0956788517468476,0.008152814456203788,0.06564017470419325,0.20242382339250542,0.21882242858325046,0.01924003106514473
6294,0.17072779717593886,0.2669234644733584,0.02434338926466985,0.029555465944253675,0.3251518509539668,0.12121480542251019,0.04512541196947499,0.3419811423136081,0.10209040340387862,0.208269003198949,0.011648173358245886,0.03323350021284741,0.15627638995443538,0.027631563232720216,0.02396381378138707,0.06549070792286306,0.0,0.1567744967787238,0.09693627921610463,0.01713152833829322,0.020817658228010304,0.19849962157611856,0.048037411721583885,0.018438048914327897
6295,0.19080986464737237,0.10891877205103052,0.03575507762338547,0.04032701806056206,0.34070640688301634,0.1986213430680955,0.04865244414111613,0.4997145157378722,0.11940809604784942,0.06451462445900741,0.011472888950339847,0.027013001882902198,0.11930592651475613,0.025794001675242356,0.024643234976314293,0.07791918293649983,0.0,0.22576886296801285,0.062163163304292036,0.011139774782066245,0.022176164716526663,0.2920640412262565,0.024496478118495993,0.020166551573313464
6299,0.1181688487794135,0.11374585144022495,0.03138667540652666,0.03172943498119035,0.517684638009686,0.12593394442217307,0.03011423964505588,0.5089934573678916,0.08307289704229832,0.06689023226075282,0.010911143494896915,0.025284386410708702,0.14520886541352726,0.025231721170039637,0.024352643832027895,0.061048342467732296,1.034126163391934e-05,0.1977196577797881,0.0675303374262455,0.006614806997039657,0.01941185265050176,0.20046611655144134,0.023230757920697197,0.046579713931072124
6303,0.1011672859500948,0.09268352861420925,0.022622952292792285,0.043592945724246476,0.43863450894833983,0.11810856512357482,0.025946082123191064,0.5169226893161016,0.07494936248240362,0.08909089069351499,0.010465514047086089,0.02629683166696197,0.13871281483199238,0.025722091865927735,0.03439336856524694,0.07024205076078797,0.0,0.29131811186562495,0.06457190412908606,0.006136094343468977,0.027133402036707454,0.21887058285131158,0.025093601552899268,0.016286183747606382
6304,0.13662925541731016,0.1059174892313466,0.023070598633214177,0.03151317922810278,0.36900147987362564,0.13439626859910667,0.039105629762563564,0.5152727142686928,0.06377473446584139,0.06544041747257212,0.01053206831541597,0.029941114444571797,0.11994407805719731,0.027180918968891406,0.034719784227110466,0.06493862696742711,1.5037593984962407e-05,0.1703279457678285,0.06324657804352506,0.016462221785716494,0.020115672179218735,0.20200486618658672,0.027318890373732686,0.01933044789644511
6305,0.2291443842864545,0.22542748787417405,0.0268619816465504,0.0359780906502334,0.29480373539979987,0.1399763529420057,0.05034285905497853,0.3256711602747049,0.08444989453182399,0.2290330962359297,0.03146167611167963,0.04715898905591369,0.19230701898630112,0.026476351147215554,0.024314194469044818,0.07515087546296709,1.447178002894356e-05,0.1429820254877541,0.27561770099361144,0.007912705481888247,0.01969015455005064,0.21254713407316278,0.14999947335184233,0.019515582967544617
6313,0.12463846265256304,0.08954134007267031,0.026360914158222705,0.04186896006519221,0.40910842138214365,0.12814804560054235,0.12497644070145152,0.43449708508938206,0.06406561896015395,0.06978593724455572,0.01003925072746217,0.027865341517920816,0.10689764910846745,0.036938174413028387,0.024512596718192434,0.06074667470112271,0.0002422895632788958,0.14449500290874512,0.05906446646647354,0.016617667843484545,0.020320045205574896,0.20361632630027648,0.024142493434017462,0.01845713060070436
6316,0.10770845256307955,0.0812872474102659,0.02281654607913836,0.03754598576522132,0.45352060580376224,0.11866614089085972,0.04310379458919012,0.5093499987687055,0.0651103187549516,0.06453046500949279,0.011158160613407065,0.02408619525097277,0.08374987409726559,0.029276094038372297,0.02697913245502434,0.06108969738368422,0.00013618828759436987,0.30782281300698977,0.0516335368254534,0.01030780187365487,0.027637089828839292,0.17187251082764315,0.022005021624291573,0.020399683794298483
6317,0.15500020561441208,0.12118331223215599,0.023163014867817525,0.06347844749278994,0.3073521426797262,0.16440945498416254,0.04159836142986605,0.5363915621798249,0.06632378848373405,0.0661348752079666,0.039952281400368016,0.05299111987458499,0.0861542677383575,0.02572151835926982,0.02426558650074797,0.09066118677638296,0.0,0.15465121228281498,0.05998644030653327,0.006984770518913759,0.03043769359662288,0.22770355251053068,0.12076312306527508,0.018868160908128987
6318,0.12497992000411358,0.1019615441402307,0.023750912580707363,0.0359264513970703,0.38558807974020565,0.1281022626173227,0.07063996618334704,0.43426310549068764,0.06349627912851902,0.06908284103156569,0.010706900086923687,0.024436328438420963,0.09362867616132636,0.03288765152429565,0.024512596718192434,0.06268679640192394,0.0,0.17542815890682634,0.060900230928153165,0.01912925484748574,0.022264298086404333,0.2069937207983795,0.02963733403607554,0.017109044624056834
6320,0.23395272781042384,0.1759581379625434,0.027374318375688267,0.03921016339048453,0.2700707037925138,0.17986647484632534,0.0439777329552666,0.5317496643815733,0.0633995995694838,0.0671348145355809,0.019946859230440036,0.04161354716976413,0.13697707286709396,0.022487033175952416,0.027408065810527057,0.08785266793448415,0.0,0.19203995032585883,0.08137749309587308,0.014054764885977502,0.027628195624017797,0.2407447857925877,0.039719777920339476,0.0470800916894701
6327,0.11723438313906326,0.08234877650927232,0.023012506073213687,0.04125309666136663,0.36680338870415874,0.12814804560054235,0.08573196982588664,0.525565500540307,0.0651135297155062,0.06909536794485596,0.01003925072746217,0.026554440884173615,0.0923467564089468,0.03402414664952212,0.0273595735569399,0.06209737838987903,6.955776919934567e-05,0.18873755356246216,0.053143086081991565,0.014052007260848027,0.01937728292735473,0.19624239510629027,0.022350658916433157,0.01900381411405516
6331,0.16419536086469771,0.09715060136335248,0.022303476539356732,0.033522509590888594,0.350185210036,0.31739047049243985,0.055561173338918114,0.47088896960871746,0.05826484982245402,0.06567658770947578,0.023210779031079248,0.029579135869217427,0.18733532541177056,0.0263610921796275,0.024243882706676118,0.1739027715495597,3.635361810334181e-05,0.14360621340855742,0.07367792137524198,0.00992216482749152,0.020097955395863273,0.467941794878302,0.023470006448472077,0.018640858203945614
6337,0.14463008613317874,0.10984909029122847,0.025962024321579943,0.032419597342404606,0.31539072845098415,0.3067987186078847,0.01352237683676415,0.5251750882997848,0.06276923542075717,0.06226536772721973,0.022596918647248124,0.02208050620625687,0.08952215133638734,0.035611812954972975,0.024621989111763908,0.11004097848445926,0.00030445890869274287,0.20207489815529286,0.059726434108612246,0.0038963085930815294,0.02675225239740264,0.3491279233802335,0.041858898402150395,0.06567969746948664
6342,0.2810461141488667,0.20645304898193115,0.020780155970151128,0.035803156475676785,0.29459591358770143,0.1315832773506187,0.019388232256137013,0.4695374534962621,0.06450402744384609,0.1027823103066468,0.012848055279685626,0.02739523590606888,0.12987777356100963,0.022973255779652285,0.03090954303730291,0.06448945587203492,0.0,0.28629206769769,0.28699394876475837,0.006746937807640099,0.021923892557687185,0.23200057579528985,0.12600619267154853,0.025559140876819417
6344,0.2640842441630919,0.22695855587352348,0.0559065767650912,0.037263097119258695,0.42430267622191287,0.16808091793741384,0.03349027033201707,0.4405337758922579,0.07854136532449202,0.09321436840775812,0.019463118335409656,0.02847810715926513,0.10144185840471344,0.06892898069877879,0.023513714805732562,0.0702394721899064,0.01,0.16588823786295165,0.12659331873728868,0.002900925727541666,0.022596819508617867,0.23758961677639268,0.02922483880713085,0.025541431663833398
6352,0.12282537851120118,0.10076395113241489,0.022512225861380755,0.0439116203160087,0.38269699053766565,0.13030732799776404,0.027927698818095884,0.543307472363033,0.06147687002268846,0.1381507664324782,0.010138400869359855,0.029842017751175422,0.12355016248046827,0.027614407285093106,0.024310995114104287,0.08574488100313328,0.0,0.2795145677181893,0.1396832160007251,0.0075102160886456925,0.01575969514381139,0.2131958492820993,0.033416480053319805,0.01767924869628141
6353,0.1743873052626662,0.12034790386025651,0.0184299769652967,0.05116230305675227,0.4282864318433537,0.16381318812624354,0.2163276776408787,0.5638829978452161,0.07106733690544118,0.06752419752854745,0.01266875014396936,0.0359749455417234,0.10735048102176856,0.054566670479070295,0.03518648610029891,0.11222097290035862,0.01,0.32512887134651863,0.0623173762513832,0.011641888479339068,0.020543434148287906,0.24336864660333724,0.036251476709283116,0.019787394707422804
6354,0.1999065501257676,0.13240165595429,0.02504143744446725,0.04485276438324979,0.37891664015453386,0.20000759707505186,0.041581437687418864,0.5198612968176949,0.0797132024869234,0.08218748054683778,0.020900019194778095,0.025589343627203803,0.19560639560448417,0.030073173892066842,0.027151718060499427,0.09467267306788642,0.0,0.24567824128870114,0.06374011595475233,0.02429458002246976,0.09601866548806831,0.20876623527082144,0.034378967685389894,0.017397012494845442
6356,0.15797889200202941,0.11710577473678103,0.02469100955052407,0.04124747208058879,0.311668506701338,0.12591174785748274,0.19376592041450727,0.5252472873410498,0.0624629687357535,0.06095814861403185,0.010166439497140689,0.05316204862507597,0.0738582474269752,0.03027895872360955,0.024155153592833004,0.07360314202774682,8.853588392136155e-05,0.17923287586287034,0.057492317868494916,0.013757607126512387,0.019649619327973274,0.20494950702001294,0.20306380107579688,0.019954353874438814
6359,0.12666684224465952,0.17074861516537213,0.024434194379915043,0.031066276577670977,0.44062940553793434,0.20555183403685653,0.022358596575923376,0.45067092538233244,0.08264481542890317,0.07926552406178836,0.022314921375517337,0.023074072182814168,0.173612869186587,0.023284684371306,0.034472657103853124,0.11624286850351336,0.0,0.2374203684625555,0.10171125835144552,0.0249545498609672,0.01784142920582506,0.34458872162473747,0.030015430160552622,0.016533677044756622
6361,0.3192741209319216,0.27343623986707755,0.03977666055700752,0.02616326169940721,0.2462523549805736,0.1328767925669208,0.02339332550172861,0.4979127075913617,0.1288332557210006,0.07485502580942882,0.011073662264653575,0.051869782020350176,0.171797584214738,0.02208248840827357,0.033261120202713074,0.07833601957090383,4.1841004184100415e-05,0.1739818010457027,0.09728241706858569,0.0030070753762911247,0.11401997752040265,0.2267063430639501,0.3905142255551394,0.026668804225554895
6362,0.13612871606125598,0.10098663083419016,0.048233592883762284,0.05851923947438752,0.4435153025133652,0.21509805935998144,0.010895396085703586,0.5766569371974322,0.08586306707178033,0.07514429669584297,0.0245122588312693,0.0293791721242141,0.10392823511084023,0.025188751088264624,0.03218557525180866,0.10802452746031842,0.0,0.2762803948074367,0.05364134428542347,0.004353170744960938,0.028323330321303547,0.2788220401204515,0.02244792457849686,0.017824275284413868
6368,0.15569246187838634,0.12933581693034946,0.02073752796372796,0.029937577079056865,0.4263847275545284,0.1974330085874929,0.014753193373089326,0.5500604084695643,0.08076354829785792,0.06614316898302375,0.01271885287584278,0.051699535047679844,0.08741352199286387,0.07900478517460206,0.02636741243116754,0.10287668043511042,0.0,0.16738946439336708,0.073516152523347,0.0039160059748980505,0.047124010140216506,0.2550033462710951,0.12276078700863016,0.021214740897756424
6370,0.11798421557192809,0.0863179928961822,0.01891079769845492,0.029709265758743452,0.43510647990640544,0.16525857417513173,0.020321249326858838,0.6328770343886638,0.06025780599499019,0.06777372426160984,0.012384510660819746,0.020093708967389056,0.07675897907039624,0.027466508651055016,0.024557165054964334,0.09283472511334828,1.034126163391934e-05,0.3313683539721051,0.04633441446000299,0.0033407780845290803,0.016831230326690913,0.2690638160293383,0.020026079163428454,0.01861709195151492
6371,0.16682378768590955,0.09168039317999943,0.024528853318786334,0.06681851534539267,0.34482388967060373,0.12736523652045384,0.10413558964119193,0.46176127845083625,0.06436323502953925,0.0642788846616539,0.01003925072746217,0.032271200049427066,0.09232551082069404,0.03160855018621485,0.024512596718192434,0.06108969738368422,0.0035837648443647076,0.1710506532196338,0.06369101528927455,0.016214807820544307,0.019517196056727016,0.20219072890205592,0.02494517116249673,0.017075113187040514
6374,0.16022076472804453,0.14602525407036837,0.032075633391041976,0.06441627474803706,0.36541297528856376,0.18018716561998555,0.03210350487566725,0.5749281415078145,0.09706205634147498,0.06323872945448608,0.07637082132953987,0.09195063840857846,0.11179262235539544,0.04443511138348739,0.05771796066071208,0.11541409180568735,0.0,0.4185455089334434,0.050491927741931224,0.021917503139512292,0.016089507197309953,0.28426468832271257,0.1850500352993944,0.015643037048877175
6376,0.09204055897396764,0.1348066951443339,0.031263589870957266,0.055044734114515076,0.3851834746842626,0.11295224415770073,0.046919961508394066,0.5933106830140249,0.07343221115710886,0.10755112849735486,0.02380414466555823,0.03200204179041389,0.08618181128775407,0.1448157900658715,0.031151253034649034,0.12923321197155638,0.0,0.4522293037222871,0.059367964477205507,0.002524399845705871,0.034145443048850824,0.18549376573322995,0.03421020560682324,0.0177946655536942
6381,0.13399151928987885,0.12736695345795063,0.02359680248974282,0.037274836637555174,0.3674317449960005,0.12565998246309545,0.11876598282951328,0.43971573526752017,0.07352771491775349,0.06479450525858411,0.009969581655553734,0.028971131693977567,0.10792822716468456,0.032637289403467294,0.02447096864421934,0.06429964158393059,0.0004565816226221436,0.14423824322555576,0.10380124591873847,0.015912039962566894,0.020238477678299976,0.20281946876769466,0.024617822501971358,0.020192436464164618
6396,0.13244933489667665,0.10096287218924813,0.02228722750409643,0.03775028459174305,0.41392875851347405,0.1291562744200499,0.07066088647212991,0.45983657707956893,0.06436323502953925,0.06517563319811574,0.010686723387305551,0.027697701189396903,0.12057905322098474,0.04005085079882756,0.02533965027820044,0.06959437901240945,4.3668122270742355e-05,0.15952570576065903,0.059794538884555576,0.010771158134892846,0.019833848803428544,0.20171151145264832,0.02500668270016371,0.01866055850504388
6397,0.12255323417514859,0.09590843151425363,0.022525128804776383,0.04681328019186415,0.41926679198228894,0.12913710127277886,0.03841522541810269,0.6307266881849434,0.06339032590766132,0.06738012817779922,0.017878567821490183,0.03371509389862915,0.07942680943777677,0.02534968096481768,0.024612581632960873,0.08155818307585692,0.0,0.19399757647026622,0.06055085702894951,0.015978482548426674,0.023846094320184995,0.21182117916535098,0.022681637694285772,0.01833104812558417
6401,0.13473038668714327,0.09086824457034243,0.023216462572683866,0.04277646730175835,0.3825302993084525,0.12460571505424975,0.022136561067533204,0.49840081509211664,0.0736662535415723,0.08240684511384405,0.01275360390607575,0.02464296951701921,0.09285831545106275,0.0425984986714582,0.035685623592238896,0.08585016652132016,4.1841004184100415e-05,0.20357449996692117,0.06011313429283007,0.006676458479309036,0.020450408194350116,0.21615135432016264,0.02961961702310458,0.01831929454771245
6402,0.14279009023997483,0.10171403392648351,0.02886076934731721,0.03263323374214961,0.3034020533150942,0.15016419782103257,0.008333692371490632,0.5455442043645509,0.060285645142088964,0.11583793448607928,0.014061393720810333,0.03217827517885242,0.08507332837677589,0.0225087214362518,0.03820249392833084,0.08838864516827394,0.0,0.4266124530831852,0.055650494035161494,0.005010974744639844,0.01879028354699239,0.22160666896743458,0.09034233335771362,0.029469501795698592
6404,0.11068716506276821,0.09544758852244639,0.019898948913058486,0.07017096028431205,0.3197833319762483,0.20496415025250633,0.2586660661870455,0.4741094012164065,0.06651645661212079,0.07970510113382004,0.012981082916670304,0.024065651284082275,0.18242679711585094,0.058522773837681265,0.02435994292676978,0.08833127725049066,0.0,0.23972296973895155,0.06924798594294868,0.018667713745883878,0.018439541927998845,0.29941519508897285,0.021261948487741798,0.01734771374773569
6406,0.13010912448025785,0.1281737797518817,0.02003283101429382,0.06704183867177464,0.3967650074810409,0.13489024197779842,0.0220581280021241,0.4792561299926687,0.19715922310414197,0.12601153935777676,0.011186930426925907,0.028626381085974845,0.13046482503398077,0.06846460219015481,0.023483889986776963,0.07856121938183064,1.034126163391934e-05,0.2787319485061904,0.08401739633164278,0.0028850726412294435,0.02024698425287119,0.2228171181148165,0.03212449699612053,0.03840583695351771
6410,0.29270457881244694,0.10190594043556836,0.02502064621349733,0.06096085882302612,0.29746262639603943,0.5145473092736267,0.058859041625764885,0.5154746291954664,0.06828036450931148,0.07044989601765937,0.011666480200030532,0.05158409418532559,0.07773024559564481,0.028259419739002808,0.024209728747925836,0.06398600805547465,0.0,0.1766108149431784,0.06792859187496438,0.01188123934820109,0.02088161412016161,0.37624670790336556,0.12501699313344955,0.03133400582506879
6411,0.14882264792383362,0.14947568570659414,0.029282902411058638,0.036061512939852866,0.39812600435831463,0.1345850751068273,0.0358214737140667,0.4438636182725962,0.09772899891760821,0.11347273554498064,0.012348902102772926,0.02981759449015396,0.16396952853186153,0.03584443366234571,0.023815332232351532,0.09945435489355846,0.0,0.2438971140923853,0.09888978275570923,0.01609920779411201,0.03194257241416142,0.2573609488894333,0.022417616942825132,0.01887262452887254
6413,0.13959879349931115,0.11323772122687101,0.08726156550551843,0.028477269568075975,0.3812000410054,0.1229291058510572,0.036441564451522176,0.5906070567773122,0.11659988656742616,0.07446915037943133,0.010820244908970086,0.03451863208889055,0.12253513455493849,0.034625393607165204,0.05097104324126281,0.07865302210553965,0.0,0.23628432226162374,0.07296332874786181,0.005053640769716567,0.03553121110845545,0.1933621839813737,0.03290636913003655,0.018644089120764592
6416,0.1272615620733618,0.17592584213230114,0.08032939597081702,0.05553266212045431,0.4060842108701248,0.12661098852651753,0.07311595020049584,0.508432348483982,0.10301461060317996,0.12423304215131192,0.010473858009178652,0.04547777219050635,0.1024943711466429,0.03066854841148275,0.03063638093938204,0.07144601762288876,2.5378855618881745e-05,0.2745857306769686,0.05865937230061869,0.008826057609021592,0.02115268975348882,0.18859760052251215,0.025007965831180128,0.020146538350287995
6417,0.15086165503433516,0.12548616912783112,0.02396415952375671,0.03698859038376341,0.3552275448368454,0.1333871964776355,0.04876307348474999,0.518470773086553,0.06554359642442288,0.06322280108270398,0.011395291168184607,0.0669248804915031,0.08421578050769313,0.026073851573700166,0.02594099914066696,0.07908115519110118,0.0,0.1517921218379019,0.05883856486325103,0.013083585163076642,0.02297326159763593,0.22438488988146107,0.14889405544565387,0.01997103147313929
6420,0.16800905021314935,0.16328012162599514,0.03195446471613596,0.03655496046973255,0.36074309251175407,0.3582786943025069,0.02438246860074906,0.568713949337727,0.055030797007828446,0.06818210640775797,0.0655817525605251,0.04474619009727742,0.09919279687598957,0.03277724108873367,0.02790813160566176,0.21604100400632298,0.0,0.1924687841624484,0.06262070346779122,0.0025541989604927103,0.037957746907612014,0.4141962835794444,0.04383053586752309,0.018118491038071116
6430,0.1318056235777593,0.12706927618157726,0.04104284045381644,0.030442406565807646,0.417449539713231,0.12915489838400618,0.016182684322380247,0.5244749162595366,0.08481995576264881,0.06573158230243908,0.014179213598102196,0.024000206509117317,0.09035293516751286,0.052705067316055405,0.04308020506868056,0.07094230996144572,0.0,0.19876325515928145,0.05854075350261726,0.0033787710940319576,0.039965782054061004,0.2006702625616884,0.023368284569447367,0.020897096612225708
6439,0.23821601615851193,0.1395842723176261,0.023940287611439404,0.035843834392608825,0.3531385380415289,0.16837584008208759,0.04289724780419152,0.44505549229163655,0.06367879058509482,0.06401968763866579,0.01042401989384509,0.02952516241060614,0.11156986456514634,0.028072370275666517,0.023613884767084686,0.0688660269365406,2.9509374013905968e-05,0.14667892024062118,0.07169581219786288,0.009934097852619051,0.029961523971903988,0.2726336481507351,0.04052577711714629,0.0205390007400907
6441,0.14391020677014388,0.0942126708288875,0.026785728640949788,0.04767196144787667,0.38630782242462514,0.15911024536122037,0.054628349150924196,0.5225268029485352,0.06041874037541292,0.06735116420700965,0.010368504356270368,0.02505242548436704,0.1568076545023018,0.03255807447525928,0.02507023204652262,0.0824249212321683,0.01,0.2578276023344331,0.0556083801924245,0.0032724153570520566,0.016034876606130625,0.2605763266156874,0.0209373025062792,0.027217505207205533
6445,0.13088839363264054,0.09487795595667241,0.02425961233645617,0.03304901046102882,0.36190734971011024,0.1578055575402539,0.0128541807168667,0.5780936459199442,0.06187768138226782,0.06522940340995267,0.011957479728937861,0.02472586766630394,0.09169513153093074,0.02328770396866878,0.026415736594873458,0.06492892149132466,1.034126163391934e-05,0.25979099237935677,0.04903528718832649,0.004695243415128257,0.020761684641446464,0.22840250029159265,0.024660114309457228,0.02045768764610984
6446,0.14977682364872816,0.1005457978575922,0.019372810367921278,0.04171745052557847,0.46478666305249416,0.16187868921266774,0.014092193042521755,0.57736803556781,0.06448371664575642,0.06949898614914365,0.011869643489861408,0.0351355722934987,0.08478044955024863,0.02218192778629335,0.023103492710095538,0.07853348573125679,0.0,0.18440254726498484,0.06854228905688343,0.002399353323342005,0.01964313184463012,0.20973921606976745,0.02336127819432884,0.018051342870863723
6450,0.12382077037968316,0.08935549717441821,0.019081495249745194,0.03177410684505643,0.42690280917717915,0.17232379332822487,0.007759420789251543,0.4965056923677003,0.10148253740552036,0.15534087628101576,0.013854521988088618,0.022192462948635826,0.10078034318834829,0.022649230386766823,0.024824046484696473,0.07001111059257989,0.0,0.28019665722010506,0.04801225893308435,0.003949471255344886,0.01950767904953582,0.2000414348794542,0.021185174919668835,0.037057767652361344
6456,0.12703386372903863,0.11836872655536038,0.019545272182630215,0.02396097375428794,0.3339697119166302,0.22167258766246398,0.007253410747278305,0.49467682701524623,0.0662130160467187,0.06781638600644561,0.024963115586246646,0.025263917697901803,0.18394456562974798,0.022488687981944276,0.02767763485483902,0.1578478134603316,0.0,0.4651437662301461,0.06654391590277807,0.005051458498949959,0.017932695772430104,0.3613368942897164,0.030807705420914055,0.016711570023760308
6457,0.14112692978528824,0.10862704737178447,0.027834646520090368,0.050082436517704075,0.38288336624764513,0.20580265608905854,0.01248177159285302,0.4826931806243058,0.07056410994210928,0.08320861194945119,0.012968345185067245,0.023682492778082445,0.08105541584235057,0.02392541186273142,0.04340422775581668,0.07727422634976609,5.218226581801976e-05,0.2642957881637048,0.05931974270165372,0.00784599786898852,0.017924856709621014,0.2436528563666998,0.04366843860195841,0.018972653761154982
6465,0.159562533507646,0.09084340487474905,0.03688836672590519,0.038027050702663615,0.33149607164770606,0.12708704624619227,0.07394294749747754,0.4703737590403859,0.06405512738657085,0.06273524689750967,0.010826044729298056,0.042590917487334866,0.09367458346389158,0.032745654022657444,0.024512596718192434,0.06513104141739078,8.589881588757284e-05,0.15086532300286168,0.19491190712295675,0.015129774393394982,0.020347279126724356,0.24000996126050553,0.1410450806040781,0.018898818345384087
6467,0.16491651394248832,0.0940685208643138,0.01978644756077004,0.06661831175477699,0.45103202426045286,0.12458788108981507,0.01056773815764103,0.6403084597707058,0.06211816360821351,0.07633830590197314,0.012116162443931877,0.02545576581416691,0.0750273708713758,0.022919974977312917,0.027667181905516484,0.071394720652279,0.0,0.39879868137635205,0.056372379678412715,0.012684757216129574,0.019754677639799368,0.18318650650335286,0.021833195237421835,0.030462380163463556
6468,0.09785783580180063,0.08427234800511364,0.021061923847739628,0.03404011554639612,0.415049661279594,0.17057917316950827,0.01848306023477421,0.5879270419099177,0.06525064393109434,0.06442050179277314,0.011963671021825219,0.044596398890443194,0.09192568854716962,0.026868405336315807,0.027730447020239787,0.07568236604512552,1.447178002894356e-05,0.44018288376035486,0.048248590793256316,0.008572599957823284,0.02217545023119505,0.20617691205344094,0.021564208919666216,0.01846659408838507
6469,0.22090702388574107,0.15938834701012022,0.0397288623795414,0.035574115422264116,0.41009138223205277,0.3600650651358037,0.005332069542475714,0.5653425180688413,0.07689602945594849,0.12060084861238225,0.18277055376458318,0.04128889418236161,0.24777297403280982,0.01713002235669393,0.06941618822351159,0.2816648217288218,0.0,0.3159891160792208,0.10531174208740163,0.0012387412254545585,0.01872812480748176,0.4602394434227966,0.043173257129177973,0.02826220335853268
6471,0.15210133880953627,0.1500884426129177,0.023546011361102414,0.051573017152036556,0.3250855477882863,0.21041343786403133,0.03933296660255178,0.5804569294538287,0.07183270360397442,0.07000141458531713,0.051837431757147945,0.04655224876595525,0.10263773374612681,0.04940719894319269,0.024744489314432273,0.18776420036570973,0.0,0.23259751956864833,0.09307755287011854,0.004468320648370525,0.031262313370463944,0.36956119955945554,0.04130389967702759,0.01823835646556162
6477,0.13640384303261252,0.10538044471484374,0.028262957314091453,0.06036442856422192,0.3253031819224655,0.12675006813951475,0.12032564323365345,0.48901412877730716,0.06389965428998086,0.07894482836432085,0.010753743392841124,0.03351246196299904,0.0883613140143506,0.030029468501300262,0.025883899072760744,0.06425933125753842,4.800604506141463e-05,0.15079475887161337,0.06150396107844294,0.011425676124945746,0.022782542460424566,0.23039646084221982,0.024433091136628865,0.018848980824834816
6484,0.11936793369433929,0.08855873859514807,0.02430184594768954,0.04006994568610794,0.3773619324010614,0.12628580534555714,0.10435611285445102,0.4642389834221467,0.06993278123387632,0.06417416062712503,0.01003925072746217,0.028862012261228323,0.09307395484046779,0.032658582497316097,0.024343130797866767,0.06103207115286157,8.646462984359169e-05,0.15068844584444036,0.05861679206867515,0.014885786318129077,0.02008894109677473,0.20072007415694124,0.02406586246159543,0.020586753408705142
6488,0.13337552419490634,0.09335562194790806,0.02511892571503709,0.03802291732158651,0.4290456604513879,0.12830766973155475,0.07533894810755618,0.43507118683728124,0.06423698963312122,0.06787176473154483,0.00996300499721215,0.04214677017464294,0.09305353443061763,0.028448254684187217,0.02472960349639318,0.06260198811255074,0.0001283056340276921,0.16835404727884704,0.06383021595523702,0.012025000777582522,0.02021952178775396,0.21258547369710803,0.023409598071071826,0.01999868689736638
6490,0.12867550761323399,0.09334115888055958,0.022997950791389152,0.037664265873346287,0.41634935246472543,0.24392671201395175,0.04734054326519794,0.5073405019472502,0.06559767543372563,0.06432768959299656,0.011641236162064464,0.026264301833260353,0.08669054913671158,0.026236576627942855,0.02476991282447859,0.061261817564945066,1.034126163391934e-05,0.2508165700201089,0.05729337843990692,0.0062688305113272735,0.024677572979859445,0.23764093398571645,0.023834704727847888,0.018602136470540077
6493,0.15626648666959642,0.129506707112426,0.019869555752965642,0.05604653616647022,0.2897940869244861,0.14590596935425973,0.15689648294705788,0.5541378512646568,0.09573254973735257,0.08477934710812861,0.01051618292563903,0.07694000193720707,0.07584021430667763,0.04299139139881323,0.034932184675320305,0.06388866632632252,1.5037593984962407e-05,0.15832692809720866,0.06557364804164034,0.008687483205975495,0.021942224394096724,0.20680499542928435,0.16117875822287453,0.021826063496481127
6506,0.1240518880428073,0.09083406886295455,0.0250483026375478,0.08349605039592768,0.3941958502480955,0.12020458149258585,0.11740835249441359,0.5215865340485066,0.06676366362945468,0.06524512709986861,0.010803728362923615,0.026886401615497317,0.08287534017738056,0.2504414176907175,0.03129436262791997,0.06074667470112271,3.6023504166874594e-05,0.29634935957274877,0.057309189284621705,0.015043123870741892,0.02164317715283703,0.16797042905505422,0.023499139936225058,0.026080554744518713
6509,0.1288504881506033,0.09795531453410966,0.022950858223088514,0.07346634047021444,0.47275003132898263,0.1276157035572293,0.14426125427173064,0.5188342494472667,0.06369569248190406,0.07806956675078645,0.010235155997445596,0.03311720485337113,0.15287927523879816,0.04610148362968927,0.024973487057882823,0.07476998186596572,0.001429275106609934,0.15347355522943532,0.0766710842494416,0.014355663642260642,0.02287915645917208,0.20127359298380657,0.028165331320655084,0.0456141490468873
6511,0.1845980004828748,0.12721722516208744,0.03542557100614056,0.03815479468052672,0.3344298211964937,0.4075223075796023,0.012489279315363313,0.4625270240167138,0.09749119812054173,0.09121204844499285,0.06319198525921738,0.02362988762569286,0.20125066691092536,0.01996199958893351,0.025462717902379514,0.1792194352614853,0.0,0.20863933030829426,0.0749663655832746,0.005021923209433691,0.031213774036022844,0.5073893556239252,0.024926650888433727,0.018784457881045432
6514,0.17561915303467732,0.10642075918461863,0.052260682855621216,0.04000286728844708,0.3965628810095298,0.12104957340135174,0.12499209558533886,0.46222133609171356,0.12644384788300592,0.09716788648163076,0.010237152839389762,0.030649679895519432,0.14834295193759434,0.03937018595789357,0.025268490636924233,0.08652492536506391,5.218226581801976e-05,0.16020156906457475,0.07022710966563206,0.004513847535396297,0.02062424180958977,0.22766408273449515,0.026371998408928312,0.01881597765129859
6516,0.12244406692937183,0.08489188049616857,0.01953129870104873,0.03332519869472526,0.46327997464146287,0.14452928720398747,0.024807082716811625,0.5505175308408085,0.06245626452375382,0.07570550433650271,0.013097220750366297,0.022589020362439732,0.10870905258726869,0.024781337251890738,0.023896338845326614,0.06979298054468158,0.0,0.2563749184936397,0.05890070316005219,0.006401463782772098,0.020990971593990312,0.23497305576155786,0.024472178720989057,0.02021483332514236
6519,0.08846808780112767,0.09760350478782442,0.04444046326521349,0.046045816788222435,0.3901313365846042,0.18080634549967328,0.06701111600294238,0.6097699078238148,0.07296358449068191,0.08078325391362268,0.024501155049496876,0.04178780619271614,0.08911350662180396,0.0311388449625055,0.041331228845700625,0.10801960247989266,0.0,0.4692850118573573,0.05984547777669947,0.001722410984106734,0.01669431275974673,0.2135645731651381,0.05547205212842696,0.016611848734439934
6525,0.12150930863675445,0.0938061464454629,0.023214835245760894,0.03555260720760199,0.37675669522532984,0.12628580534555714,0.06784092409134129,0.43867279356196,0.06824128261168301,0.06522103430919253,0.01003925072746217,0.02639111200757458,0.09976550482802651,0.029719300812589746,0.024623029626107393,0.060643331294229094,0.00013827810134618238,0.1510230234613643,0.058401186516327135,0.012120133152027243,0.023395647173685565,0.20272887676055076,0.023764981314030927,0.019691103868634437
6527,0.18994105065564437,0.13292771645155502,0.01866925684241736,0.03415206743100101,0.3170170925216505,0.13927466333561886,0.0257169329047778,0.5477958271539077,0.06098830212457079,0.06474362139917454,0.02359591867751569,0.06843882017940435,0.1287539568713885,0.0289700800316789,0.02278572362159582,0.10317305217642855,0.0,0.19344788960276052,0.14158395529979464,0.002064297590715926,0.02594907343395227,0.24985797047825828,0.1177662656116412,0.018532062670150763
6528,0.14801878807843902,0.12012577726797487,0.02034129460425735,0.029971313721314456,0.341692607875869,0.25113936837686235,0.04526513333033039,0.4772090384850628,0.06386541452189096,0.07249318613523842,0.05105151567889332,0.02573695157916295,0.2653380813020884,0.02223693866720762,0.04343043344242016,0.14022435972048045,0.0,0.14253007272057835,0.06067562655792491,0.013307811454131919,0.019030874896664537,0.29412051546458956,0.031415496554048135,0.022432314697099054
6530,0.14307552792821793,0.10267239511357147,0.02423950646460026,0.042911761730818086,0.3791887733843467,0.28615434814982005,0.04642277007063139,0.4916965274051616,0.06482163268504436,0.070206870816263,0.010957685600833614,0.025148376814383547,0.1398545007224598,0.03057276821272633,0.024229657529003242,0.08452154356594001,0.0,0.1624032801682478,0.08781274540708997,0.012517949076201702,0.019377235205066397,0.2401508656043857,0.027058017563739763,0.018523786930209833
6538,0.13434339336493464,0.0948274231611686,0.022294076852592513,0.045967793956944544,0.394879642809811,0.1230753564592523,0.04288993829549716,0.6194303437980774,0.06388627088026406,0.06339879216050226,0.0121179012567344,0.04551048336231328,0.07824637177567899,0.029140982542259667,0.036230569285648814,0.06197518875156036,0.0,0.30537403221424364,0.0525595274755076,0.012770056520775765,0.01985279480918406,0.18430302993014533,0.11466766798159041,0.018043066643161555
6540,0.12438385557457937,0.09239700080185392,0.024375715917711097,0.06441538585159652,0.47284921317586515,0.12938402156643844,0.02958691515970304,0.489601474956947,0.17803201037216657,0.06438076224888406,0.010611007991942391,0.023251432323563557,0.08583567342573582,0.040452287847463124,0.024385127027869453,0.06109620100166614,4.800604506141463e-05,0.1653686888554666,0.05766397250461428,0.006437087897401193,0.020206331699085697,0.20817779838871642,0.023003045799362697,0.01749641125493445
6541,0.11536221983742627,0.09528599721228119,0.02106707663307192,0.0282808171746274,0.3581326318682304,0.12594502438119298,0.03329342772488562,0.4809537748345527,0.0642704021634057,0.06617850694436217,0.010367733561235912,0.02343882765458598,0.10665240681450922,0.025824901768375496,0.02494557810920124,0.08582724194057421,0.0,0.21087972971611627,0.05314616057809214,0.007503008024628293,0.018095675174819678,0.20609556003249782,0.021671853169929846,0.01928127643630799
6542,0.15929502989235975,0.09642034041883851,0.030365342619915806,0.04173222584689032,0.5113264816051979,0.20754564494870087,0.049468457375247174,0.616735943643653,0.060451590280915755,0.07526142016270893,0.052327238848384916,0.02855685152724986,0.10547654846362413,0.04272290447431156,0.06611839835349588,0.0841665403271554,0.0,0.4103226790583404,0.05112323993462852,0.0011987197102093314,0.03478990228808305,0.2103542625616749,0.020759458920276166,0.018774616407393453
6544,0.2469467305090317,0.11330352203507445,0.03776997287823194,0.06903536952675421,0.3260844461772068,0.34696013358226596,0.04680130934218952,0.5095151149723869,0.09499281740509519,0.0699953382863863,0.044213474457309616,0.04361085115433779,0.12008955257373528,0.021097436985526616,0.03617288732231868,0.11736220818442115,0.0,0.2914066228842651,0.05935262066471535,0.004198713820388476,0.019434642995920282,0.39513173454525996,0.028424895879465003,0.026385663358841203
6546,0.18535456738921458,0.10041321518227116,0.024547559161739833,0.10758625958121641,0.4542197613965677,0.2735346846246434,0.018293670297442333,0.5338062628934861,0.06241644405832611,0.12140857740671306,0.041414863406165854,0.07387658340596798,0.10874821370219497,0.05267684363694624,0.08001365056491673,0.15211114045731816,0.0,0.36634689867145454,0.12990956901952558,0.0024662219895066556,0.05868538023443624,0.3632393070500355,0.02963295652971023,0.02674384003389678
6548,0.1698108645774287,0.3093521104365066,0.08268239259062943,0.05607001711132091,0.34525594513060265,0.1296143377166502,0.09003821814561748,0.3737839449538985,0.15547108901315346,0.18319460314794087,0.011345958348757132,0.058195519271294405,0.1486462732741024,0.03043310690652735,0.03056887935867223,0.06264567956762485,0.00037648337711749255,0.25135301061322446,0.10168807569678949,0.025700860782137153,0.019506374407371397,0.2024650672482499,0.029607553624048287,0.030832261375817835
6549,0.10632033881679867,0.08958880334837444,0.035772544467915016,0.041909439051973967,0.3114352953721353,0.41067336652630104,0.06558994211457708,0.5696507870342199,0.05147075048255835,0.060325918477786775,0.04755963541444075,0.02928729738074776,0.23124060610227595,0.03498728484892425,0.03847279645035832,0.36216341890213777,0.0,0.346895416686695,0.09748276377612564,0.011436372655787168,0.017146917132442457,0.5411773609441095,0.019087126661743902,0.018807833810523936
6552,0.3522159733519189,0.35816451645019365,0.04951895303084363,0.05853163280832743,0.34942564156444833,0.19005590666314037,0.02424314043937478,0.5011486613681064,0.1395729050353275,0.18544730199320555,0.014721349274914565,0.07800507256759921,0.12696263376809194,0.03061945069354439,0.03348474290673189,0.21201694138541938,0.0,0.36342829707127805,0.3386018657833151,0.011765093977193903,0.06884683086662152,0.3941520892035508,0.0797237210603874,0.05064158345169994
6555,0.12341879510233517,0.08776050182051895,0.021784291952142883,0.050331199707644575,0.322072749852046,0.14475405427546462,0.417456120436252,0.3457141471402468,0.06283824217575557,0.06354382983928283,0.01953085522587122,0.04400679430302626,0.12582343371299232,0.05845541651001646,0.024512596718192434,0.06399965774546804,0.014805164702651858,0.1468552227274424,0.059347241555558455,0.011638981141625331,0.02304419405256342,0.24954339341636889,0.030598459242751307,0.019292506454747897
6563,0.14234642817868748,0.10346188823838746,0.023054389614129586,0.040124119543542086,0.3866182966211412,0.2722733662955454,0.047998439150932264,0.46851495087753764,0.06341199147777263,0.07276026366961111,0.024120025984691186,0.03620457518909578,0.09322759615686828,0.02842008857875543,0.03662066009922216,0.08865159572809336,2.188183807439825e-05,0.21887176372371925,0.06029949851900552,0.01652886511950308,0.01854179443327173,0.27598318194301813,0.02393098503308227,0.019345217571370147
6564,0.11687748350839,0.08286466418831945,0.033488358775786514,0.03471179009203944,0.41287286889084357,0.12810277488904703,0.06125717241153113,0.5279644426507781,0.06496812842626555,0.06505250668603196,0.010192636436403437,0.024622907709529906,0.08951707272619393,0.032818568631999175,0.024940027443612466,0.06108969738368422,3.6023504166874594e-05,0.17163541870513044,0.053072767569410394,0.013955120936643438,0.019492652676165952,0.19838438321202986,0.023175881745154774,0.0191443229174808
6565,0.11861889090632015,0.10569030115876654,0.02482734630328347,0.0357055146679044,0.34321408210684895,0.12295019971989224,0.07062693823413628,0.4828099391131394,0.07099090650653402,0.0740514028088496,0.01098064233261308,0.02346692979975936,0.1285638717686268,0.02772032416232489,0.023928624514006253,0.08770468812312869,0.0,0.17265106752098958,0.0633540273699959,0.009312594040955668,0.030593473601364597,0.2223178862456684,0.022637411669977535,0.020058011620536914
6566,0.1460574452232236,0.11098838529858591,0.02853398581728542,0.13657685427151406,0.3763280630173437,0.12336159260176238,0.23566505602867555,0.3846727683498288,0.06393361487855292,0.06811045264993833,0.010410477253779152,0.03769411874278841,0.09055084022698011,0.050932938963135346,0.026031220690504116,0.06295263854132471,0.0,0.1547217204367382,0.07464832631002792,0.007236782768076505,0.03915085221120321,0.21250441981942658,0.025916909097028217,0.019058843278190567
6570,0.23510971189261803,0.2007309743231428,0.05701137665403585,0.06778296362779411,0.30177452661000753,0.18372495964099578,0.013501282604939819,0.4642648404311788,0.07585013617494757,0.1521928663331463,0.015454258603772628,0.07519238248741603,0.27308127445107117,0.01941896887132083,0.026101372716711074,0.07989994433166146,0.0,0.22183100849796727,0.12622723168584962,0.012746557703740542,0.019265457715005364,0.31467452930592843,0.16286010803436365,0.028185589436307862
6573,0.14704857754019313,0.14389965168698268,0.0231257321944108,0.032294204018050526,0.3911428804390464,0.12652583450937668,0.042051622803130136,0.4288796310563812,0.07725688937149729,0.14904216314806293,0.010349592718451272,0.02578808670979433,0.14561704093599204,0.029422256825583065,0.026090547491022104,0.0687704541769011,2.5378855618881745e-05,0.23669878367110125,0.08913817213989296,0.011077784656967357,0.01754616652195371,0.23165498681167979,0.022046757794175753,0.017953888213071364
6574,0.08988860716502234,0.08129831776334648,0.020824424610084716,0.040053056017613144,0.40485791464265863,0.12130564779157382,0.009909892166006518,0.671612516483186,0.06280611809722564,0.06556518615368559,0.011781340232455124,0.02243270414264415,0.0953451979127644,0.02808695276777713,0.028925200970936715,0.06863189631989945,0.0,0.5006393110789525,0.044773076433714504,0.002675451508341846,0.016720797077042555,0.1847214441116024,0.021831655970060076,0.017952110901827946
6579,0.17037453233193373,0.1248731610738176,0.02279257176185435,0.043916296345074664,0.30662841020857184,0.1692275554126648,0.0479442781272774,0.4673672036637302,0.06584079090830931,0.06784998441108199,0.010277396653204757,0.03513100344491559,0.16448142723475045,0.02646873544027716,0.024350307457008072,0.06311835606095599,0.0,0.1541764287691348,0.06452440703721052,0.008894538058565023,0.04557613123947207,0.30064456441514265,0.1670180212450544,0.019171358380377253
6581,0.11555423951703958,0.11602075813650574,0.04218343895594871,0.06979790093667627,0.4168049038678035,0.14038052102146661,0.0340770484737589,0.4885101097945975,0.07290292671843593,0.08591922516586407,0.01216272878840828,0.032754225720665775,0.08911489390236527,0.030403714670883635,0.030761232239258432,0.061412273810806293,1.034126163391934e-05,0.36818051781112265,0.06003293049172848,0.01999125410495699,0.02000598276966414,0.19354762605606532,0.02817070261949092,0.02701397175556419
6583,0.24663082049348034,0.14023648193442642,0.021211061016201183,0.030748719935435598,0.4112048946410518,0.27839051521444436,0.022202898301195574,0.450884586504914,0.06324200633927402,0.07773287677821934,0.0405665669960903,0.025414408272614934,0.08508075641836994,0.07031099051615673,0.02435235273704125,0.07278447725281487,3.766478342749529e-05,0.1823539046027925,0.10058969230828611,0.007019594461719485,0.02039285495904979,0.22156333479758092,0.03290081184985008,0.019868849592111458
6585,0.1203599977604933,0.10410737318113744,0.022942807692201125,0.03217199421762861,0.505311474126452,0.12047675181435089,0.015855422821505066,0.5486744050400141,0.11235973207777851,0.07317650355584243,0.01088229602706726,0.027580368663154328,0.11530058010232944,0.02468596989156629,0.04270430936767492,0.0670365507816927,0.01,0.4194949998508914,0.04852090769726757,0.007775828614292617,0.017891664909551956,0.21578663849249152,0.05322153150292721,0.01714586459563895
6588,0.23159992813113092,0.14208161689648421,0.020126150425548953,0.019557735323721234,0.36540962953062084,0.1930231098997074,0.0061766042085565865,0.39046009656505004,0.06333383267073735,0.09097561245179513,0.022536646794975353,0.02208152736284451,0.10518783899087632,0.022789488549569966,0.02383321698662847,0.12474920043942037,0.0,0.22571135962806788,0.2164398512560676,0.0023497904069064335,0.054219811830261755,0.3313891880130918,0.02483671094405469,0.021442109044096106
6591,0.11948237889488933,0.13513045935353352,0.021005351703800055,0.053615173353512756,0.41945210263321253,0.15731334459132032,0.011017752457203074,0.4553563761579815,0.09761635357610138,0.08166686433674152,0.020313998450694277,0.03555024946499378,0.22470177900487712,0.02463530742511571,0.026538334087693877,0.1888624378568445,0.0,0.24824144319052444,0.09238209428642069,0.002687377922798796,0.015035049983753369,0.3494632962403005,0.024841397946952153,0.019787633243651355
6599,0.3372796973875482,0.28991803256828375,0.1060008404357447,0.07749147612790792,0.2687197358066078,0.1346613896658015,0.058878800435817925,0.5069618305401968,0.06740708709158576,0.07505128999855659,0.01286547109414619,0.07555963499386338,0.06408096265615415,0.10891288605992538,0.023674193226400665,0.06965933868912169,0.0,0.18862635069962017,0.20447127985574906,0.01975910419469986,0.01927713730055988,0.2097670386907366,0.2880524614726777,0.030936310037556976
6600,0.12769770669542058,0.08885388331260695,0.024448866352216755,0.0341919448631247,0.4066782882127649,0.1666819340141894,0.0652580963516911,0.4789418826167095,0.07158565961971577,0.06656538501307044,0.010343473674950582,0.022060373246722116,0.0921211179244278,0.030142578416098464,0.04631373842086234,0.06368190205223266,4.800604506141463e-05,0.3052012950608317,0.05423781974637178,0.011044483148051242,0.01742806073496671,0.25388238163067417,0.022303406072062257,0.017527704531701025
6602,0.14067475016686964,0.217926382799038,0.023076331018102712,0.05903353223697951,0.3603517608106896,0.12789082255359158,0.08921623974468398,0.53394706764838,0.06250267968878798,0.06423862419467968,0.010566697000983146,0.04370228775278052,0.08916224220389748,0.0294160187177574,0.024155153592833004,0.06150294892291834,0.000912078970367933,0.1567518270605995,0.0609169861951491,0.01137514339542748,0.02077981629450831,0.20042543882039154,0.05480701638527638,0.020163432450760185
6609,0.4028157747114659,0.20195284661477753,0.015142675756515704,0.02269826657442056,0.29621827275609486,0.3557784803215325,0.00626596526606325,0.36731760910968314,0.08978734031177944,0.08906844464149673,0.10848239928977378,0.12243439483691118,0.18277912451238104,0.055718282212948333,0.04906259505569939,0.21142582223174233,0.0,0.2100715823588628,0.1393769906045642,0.03441125121037963,0.02969889760006433,0.4169023854622722,0.2572559759170533,0.15096257873548263
6610,0.150491628626246,0.10383701981623884,0.022084553690269827,0.034681657721995954,0.3520595696351246,0.4137250098075346,0.02383070527961892,0.4519972792790792,0.05791315319849869,0.07193800888713298,0.03943983064777618,0.024009854432888403,0.15773058203256105,0.02381372239070675,0.02472591209250216,0.19045115076630137,4.1841004184100415e-05,0.14424344310266468,0.06616924712315676,0.0066014820082425565,0.018763254105057213,0.4859741677407288,0.02246591142734018,0.02043655730600334
6612,0.12479616521385685,0.08605919904392975,0.02312759202709307,0.0691464320217941,0.38591492185558407,0.12767379750450453,0.08370865569321546,0.5390120428533398,0.06406561896015395,0.06481918560257406,0.010635726047517651,0.02887528720987476,0.08076979812082484,0.04830586509990007,0.025964576386464232,0.073967488340284,0.00020047949262406748,0.16928939690136174,0.057732086467185466,0.014361953910235663,0.04576147261407573,0.19815643226154933,0.023698351672074788,0.018570443850848585
6614,0.12839796447737523,0.0893326389061157,0.025823976924606952,0.03914045964988119,0.36637890837369497,0.27171934290210115,0.0379836733684394,0.4815371492273846,0.06497856490598054,0.0681390405112211,0.015252954815857924,0.027580593868330592,0.08860505585054025,0.032103859394724384,0.024512596718192434,0.12148000403254326,6.955776919934567e-05,0.16014115503126622,0.07137325614913394,0.012940020893993489,0.025289955452835692,0.2975602569411091,0.023856218313596224,0.01888146367770343
6616,0.15794760805360245,0.11190963525046196,0.02377680701661542,0.04092900036892246,0.29149939703136946,0.14920873604365537,0.035360929546280596,0.5399482433023507,0.06389428554865888,0.11817652751749222,0.011218981140307605,0.04042463822263099,0.11397254005501187,0.02527388008116912,0.024155153592833004,0.07569856530538605,0.0,0.18236933303618494,0.05931286229912587,0.005135309912373678,0.019951788781074474,0.2546670616028476,0.10404598628274529,0.031026765896151946
6617,0.19190252138542427,0.1304701053929139,0.02302170580732067,0.05958173986743962,0.38251050865885666,0.12754315662586788,0.17348519680858754,0.48326093182233526,0.06358455906091902,0.06453046500949279,0.01003925072746217,0.02809935071033831,0.08936714826161893,0.03944290368907537,0.024512596718192434,0.06093452017730744,0.0003078200373057563,0.14105897004798765,0.07725483638240935,0.013782500477168565,0.02121054920572397,0.19235815690947003,0.027671238660824705,0.019458824235708817
6619,0.1281642636351325,0.09325587493207924,0.025449641089253502,0.03193282722548721,0.33952616027459015,0.13598446776177625,0.02057467472672608,0.5435888848227425,0.06088347210923763,0.06496121460782281,0.011910039611353902,0.039123886092725775,0.12769322980959907,0.026441477772569978,0.041624680456036324,0.08227372554961646,0.0,0.3245763243793591,0.057493537292519985,0.004796584923910402,0.020416910074805873,0.2820959307628487,0.02675944968332061,0.0578598204718835
6626,0.12543401224469805,0.09888196803310861,0.07099670437615774,0.05629076563505478,0.35235029058879824,0.1236912899514398,0.270641549196673,0.5401684365847619,0.05991820088531565,0.0739464996257687,0.010004556120734373,0.03754873275814937,0.10016545675047704,0.04351139505097906,0.025221245127729414,0.06381568869708136,2.188183807439825e-05,0.28747040673330476,0.06779009029328817,0.014945960213659267,0.03314592920700783,0.19848777793272745,0.027820938929902964,0.0175602958427012
6628,0.09258601112734004,0.08677205970821557,0.025431284891338484,0.05678275313893558,0.35789539427890005,0.11786032996158824,0.2510780016286261,0.5912294820495576,0.062475636964852255,0.07380044238321275,0.011539805554084803,0.04656972170520527,0.08202789717191791,0.04298282975378486,0.025431815422227576,0.06965314896641293,0.03262550900953885,0.21382682447159332,0.05523460388806419,0.004237615884210165,0.01725858444946461,0.18548516986712585,0.0458834321513304,0.015337336862103144
6629,0.09755507818443608,0.08697723777450607,0.021295243448884848,0.062143191963945806,0.373035473954235,0.13341124978302252,0.1229421372116758,0.5459923119970246,0.07726576531894713,0.07437081171860077,0.014076363867836662,0.025142868389322746,0.12286204056061946,0.03811560464658549,0.024847493263122078,0.09055752359211387,1.447178002894356e-05,0.2666050763912139,0.049176944589000175,0.012388298730658909,0.04700627672250927,0.2195374788002391,0.020846146992441663,0.018142094114360085
6631,0.1529815984698986,0.1833322831240318,0.023239309636199842,0.03912549593689591,0.35216557472219134,0.12511697407882205,0.07379308371195198,0.3721276745318163,0.07381929406940213,0.10886098949156552,0.01024688447719282,0.029285756061231728,0.16359113157549085,0.02938242466919159,0.027143723141204775,0.0639873200205788,4.1841004184100415e-05,0.15206641534564644,0.40575379957879426,0.00795041035549461,0.0314103845693936,0.21126087154939183,0.04501927229933469,0.018346916993174783
6633,0.12741138587411074,0.09647151362910619,0.02334678720267325,0.05967353442311335,0.34825294734778917,0.12861839578416018,0.16099157731623312,0.45974727337093363,0.06436323502953925,0.06536312947533351,0.01011737572746217,0.03243325075968437,0.08759672630120863,0.031428996684122155,0.024512596718192434,0.06216982624766885,0.00551240434608221,0.14909190451620633,0.058260273438342274,0.015536761315720158,0.02147688257958315,0.20143904957485376,0.023842131948215214,0.018679284256983286
6635,0.25346692465997206,0.13204211293280504,0.04779037357200781,0.03601939776869481,0.29203010109529404,0.18473446770917115,0.017274429310943175,0.5399888693377212,0.06188801355936344,0.1330129269062926,0.053570528625580115,0.01962355321461786,0.11088652365229111,0.02047528359416463,0.03368729444870081,0.0922767149474994,0.0,0.3399203269009387,0.13573814040082643,0.021073610202747048,0.018308334110112522,0.2909470228043962,0.02687253783331346,0.05723651493241437
6638,0.2790504357612484,0.22252669734434646,0.057749524039970364,0.036198045747607814,0.2921713323733676,0.17417071831952874,0.02167883574337618,0.5025414326153489,0.12255812798088433,0.08375930806195722,0.03822617311337691,0.05705924054805386,0.17719023361107117,0.02222395261987414,0.03637884733979833,0.136589873169454,0.0,0.15296535844387968,0.20709112550373882,0.0033440497955602145,0.029110047172298335,0.2768572491433996,0.2290073107857699,0.04898298203694317
6640,0.14418349044542986,0.10331840499664749,0.025603115868083046,0.03934801026387922,0.3566975422073238,0.13884665668213347,0.053591079039142724,0.4564174551795525,0.07447000267654269,0.08276724381905445,0.010779440002361801,0.02976902149586808,0.14194865231621825,0.026666841456285884,0.024611595334802665,0.07217596563990165,0.00030858942708776707,0.17102189358508524,0.0721078217082167,0.03180266976242602,0.019779690937832974,0.2505987017662945,0.03087054446127173,0.019905158586737488
6642,0.16949590911976797,0.12608946085841136,0.022515698899210644,0.09613895115777231,0.36500916006403494,0.14427319442687733,0.06416664612069728,0.4824295343301746,0.06293268640409858,0.06818710010289687,0.021416514717474834,0.03163524438908216,0.17128595282501874,0.03971304247706927,0.05456481708215613,0.14952859884895153,4.1841004184100415e-05,0.2017177058762937,0.060451887887746775,0.003692197516264333,0.02009368903894958,0.24577739491830336,0.03295942518240355,0.08817695713126027
6643,0.1932720297340441,0.17769401961894166,0.034597764407139395,0.07243213013531838,0.528178183050411,0.13647734802985637,0.03733730982821645,0.6876785159309801,0.07046540535177184,0.10970392729562935,0.02901986974168691,0.044792804999201116,0.05413780227369372,0.047318002250252095,0.02887154242458195,0.07888061834251903,0.0,0.44466271825745857,0.06917603708168142,0.0012193421664464148,0.23405720574299527,0.18668843086082657,0.06868795317575145,0.02799400789976474
6644,0.11787941412677799,0.11425887103597274,0.021249173854407624,0.024761432872166096,0.4511104447943745,0.12333976234256382,0.02834999236516362,0.6145915893832236,0.08175167965326732,0.10348839719960905,0.020722518990746456,0.02974000374979921,0.10711722653011815,0.03385744530628088,0.025470994634815513,0.08840380796803726,0.0,0.3451355757142589,0.0924635051346892,0.019166294224324455,0.015158595970048358,0.2611852182277409,0.06213522948517312,0.017554527032785053
6645,0.11278558645682167,0.08750280271685877,0.020304644707809322,0.03455962695427809,0.3038183693349538,0.1935469957880627,0.027515129043521734,0.523756193390014,0.06077264467121929,0.06793325209873609,0.019760488759981085,0.024909299393018332,0.1809851031511265,0.0555570050059969,0.03467644887396446,0.18267542937418735,0.0,0.31111583231750095,0.05562765646519413,0.00744806881616036,0.056773951991457655,0.46162846803992325,0.024370513502041873,0.01873695544058868
6650,0.11204996226830985,0.11771415023138446,0.032721831938257256,0.07460852718965681,0.3466212591666149,0.11949974305216804,0.05897982642003691,0.5993360973012714,0.10700821402836605,0.06374765075037697,0.011358613025824724,0.051039468632080656,0.08533821740899543,0.029343727756788073,0.024238304756657236,0.07723265237348664,0.0,0.31568801380133504,0.051057639978270515,0.005313339407741856,0.020798649497025493,0.20426222091253607,0.03535127090851656,0.028520839477706207
6652,0.1258176211128423,0.1663157841854419,0.027619409514702098,0.02456385391343453,0.3541044677234724,0.11136011755372283,0.016270179877148537,0.42925973072540885,0.10509266489668902,0.24345458883434343,0.011663095078257555,0.019852535437363254,0.259110041277966,0.02086366777956045,0.04578385350046328,0.12011934295926721,1.034126163391934e-05,0.4728543923872926,0.12214557510197462,0.02197976191387907,0.0257394739556366,0.24469349701335358,0.021186792871950466,0.034913419948885006
6655,0.15684998239603062,0.11824090392690799,0.02391019531448664,0.03548623430482253,0.36965456174191913,0.1283985126373178,0.07996500382588258,0.4359643698548984,0.07350749497535147,0.06472741731613937,0.011038645772964,0.026137882208942434,0.10601753288662447,0.027994182188327724,0.025119076314406116,0.06207886969767642,0.0001148571105489677,0.15711797077928516,0.07921709884700184,0.011550965435957319,0.02053333139756854,0.20903675840848032,0.023785080646764708,0.018794964563941672
6656,0.144418064649757,0.22484991722478542,0.042427747208527974,0.034578929841386274,0.358042977639962,0.21161769916458603,0.013488201577078357,0.41893359979031186,0.12228402517930632,0.20644351777328557,0.022058080052407725,0.03176683485970886,0.350228161347823,0.04782091142949413,0.025935344491191947,0.13299755557905701,0.0,0.23933135313824075,0.09268928991787799,0.001174620132719622,0.027790825296189422,0.35978838756561715,0.019731093929885198,0.07946407585278298
6659,0.12593047345844716,0.0964927317754034,0.019323967336747568,0.029201670370546298,0.33892008434634496,0.1283775744023891,0.014028931081988027,0.5619499138739367,0.06532321204104434,0.07967285212149418,0.012514323831632385,0.03210715933591707,0.08818077300602496,0.02399481033410578,0.025471681433839554,0.07462377910818378,0.0,0.2356193559301221,0.05554986237444503,0.008431068662518925,0.019766901291583105,0.20763078991639744,0.09139967368848864,0.016590484970108354
6665,0.13826954353029536,0.09325678432867983,0.024649546890752556,0.04869400975250397,0.37919802390872676,0.2826265100697371,0.03235377569983031,0.5059257151387484,0.06363476472588471,0.0674337365249164,0.01147703599135947,0.026210795007067574,0.08882820995772261,0.02883389189975637,0.023919024033145875,0.09501241327259453,0.0,0.15176647279627417,0.0598093361196885,0.007471025800611337,0.019246201512959735,0.26098356501806413,0.024230933576512657,0.017680665637352863
6667,0.19968498336639715,0.10617214906794739,0.02172363700037614,0.032260696786698545,0.34474223198403586,0.22068387090120306,0.01762836154688649,0.5194532561843321,0.061121868115456446,0.06564200780217216,0.015492601009154923,0.025215139306877386,0.08926536962509085,0.023120257121439742,0.025058629953691902,0.14511505610553627,0.0,0.16118504704615075,0.06254968442728549,0.0049798547329995314,0.02063388282525626,0.37113936015054044,0.02899825161229525,0.042859844251741774
6668,0.13192542660095952,0.1788945452968301,0.03202554595104519,0.035720899563502245,0.3446601684565321,0.13451999282613258,0.02254219907090898,0.48732922616971464,0.08299219590905774,0.1670581179736295,0.011024653453140855,0.033280215688168184,0.2143421004263491,0.029564647258212687,0.026653345653466512,0.1367322456851457,0.0,0.23247452667366594,0.06392485300191321,0.023360496463578392,0.01724029158608859,0.2722540033313136,0.02128426277169487,0.01678433820269877
6674,0.11247385745089002,0.0973640887416673,0.02573690736307366,0.07264889068547643,0.3286966202320766,0.32590721025221986,0.03380888797123588,0.5429821003442356,0.059073986189644885,0.06653633395119565,0.03925722366939849,0.020500214711983378,0.13756782895153472,0.032125828140721124,0.024560981927957703,0.2114100416458669,0.0,0.28949077959930736,0.0466430548199495,0.013805746040658722,0.027469490681574883,0.40634539274139264,0.05101565650496776,0.015187279876653421
6675,0.13127181595314152,0.11097965942038841,0.022858146752128505,0.03429239233170484,0.4230176053563033,0.12626487143776996,0.058329798958715984,0.468748632369979,0.07552536997434128,0.06505250668603196,0.009856783971149606,0.025678522143267504,0.10024741781584616,0.029879668227174628,0.02556069134292556,0.06672700967383373,4.6930579756812775e-05,0.18028667884817473,0.05963506329224226,0.05692459996757476,0.019837630016166775,0.2112749099961184,0.02339968560965358,0.019189562499856535
6677,0.1207497771047578,0.08641441543718445,0.023046101659384383,0.03492315171793077,0.3659477695258936,0.13587130084244997,0.03158392888050106,0.5223044959042001,0.06307160153351696,0.06515752090728258,0.01069495258800486,0.023723816964942048,0.08665438780074579,0.02902999577574447,0.027009160693063868,0.07105910072734659,0.00018018018018018018,0.21316923498958942,0.05269162459492041,0.004058545784081453,0.018242948406535443,0.2388364819490556,0.02192630596874348,0.017606897978104007
6683,0.14996327593293515,0.25461094392681743,0.025130479528832902,0.061642886992017525,0.3099340442380083,0.1436167199188959,0.08099402370234789,0.4967795074301053,0.13407869740243336,0.23096576337468966,0.011494058383483031,0.038799200361992664,0.11297464505756187,0.0353311117729568,0.043809331210087316,0.08178083988047657,0.0,0.23951943648749194,0.05829268363835997,0.017078955084456237,0.02649904304824737,0.23787644003315708,0.02292602353368247,0.01882007356878929
6687,0.26118706674685904,0.2267214207859691,0.038563544815181455,0.05187355895789767,0.33205294463932133,0.19889284694085854,0.05627269311344414,0.5350883726938895,0.0623360356143577,0.06598410558232405,0.010907326429422104,0.03826526595247752,0.07939566356129393,0.038639245334803715,0.024155153592833004,0.07133973838810678,5.218226581801976e-05,0.15291352507197106,0.09792938905694797,0.027346179983627827,0.01857982827458339,0.28576951026105274,0.026014552799703296,0.019450929527527853
6694,0.1197972079509703,0.08899898574359412,0.03368885407336517,0.04303323571860353,0.511540870841795,0.1264413344103575,0.025275194937940837,0.5621425177696472,0.07921321687845242,0.06502850745355841,0.0134105968253441,0.02581009851110708,0.09125534853925243,0.02321900273009176,0.03176756942791643,0.06364376577619196,0.0,0.28179058061768286,0.07042257972096254,0.006497884532151357,0.026331761602299126,0.19144342275243173,0.02257804576466045,0.019606977629473183
6698,0.35837328849316913,0.34348230201066854,0.05529414355661336,0.08622778165365937,0.3553741173652189,0.2011896878614495,0.0525279958816119,0.624666667689684,0.13754869501437816,0.11599064472829727,0.02334755453623586,0.08267531819868074,0.09191186257161812,0.13080123831205887,0.11278140638143455,0.1040693486238707,0.01,0.23772934925830935,0.1504284192812633,0.011824957521472198,0.05110100624756089,0.31889178841806465,0.20593483975395654,0.11023996170860212
6701,0.15569374946708167,0.14184560154028944,0.024618814012450772,0.037320855482357994,0.36493026396304956,0.13298076739652076,0.06635808865629703,0.47952833949205603,0.07185937218369229,0.0652238993446239,0.009969581655553734,0.04393158489173085,0.09819981017341667,0.035218500323158576,0.02609558534227002,0.08807635718226317,0.0,0.23071550116568462,0.06255087549890125,0.024376569901909447,0.020205453032907997,0.2361883789443684,0.17012568062201833,0.02034912543733243
6704,0.14141047617198005,0.21934167486588263,0.11515419198055256,0.04211970043074187,0.34511173777968734,0.17513186565021616,0.03882490399066126,0.507871487423677,0.23321715177591165,0.30194594637910394,0.016652962148265324,0.026976750967071902,0.10925342057123343,0.036721433118970324,0.06866564593943232,0.07259175545690093,4.1841004184100415e-05,0.3567708878592949,0.0589277607466514,0.004587849087656217,0.016509018121617026,0.2385709709383338,0.02333633010603318,0.03736694576142784
6707,0.2840017121825835,0.13980417501110273,0.018567893105303202,0.11184679473797994,0.36113638349894245,0.270268524531859,0.2620849705937487,0.4099577915990067,0.0631865178633189,0.0682742976998844,0.01741351583891106,0.06924273311213099,0.10107755035127954,0.10182473410571506,0.024064792696386516,0.18850107484574546,0.01,0.26394565320715374,0.1063873207652496,0.004074021828480584,0.053355599995970907,0.3593724274492721,0.15035553056839288,0.02084769958778541
6708,0.10439253853933667,0.07760897264036744,0.019218864645337265,0.03840617496286911,0.3830594727032369,0.12267997136910283,0.03139444416904199,0.5949908249060322,0.061239657101749286,0.06164030421667582,0.01014344541522531,0.020240460198987842,0.11354558965594885,0.03513890604100771,0.049538956884200805,0.06945867618961882,0.0,0.4483461138812536,0.054850408142849146,0.006049613841163355,0.016646418530892083,0.2129428454981287,0.041864172407049836,0.01816230870897106
6709,0.12152991775379901,0.10863000987919326,0.04059126067613123,0.030665458943590497,0.4103968589636824,0.14635392573469388,0.029342216616220374,0.5721483859037236,0.0747870859362472,0.06742746823759659,0.011305558417879282,0.0663498000810639,0.07664453175415956,0.032027748893518185,0.03656783913204165,0.07485845132303906,0.0,0.3097835958470652,0.06525737476284206,0.0015908317459042125,0.01959646558118162,0.20672722979845415,0.06569567343083671,0.017930119834195356
6710,0.10366057578623437,0.09875040455421741,0.018716285614370977,0.05460487048043786,0.33594240122024926,0.15609674797143508,0.0525167302255618,0.6429555457146623,0.1792835851798826,0.10628132102260121,0.015398060645131006,0.03628641391985105,0.1360426980285739,0.10392098842065538,0.024489275289296456,0.09312289094640479,0.003333333333333333,0.3014186571239824,0.04873421750964655,0.0013622870076699662,0.05223905394394798,0.2551410915939854,0.029820865702668457,0.016633968222834927
6716,0.17579771820761322,0.1444927218830216,0.030433374068363578,0.05660294415939572,0.30984149483574586,0.15219362529933808,0.081000595777241,0.5134202592500428,0.07060657485188429,0.10148418428884183,0.010865641872691486,0.05318805343164884,0.09351675059775706,0.23072261617468384,0.02392511843241575,0.06368890112198622,0.0,0.1512324451336907,0.09193116981126731,0.015750274840617022,0.020963893824096417,0.23637300253270793,0.12149282405065001,0.01872950643452967
6721,0.12017351586986749,0.09308328480321099,0.022275178121053868,0.035403609283219846,0.3721700525682563,0.12598380199626016,0.020266289801331796,0.48522301263627043,0.08646671200524962,0.06773977444349706,0.011694880507537647,0.02489714642650492,0.2211749566182756,0.02629208181553122,0.02487603820259312,0.07366849773269495,1.447178002894356e-05,0.17913713426407146,0.06518551961551894,0.00731604213077203,0.01979899077789075,0.21520943814885993,0.031078823145881528,0.018460984641670234
6722,0.13023766158267935,0.10387597866940865,0.02431946184817489,0.06173113724472021,0.3565636928301656,0.12706323317115686,0.11329516873579404,0.46678515531376846,0.06513286021041008,0.0716466950463758,0.010166439497140689,0.032387987110373134,0.10074784082268348,0.04635240191728791,0.02709852481434302,0.06175006404465787,5.1813471502590674e-05,0.1478116101325449,0.061864965845103655,0.012628089494200528,0.02052690380256797,0.19638518520670606,0.023813434076390375,0.018569028702861475
6731,0.16684646004813228,0.18250911859865515,0.05348123875684444,0.026630896793430146,0.3242696156251613,0.18303067909891257,0.020648261469475373,0.5313670763092603,0.06795760642503995,0.07761468872956907,0.013201611943265237,0.0397409164980214,0.13431171800756225,0.02463582302852866,0.024287349061875615,0.06769799183719914,0.0,0.22670683978687944,0.0790197044053882,0.014845480678869084,0.033479944396599154,0.22577058923230692,0.24663555315899496,0.02823893286599639
6732,0.14923869130122777,0.11030765953990075,0.03391917988579992,0.03222924125022769,0.34799594301028036,0.1821202815647738,0.053548209230097364,0.41069447496527384,0.06439428050507799,0.06849548646839651,0.01282145389244598,0.040929631817036516,0.11285033376282293,0.027754686654493547,0.024512596718192434,0.14802227892770203,1.5037593984962407e-05,0.16491786398557956,0.16283335520109532,0.019041088533797264,0.01807752383187815,0.31997835368891603,0.15738231326112384,0.05123006497012187
6736,0.14381415830977012,0.10521859603339807,0.026044916612978423,0.03151312850556417,0.39979754905103776,0.12724575882740724,0.025270224424350958,0.484459590465272,0.06746708937568636,0.07399143524319392,0.01248879278388616,0.02689995879977104,0.11693555614767423,0.08854438395883901,0.03820423350701492,0.06225052060937986,1.5037593984962407e-05,0.22083694895133907,0.05329491770290122,0.005367062965737332,0.04391182901063529,0.20495907806620284,0.023338779272314838,0.019037725541577608
6737,0.130558885607266,0.09506917274102737,0.02355468545030618,0.08980317432487638,0.3514755064940002,0.12646527544363376,0.1586466444207812,0.4655704820149822,0.06507240478832788,0.06423862419467968,0.010270634184903826,0.03420073232633544,0.09491149550493824,0.03925318656694951,0.0249116683230092,0.06298317360843621,0.0005783092891717172,0.1485739210711149,0.06070844679448602,0.013171033042289271,0.023185352686591817,0.19108259207464826,0.0247923015778322,0.019318210083146877
6738,0.1411742090432168,0.13894862232710958,0.024199535553362423,0.029604821546841246,0.4815461555086089,0.1521291646790709,0.02478198370630488,0.6033220614106901,0.08333568523667853,0.10063377941295759,0.03712725141854982,0.015894149091688854,0.12417912792863259,0.15039776077071915,0.03678772381033847,0.09816414478713367,0.0,0.5160527000411697,0.09421243468257277,0.032402661189166924,0.017007343654032364,0.25944088096699813,0.018083593718721733,0.034315496076415736
6744,0.13394578590011091,0.09827131609350374,0.02316627889636198,0.04387049919098625,0.3683959743315487,0.12785297349839675,0.1668817711464761,0.4753342626380719,0.06436323502953925,0.06577710056574133,0.010166439497140689,0.03213752850455325,0.0845261320099912,0.03427212242877226,0.025737937533335482,0.06132889552819204,6.904697788962411e-05,0.15262895840261362,0.058129373067199196,0.01458585142239784,0.02078215305999273,0.20042543882039154,0.024444139566751275,0.01887254716673164
6748,0.18822906905370668,0.37848825110617434,0.049012432685843335,0.05916005261500219,0.325647987839994,0.13102555318815268,0.0683425169505678,0.36507932253373016,0.17935214024620388,0.32415360801090054,0.012531033297039444,0.04120885468061028,0.21194615822934273,0.02779935479981274,0.041537719067026364,0.07502570799071552,4.1841004184100415e-05,0.143862971966178,0.09562223912537972,0.008703238623697573,0.022943309696039808,0.23817866759557935,0.027742897365828276,0.02699603017899832
6755,0.16716631038098181,0.09347265094126321,0.02269673464322726,0.03675319878648871,0.43520011488023636,0.3733842153208963,0.040211291595065764,0.48732459751871376,0.06176735600021787,0.07325162075403506,0.026530772201922265,0.03487407686570476,0.09956985199472576,0.028042627369106322,0.02459106306202945,0.0946978531065356,0.0,0.16283362326462217,0.06868973266547926,0.00708516980470438,0.020921378805673616,0.31997163621954244,0.02368426658297293,0.018501808508386716
6763,0.18793378115996742,0.17744346991966828,0.021617492851571364,0.02903976471913737,0.310353606341786,0.15659467103490463,0.01070161168696576,0.5599663307664933,0.06418302478553145,0.07188352967551706,0.014008497305440562,0.03323814512574771,0.3019571913858787,0.022400988258526513,0.02629719174048514,0.08523560086412596,0.0,0.19757174975353953,0.1457679484235605,0.004827574221392662,0.020756348850604844,0.32803810499483554,0.035291359135921144,0.021481088146418824
6764,0.2261607780481245,0.24721412394909417,0.03393004506269537,0.017813939244987073,0.3702972553015379,0.2566052321721535,0.04890198718102675,0.5392696038602511,0.07187335621006496,0.07204339753111329,0.048440568936164,0.020306692132955634,0.13377568176101362,0.028701401405903323,0.023861414840979842,0.13746230241320823,0.01,0.29746298523801357,0.08786440514965252,0.011266893283854768,0.03602317042717221,0.35071181804969503,0.06307007244367382,0.07212899740783783
6766,0.17829530888603595,0.13386636200095717,0.023463914039591062,0.04126357861493586,0.373804512496124,0.25439108214144907,0.0364848220838563,0.5186894754282245,0.06749827904613254,0.10546145181731487,0.011386163173036206,0.03008060620101053,0.2232938798364019,0.024789483698771746,0.024899750454257585,0.10959261787539087,0.00018018018018018018,0.15952795729959993,0.09787395131060209,0.006743076401519529,0.018993155433366007,0.34585921708156137,0.02473436751222236,0.020268547787267187
6767,0.1635838451037025,0.09595390254668368,0.02293099738223292,0.04189203069709839,0.366919971996891,0.1873105123123264,0.07642786033475223,0.44733056677846394,0.06391415936428607,0.062467423357364646,0.010085635828217341,0.026890269759998815,0.1187185100677856,0.029950991221775705,0.024512596718192434,0.07610642488479773,0.00011599351665296402,0.15601788766408714,0.07421112586467307,0.01067748526946944,0.020879959098759112,0.24475305928005117,0.028367454584646973,0.021945987930002395
6770,0.11103888156743252,0.09145349643678871,0.02321623255464686,0.07782900186950846,0.4339545255558612,0.2045594108169971,0.08870672479477727,0.5189153333615995,0.10628175712842039,0.06601030312579942,0.011972451454900682,0.02632017774178327,0.09064189993020644,0.040457936794241485,0.02437249889912927,0.06765641534812143,0.0,0.26127750432197006,0.05708694597845551,0.007261151615467832,0.017783955507598842,0.21453486827542304,0.022147349922620952,0.017382503866425047
6775,0.11941997549747393,0.14525203591185898,0.029902479702514837,0.029516544207474717,0.367047072493756,0.29929171740888916,0.010520910466755986,0.5420216048729496,0.07149188110199267,0.10594906505869965,0.03666012508794351,0.025017535339523774,0.09614461479015776,0.02371652918667501,0.029192922044956392,0.13878143580338173,0.0,0.277458290518479,0.05881900126352098,0.0032668970340072067,0.01716099011969089,0.2978501097702744,0.021672295319137825,0.03759108780569109
6776,0.1730290546159435,0.14418245438304114,0.025476055384784445,0.03018123665408065,0.5176472461005488,0.12316974188999101,0.04730955270283893,0.4942365942697765,0.07352879727965052,0.07497462380140708,0.010788954340480128,0.051333846171331264,0.09257579797270477,0.02568016836661604,0.02469932715518833,0.06888259795974984,1.034126163391934e-05,0.15982500371442074,0.07406356353062152,0.007108791696077059,0.02127318124482114,0.2092574984743012,0.11916937638817084,0.01981687155282862
6777,0.20881741269197385,0.1803208976752429,0.018528702616766014,0.029726638269451936,0.2935250902280785,0.38077982410592215,0.008930053543787553,0.5064266159531621,0.06337234986316685,0.09039092584850476,0.014014364587307017,0.026310939199894027,0.19771507025255614,0.021979343728572635,0.02471777620883129,0.17548221224332694,1.034126163391934e-05,0.22823385387343614,0.08358277003718721,0.008651111411798,0.01755735277963774,0.4090843009246307,0.027114136402529437,0.03708135542852307
6780,0.1626177113059362,0.11804313272186656,0.020498918100076775,0.049035109767594676,0.47626340164431047,0.21182494171321994,0.09138410051952248,0.5726186381399941,0.075115061911669,0.07603466761009163,0.043849092904971146,0.03600667915042839,0.07600733572404697,0.03623646580245385,0.025113656493973853,0.10643377835599127,0.0,0.2512619618788878,0.0733128805531823,0.0018650387132788718,0.030160602799219446,0.2820330012892901,0.035501379430087916,0.018394576254235694
6783,0.11115099069252465,0.10904381700551456,0.02030156487084748,0.023369371527081708,0.4359449899346315,0.13041577175982494,0.006585182471366826,0.5148392620206093,0.0634904344932733,0.0675363396631238,0.011894088608901055,0.018444120860834218,0.09529770711001877,0.018939602403326393,0.025469712880659034,0.08832642313770797,1.034126163391934e-05,0.3338062021663827,0.05534915300284891,0.0012281842547184458,0.01580367652771249,0.2549263751237875,0.019753517101962468,0.016770331937759005
6787,0.12064491344363783,0.0985379299156216,0.02358109369329857,0.03376363061142111,0.4305620935539045,0.13209814822742333,0.048894028074405085,0.4954287985705094,0.06203919101795547,0.06377167393962928,0.010474796888657245,0.02400369882256943,0.10181176908789517,0.029018241728161375,0.024929271673660547,0.07609879470126507,0.0100418410041841,0.18682911429133686,0.059021628463212045,0.007305545697660335,0.018639820603641753,0.20050307856344268,0.024521882682046955,0.018140620884523263
6788,0.13058768784174327,0.09781336189919547,0.023324758921092398,0.03531216859819509,0.4166422485293891,0.14861171592241063,0.046395087661862705,0.5124932010361932,0.06407116661740318,0.06816295382342213,0.010844756253926592,0.026989155883884126,0.15213404700433403,0.02640776614940602,0.025827002332805854,0.06336077388999155,6.988788313581287e-05,0.14776290346531248,0.13107628185090042,0.007494664812387861,0.020474552481560424,0.2429270252452254,0.02363845355255739,0.017381663050377676
6789,0.13451853280321338,0.11198048621508726,0.024065123067708142,0.07864272337120265,0.3385981532498637,0.12338687082088744,0.3798544342170981,0.41199690651956156,0.06326330699098887,0.06408872219229302,0.010520400704686848,0.052129205497695646,0.07962201689115021,0.043738022275022034,0.02492728375188241,0.061922607399282764,0.0002468342260271435,0.19202616798391003,0.05885003655256067,0.011219724466934158,0.024033231411569326,0.18756196215832638,0.20273505811051262,0.020015429923479
6793,0.1363418764203287,0.10375866781160889,0.023106355832819975,0.036385892936217204,0.39386722119482215,0.2555639294505991,0.058635347650687175,0.4295468981321101,0.06436323502953925,0.06334161089957771,0.010438030033318993,0.024962126154447695,0.10950227468682225,0.028532421064907623,0.023861035945774184,0.08619676511834555,0.01,0.15398603081711357,0.062088140151503234,0.010466556579486658,0.019528942260164828,0.2092594221929832,0.02457733830771096,0.021792125911226104
6796,0.2391664286794537,0.12736176745966188,0.021427347401714526,0.024169322538658115,0.44192803625925753,0.3110365816287847,0.010967134302493813,0.489635524840039,0.10774818771057149,0.0811715534959823,0.04030254219430454,0.025451599837382738,0.09540961442890106,0.03458912253462779,0.031686780143054094,0.10691433359497418,0.0,0.1970035414111596,0.07691509399142638,0.0038671823412405964,0.02077902985840047,0.33056502848962127,0.054489810263999204,0.01649399604223921
6799,0.10712213438620984,0.14743310356908268,0.04388164468585478,0.04298606320858377,0.2999116351843625,0.13984836963349603,0.011774853914916934,0.6377974539946882,0.12196695234357134,0.0996498879993475,0.012983217067588213,0.06687386097900898,0.09878873685855244,0.058338479474196785,0.03684258412726274,0.09677903960048934,0.0,0.4456520677225337,0.060090600496607964,0.0022457678224297854,0.019187595210102194,0.18922093647505236,0.12729925316205187,0.03425315975334899
6801,0.11712607601268239,0.11787225878395043,0.024292098178368984,0.042183788310012627,0.36148350568162657,0.12212043899473679,0.08310522134799589,0.5439308519536941,0.06231345064700561,0.06320049641722714,0.011648775787228229,0.03030771634716355,0.08983064503901521,0.033522737143050686,0.026700239704008033,0.06074667470112271,0.00021048866319141977,0.26856341880734796,0.0656180145164851,0.01587842833476783,0.020786422445270167,0.18842973934168009,0.05837373026616448,0.018463300021012076
6806,0.16184793652129706,0.10401204835680496,0.052768808188259894,0.034222018931729214,0.3921344337009704,0.21128632814979847,0.005982441185139111,0.5342087665718648,0.12101501618942707,0.08821961886579999,0.013590118934072961,0.02151840938732363,0.223084361115747,0.020642168655653128,0.03769593522024754,0.09240270375105758,0.0,0.4262823320610568,0.06642210070153992,0.002158718330627523,0.016517604332841593,0.2867792149047403,0.020911560967234545,0.03218528265794891
6807,0.1279887785739272,0.11595325052050173,0.02105424500588104,0.03846668262342427,0.4176322629254694,0.14869603352851046,0.034430040089144076,0.4745581910280142,0.07432948970675798,0.06453046500949279,0.010577880894845886,0.025668369395456813,0.10015802805601308,0.04297399618535366,0.02432511494710811,0.06127943582310623,1.034126163391934e-05,0.2316034159742676,0.21116902799262885,0.011018202505410146,0.3018880243806203,0.21967902425389846,0.023434772630738773,0.01803140185050796
6809,0.12638080932268522,0.09086720991758294,0.03039270376721603,0.04063971835060528,0.4580649572661361,0.1464073352479984,0.03964680043108428,0.5236319072012566,0.05925361922188178,0.06609724371480731,0.010956019791777703,0.036207817738282015,0.14812599431174486,0.07854174606358778,0.040158413259763694,0.07397499184426239,0.0,0.21603237736023143,0.05125777763075787,0.004970308629602305,0.01831115052776071,0.209659757413954,0.022125139213706766,0.032496055275225505
6812,0.08957763734086661,0.11153433266737706,0.06507113326915846,0.06963910798358171,0.5356739997699023,0.1263297664339721,0.05498736913256028,0.5081279879188317,0.17752239708756876,0.1334325373237111,0.014229681765525923,0.032226357427116166,0.08182210843501928,0.0901780170310617,0.026264754624973165,0.07315393119373581,0.0,0.46801366571355646,0.0593583772847218,0.0019168331873351252,0.03162734900959285,0.2055366359617446,0.023202415873658757,0.053993613857661604
6813,0.20295703479887944,0.28899912368029096,0.030644724888165227,0.03443308191637831,0.3045298088441917,0.14550162048721907,0.015979577034083467,0.49939922646148666,0.0704213773233994,0.10261436236893073,0.011755273584641178,0.06135452448006821,0.21981037078421084,0.021908294600668992,0.024795730248527117,0.10285332604283132,0.0,0.19310481623875508,0.10393543124477254,0.004698905569012011,0.02195637931255456,0.22205496573600286,0.08166266531017108,0.05830057446235736
6816,0.12970279806944066,0.09051257933160956,0.02653141905868216,0.036080517680713416,0.39568272960591,0.12657286455664185,0.020089828241016877,0.46596251997136323,0.09249052590312724,0.06422115875300258,0.010851923479583999,0.024017153987956813,0.08745035974676138,0.025841456907438824,0.024385127027869453,0.0611939544037091,0.0,0.16184753383587197,0.05798267643236965,0.01701581397031824,0.02071530281952195,0.20924600833214566,0.023509850628021182,0.018364534469939676
6819,0.13017105778643476,0.10977596287712171,0.019084417568894937,0.02081250781116267,0.5283382516047485,0.12356069631185113,0.012434107910230353,0.5144911546219311,0.11907178092120013,0.08604721846550896,0.0115251023696396,0.022227732116473598,0.1036919201893329,0.021227160927689823,0.03854324136079649,0.1008141377134628,0.0,0.36548485146087,0.06598690057316926,0.0013754084616669014,0.026783108770228953,0.24413005173902394,0.021113549338107926,0.027983202857118125
6823,0.2112641905531871,0.12365562817209623,0.04138297003288118,0.041578324916677845,0.3705478385715198,0.18269175555123401,0.050037999000153724,0.49831998210532047,0.0668755057834789,0.06903207188040913,0.028354404692931632,0.029243405170565624,0.11331555143965613,0.030738059428306604,0.03390557485018225,0.09878771950192113,5.1813471502590674e-05,0.22531355224812494,0.06919003130032195,0.01494278789538707,0.05282476713468454,0.24078383004738937,0.025981905147077586,0.027912175249037764
6833,0.19628789796162185,0.14787856297624477,0.019676880684827584,0.028295359016054556,0.31742752055041845,0.20993557486113823,0.03881811741207582,0.4990772474797743,0.06486322308053037,0.06716242011030804,0.011204327251861022,0.02553649883120506,0.1034017432370961,0.02082852469676939,0.023707884582978216,0.08423894835675487,0.0,0.2116467679774768,0.08694515926241678,0.002157622912048526,0.02877352917204714,0.3471107535786046,0.027275154101487988,0.05325667987590104
6834,0.17478608125737555,0.16737888705699513,0.021926952440522687,0.03566552397481582,0.34658481526267254,0.16889875113282596,0.0168374355432294,0.6053256884757338,0.11942015105714253,0.06530143240054356,0.01382451979956699,0.0667492057960941,0.08951007436423537,0.022831305744798223,0.024620546711513338,0.07299123703425847,0.0,0.2165828069077298,0.06552040448803648,0.031345918577312844,0.018328537818274385,0.20042586599558102,0.2667545006616777,0.061072650289470315
6841,0.30717379186402294,0.28788972019314957,0.03161694150472229,0.03796851224805018,0.4493765162853874,0.19229591875940727,0.015294239761674978,0.5955285831588418,0.0818927590901105,0.07701697200256347,0.01275684801091486,0.08872801120902532,0.12078829372543272,0.021607561367124606,0.12470214081142313,0.08752457692290216,0.0,0.40393507324831085,0.15086657373920986,0.041275687884136214,0.15435013761493094,0.21586978710027918,0.20332198492542827,0.05612506718085879
6846,0.11156998389302883,0.08933218460377873,0.01856093231336171,0.07921309542785054,0.3634575136768088,0.1306198817984165,0.006567413109190622,0.589643731042552,0.061582375981587785,0.08446987669629054,0.013601836140637834,0.0389902605388181,0.15184035105165564,0.019418558972177993,0.023433528886288038,0.10896700413455065,0.0,0.26040152911663733,0.08703059179197073,0.002825826987085023,0.0777187543759786,0.22608620165654758,0.020561477235527342,0.01703198834946639
6852,0.1906228913116554,0.23911104940155323,0.0769462549129018,0.04182717962564256,0.34283407330184595,0.11655498186110513,0.0216438496367065,0.5171123787491828,0.09532046221693083,0.1717805999582212,0.012269938477310725,0.048725164955452656,0.10075371313203511,0.023487281613680654,0.062312246834752984,0.06799233798762405,0.0,0.3531652001072008,0.07403980523538684,0.0033366239601042747,0.018125870423096352,0.2068842642078651,0.022877786976204777,0.016548805431959034
6863,0.15136000581486558,0.10031351015838826,0.024167184592930106,0.04072743707235096,0.3747362848245941,0.1283985126373178,0.12328218569496505,0.4403366540279042,0.06406561896015395,0.06453046500949279,0.010786981751753912,0.0285288083817738,0.11340418634984059,0.03318640459578219,0.024512596718192434,0.061168176031919576,0.00022518839639022514,0.15318632335196847,0.06514791723152308,0.0172855670249259,0.020684624619616863,0.20369884897767368,0.023780571913696133,0.018679284256983286
6868,0.1495714595192533,0.26312206190473547,0.02700240255516836,0.04868292067031406,0.45403812973168867,0.12395541598335914,0.017885035019310092,0.5049742425669623,0.15260648397010146,0.07237010569079234,0.012361581243096678,0.02960887551677962,0.090089632880832,0.024238557133711782,0.024512596718192434,0.06881669103020885,0.0,0.17515579679630366,0.06378978840571108,0.01675803255431853,0.018986745858877906,0.20559460000537896,0.02602575858864449,0.019515334525714124
6869,0.1106851656508872,0.13678039822986748,0.02610256690560396,0.04765875072044021,0.3681321916216578,0.18129177904518695,0.04766679383065916,0.5707389299053022,0.08326164717795898,0.08335318167889653,0.014520969911448038,0.03705722994803472,0.08632755877829558,0.022155100327968556,0.02643386988072908,0.0940068460086963,0.0,0.35734133287426517,0.05183563453328846,0.0019326148329628088,0.015941164739660903,0.2378224266714536,0.01894414935159473,0.024058674590828583
6872,0.10410697927675659,0.08120154878602465,0.020984729554377832,0.03437390260036041,0.4085000780523627,0.12560617306833502,0.028639903277056143,0.5705608515061753,0.060609627041385034,0.06577319534412547,0.010558655796406958,0.021773788672942183,0.08628533991084426,0.025806711744615903,0.025453816236570444,0.06622948949587591,1.034126163391934e-05,0.25023146992644035,0.0475903810430156,0.00656014118239894,0.022603898486600535,0.21926128555959243,0.020558823418707274,0.017955863887455386
6873,0.1932506358580958,0.10712744017684205,0.022096398717584766,0.037429394333523665,0.3652726394718186,0.3567513966520967,0.03712577032999124,0.4471686133204444,0.06257070690737426,0.06294311652439957,0.017159822148388074,0.02500273351255646,0.12236386578128369,0.026268859486078627,0.024138116810424992,0.0862158457712117,0.0,0.14711547475703998,0.06299219863150264,0.011064560745968767,0.020611465949752824,0.32336355851609944,0.023071669055343916,0.020773384030135244
6881,0.2843625159979393,0.10138660942805602,0.0332727644115075,0.02714076634828271,0.3239398389032778,0.306284222179557,0.007052495208453766,0.49078528455617987,0.07689124846714851,0.06436479369837313,0.036139860715745854,0.05676669062325541,0.11484944683517524,0.01983252302947322,0.023803439220096628,0.23500722807550573,0.01,0.17402907483295355,0.08634933703598832,0.013001271379653767,0.02950893868879526,0.5279733333989253,0.09348669027431358,0.021170557096584584
6882,0.17951198705459231,0.09433728181685652,0.024209059651715457,0.044318049620607765,0.35886331159053425,0.4738112122186381,0.03656126573910296,0.5076350125426703,0.06019566164426812,0.06393080176384651,0.01970821951125886,0.025232039036648994,0.10857002622641236,0.03622767572355466,0.025082899756082085,0.21558376595833778,4.1841004184100415e-05,0.15165815491124351,0.09505002067637591,0.00852682353664629,0.019313248338780505,0.46916469681628803,0.027094345912870806,0.01973030141239198
6891,0.12077471194523776,0.08547197811713714,0.023388191464445162,0.04351422558264234,0.42114978808586484,0.12645100333721132,0.08529217753941004,0.5109126446447165,0.06413053780347228,0.06376276639529671,0.01014344541522531,0.026212478432866903,0.08974925464082097,0.02953593470831418,0.025149193131039024,0.06197209805103711,7.284126163391934e-05,0.17608105573409172,0.053804109768756686,0.011553367983291313,0.01958227197863591,0.1967395793961081,0.022373037936945478,0.019233814967428427
6892,0.14340772316166622,0.09212311823161996,0.023759782473558387,0.0383133617133429,0.38709087156410127,0.2620225985358882,0.0783680279345601,0.5182071943409782,0.06406561896015395,0.06455478798720851,0.0105274173932456,0.025652474218524058,0.09216039470328957,0.04001958124430262,0.024512596718192434,0.05933761777835054,0.00013390486094898746,0.15836862737932417,0.0575130248176576,0.012841071089107347,0.02089714332320463,0.20743299105138696,0.023791572021785216,0.018336688429444435
6893,0.1473383568229548,0.2040139427755027,0.05631971066614901,0.05206339229221653,0.3226073031999968,0.18004841384438802,0.1025277755753212,0.3132259023768553,0.07345227980556658,0.07545224051532765,0.020034186937413722,0.029554871759478848,0.15736924699904736,0.028824926563230036,0.033666662158953586,0.07584601109012225,0.0,0.16703529389325866,0.555902618241368,0.0169499007648631,0.018887783586620827,0.22281510680067704,0.023272647887925983,0.02850629874326099
6894,0.24120009038061405,0.12206187968871655,0.02124158807873412,0.08450132822173533,0.4156482952627008,0.3242156971011154,0.0145692393455889,0.4447908672408493,0.12302931523071163,0.08548207290902321,0.03931809932603055,0.044656812538657,0.14188183645295996,0.07785363571201519,0.02437426479170654,0.12064958744624457,0.0,0.17560868483956363,0.10461667795862199,0.011655135036537027,0.026495199527728042,0.42510685209169013,0.023614041101116808,0.01951876240119152
6895,0.13142296599309178,0.10522369780001713,0.041232718589780976,0.03116675709464373,0.46333996391145926,0.16703744442189442,0.010869785185689587,0.5006440202693936,0.07301385409217395,0.07287935422819741,0.03253275924862917,0.025252891081016773,0.09609849993395742,0.06273530823109633,0.0330919783606625,0.06957249817407424,0.0,0.2536510281195008,0.055359324091076634,0.006603896316176586,0.02916568569361443,0.22493077147015003,0.02301253272913143,0.016298248786348966
6898,0.12812871137598109,0.08828754058770727,0.023914125846552423,0.04204018313548556,0.3758075295486119,0.12814804560054235,0.1408381660254141,0.43902739340397884,0.06406561896015395,0.06453046500949279,0.01003925072746217,0.02875637777118984,0.09270224768583424,0.036938174413028387,0.024512596718192434,0.06074667470112271,0.0003861551141526243,0.1477728235852735,0.05861679206867515,0.017193823905659843,0.020684624619616863,0.20042543882039154,0.024613001472436533,0.018679284256983286
6900,0.1170388731187222,0.1256497686888075,0.02653689222282577,0.03699556169102562,0.42523445883950134,0.15890665155182204,0.02048924259336506,0.5454796972100188,0.10308294209093663,0.07218997737282516,0.026578075989797504,0.017184774844025634,0.18394642793341986,0.11975667836665586,0.08180861476833304,0.11021318747725121,0.0,0.275603814131214,0.07337763864944677,0.012115238889512681,0.01816220309692264,0.27786820579771304,0.030477619985487942,0.041822288577162595
6905,0.12348411961319794,0.1180097160827394,0.041806656499631584,0.033458500084790926,0.34754313964188654,0.12115397032350671,0.0223264594139195,0.5768049617292058,0.07709931524836042,0.09165030632202414,0.012869258395531036,0.02395170574058596,0.13587379539648128,0.024441431979004977,0.024940228836138462,0.07431558388729359,0.0,0.2886759559052195,0.059626218671480206,0.005682385697493283,0.01931820752222097,0.23183517404719386,0.04165244663246732,0.017439850765559473
6907,0.13204053037719413,0.10640532954298708,0.02242040928972413,0.03679268610489181,0.3842844644905219,0.14689360911327332,0.03178873810490663,0.5096962253756184,0.10232011809482437,0.07610157794449686,0.012995873888152836,0.026191633900559768,0.22040767713741416,0.03665838033860118,0.036533233536792456,0.1484309545447934,0.0,0.20326470437807187,0.057999044260728515,0.005841226327620198,0.021390644978376436,0.2770573779785293,0.021708523563468154,0.02078448587082771
6910,0.27528542787602,0.24160812774193016,0.019829143424689756,0.026825081469272077,0.46843591778744426,0.16171679374468487,0.021119352640352168,0.49455158102376656,0.13059749673057153,0.06831849291350413,0.02163299075761333,0.021161990960542654,0.10605289581552725,0.023029360686745486,0.0259178273016148,0.07664091539975894,0.0,0.22974003216045655,0.07142499421758787,0.0024779684868971373,0.04598993977311692,0.20765292400014032,0.034058914155961906,0.02925240295999816
6917,0.15862186086876673,0.22736215100915103,0.020572777699017677,0.026609419741031388,0.3872595382501892,0.13795779125350333,0.007908352252310805,0.45494997983275764,0.08077403781329837,0.12915209039901607,0.013622669985538571,0.023745150865061477,0.12471049390169561,0.02313624818303389,0.026426869058714407,0.07502017671422488,0.0,0.28848859699970464,0.3684727101458597,0.012639439214693687,0.021399516496241448,0.21577105614560538,0.05050089900144801,0.017965632041897796
6919,0.261060360080733,0.12078089045223563,0.03456287899478974,0.05154295395510618,0.35553363877029104,0.18101603478529626,0.020735563877594076,0.5350783759540871,0.06185112949314101,0.07656008009394823,0.01213372768693315,0.04819854814990097,0.16586494561195506,0.026048693014802938,0.03454807476711595,0.08150618308480265,0.0,0.2403644400119372,0.13518117630606732,0.012692996769968472,0.04122969612801171,0.26762657182784766,0.033371068938448455,0.03217411550078165
6924,0.15880242082185148,0.08779154560825178,0.021983145697770098,0.04594623522112198,0.4077965748623603,0.13265128932767412,0.0641925757911051,0.5625293597903304,0.06546390499352688,0.06437489448528692,0.010675942971980452,0.02728841900429729,0.09068708571389275,0.026980480792139848,0.0250226290995132,0.06193588996238627,2.1551724137931033e-05,0.15054748448092348,0.057289031284873226,0.010728938638296237,0.020492249253590868,0.18762923175980986,0.02273802609834707,0.017912759376721897
6928,0.11185664504261571,0.08641590370632853,0.021031414965396546,0.03466263772919909,0.41585853884872853,0.183915957589757,0.021982065812508517,0.531494036017682,0.06250260158071112,0.06552723802754606,0.023541542902126077,0.049804583792981215,0.08855159074070373,0.026298019151925946,0.02503973579842792,0.1346710828088367,0.0,0.245507967050877,0.05182414945009857,0.015046391709846034,0.016933896119293183,0.3215321779652804,0.29052389583771854,0.018030118357232002
6936,0.18797446805216275,0.2249067270598419,0.0307760845189199,0.029835020301982148,0.42588673715744724,0.1361480622992458,0.016105583983363956,0.4475774261600279,0.07912575512062689,0.06827281465606294,0.021526771412278448,0.024579947014256715,0.09974082158787949,0.02474147203229542,0.024910722765399473,0.07390062575829515,0.0,0.15067032089136906,0.304864128078634,0.01297842556961843,0.04731408279220416,0.2122142334404021,0.023872824352144537,0.019814185098931014
6937,0.22457060648789295,0.10966459983634212,0.023052258554550998,0.04613130420743988,0.39877521531835897,0.2214262827271943,0.03175313944960737,0.4497580574111776,0.07291522130217067,0.0682795531117925,0.022290514491637946,0.030187215528452393,0.09515898941700605,0.03136393547279487,0.023296231797138415,0.0842376762533193,3.766478342749529e-05,0.1733497742377073,0.06822881102691622,0.003656085201597197,0.0204071769081727,0.22946925531009169,0.04441536997929406,0.08583817938568807
6938,0.11196132531803649,0.09055430121991292,0.03844088655935479,0.04217632753246613,0.4062813110612604,0.1868675262326577,0.033281367677660656,0.5446432876121501,0.06659606288965729,0.06291417026593697,0.02169650424915021,0.025565254746128613,0.09034584273473634,0.028699942518342958,0.026635933357975802,0.06178734327537561,8.820576998489434e-05,0.2908309983431214,0.05455843271537389,0.00958786429895269,0.02073459281129473,0.18702002740172857,0.032663801524098174,0.018516198454015254
6941,0.30444878509639917,0.1152185683344496,0.0893976720640612,0.01939111008870754,0.40474110318014417,0.34650028733076366,0.012745898256251553,0.47858616564744305,0.09385036713317872,0.13040620143958223,0.013015834528823593,0.018996935353511536,0.11322893697851305,0.021320600236292345,0.03177020928518445,0.16348619776941817,0.0,0.23801324659887657,0.1727674057948379,0.0031517758572638284,0.029943210899905863,0.3916170191397123,0.022902284952252935,0.038267516161986606
6943,0.16623723912666022,0.11203429265140832,0.023227797758490484,0.03620853708013708,0.33817926736745024,0.13295351963997976,0.055040095755791045,0.48028698413726345,0.06183802416162754,0.09044171946985777,0.010870371723190313,0.02115012121130371,0.17299311021480157,0.0273905475285333,0.026583367731687603,0.0850231722848792,5.1813471502590674e-05,0.2834936256325669,0.09742187184894563,0.009211252004157297,0.017872378663262342,0.26433766051908614,0.10016958513608148,0.0205932260071737
6944,0.1502099465019989,0.13639877515383414,0.02663696874168432,0.04286591019711766,0.39672802858180156,0.29723583484818134,0.022222535832762905,0.600093156555386,0.06259747426522624,0.0703890370782779,0.09818618960435738,0.0186723197052349,0.15118003304346833,0.027471839507812294,0.0245974156434002,0.17157339478760206,0.0,0.4149919829470706,0.11291988581579412,0.01841686642861442,0.048021157662066355,0.37097894538123893,0.06298978096674326,0.027881082738339055
6949,0.17481062758311416,0.10668107134974215,0.017226509135081024,0.04848279771215752,0.28132925829151256,0.2816866907456795,0.02538591287329482,0.4783404303843913,0.06833002933394776,0.11343347033061402,0.046030150259521466,0.04156274678693848,0.2812309255874645,0.020091815966197052,0.0468216393031204,0.13275838452559624,0.0,0.36461516221578855,0.10503009615893034,0.011239272905972852,0.03779471653139263,0.3203196541499483,0.037530937619854036,0.08396912354336326
6960,0.1316902776846031,0.08866336614799972,0.027043115090444783,0.03979173058767615,0.3755899758615854,0.12327644278074872,0.07773982335892467,0.5032972579593656,0.06406561896015395,0.07973471531573077,0.01003925072746217,0.02626494740709113,0.16213718622393877,0.03648222348693539,0.0239932117360981,0.06808552258245194,0.0001735692311320591,0.2382785577049991,0.09059042011617349,0.013411786808402902,0.02085906228736129,0.21134539936845329,0.024363278959782787,0.02890916246825779
6963,0.1162892094941935,0.09721086891939226,0.024177176259425143,0.07858491186231001,0.3537080865708624,0.13313207980617173,0.03154202414689952,0.5289463855181399,0.08554303949649514,0.06824840824744034,0.023528823645079272,0.03361102654811104,0.08984684897485025,0.043347301519045534,0.02593697493474721,0.09623113234005794,0.0,0.21914278341332974,0.05326455580730572,0.012938202441834998,0.03723300124856186,0.20026406959066267,0.022813722471090904,0.02823827299832563
6966,0.08785161151413103,0.2200826473796193,0.03061811639173699,0.028939761356588833,0.3739838413002097,0.11345131067973035,0.011663513727150982,0.541109117292207,0.09064938419120627,0.11947106194512515,0.022108433142096526,0.08980369058507887,0.05955120095083585,0.12242720858439571,0.0667791028858755,0.06767156612627988,0.0,0.4175963405552489,0.09152431473841842,0.0043827169780559175,0.019068255027568953,0.20025032032835882,0.20741374594333936,0.07439074928529106
6970,0.11269088071763705,0.10826743604343024,0.017867890932557532,0.045802331342358914,0.4088606021686646,0.15702249476496294,0.006742486580957321,0.5999355580722622,0.08250397450775011,0.08109612458154941,0.054744195766196144,0.01884762243891545,0.09768479022726058,0.0221222069465218,0.03596132150044887,0.08165483702420077,0.0,0.44930813487483795,0.06304408059438735,0.01326890271599763,0.016876331656523393,0.19398524525621785,0.02241883902931955,0.05076461119972096
6971,0.16782067000663392,0.11568013908333635,0.022630626005744104,0.05308019780487044,0.36851489582300906,0.13299825363079076,0.06506136576402852,0.5080090954691359,0.08586363848842943,0.06542656302536481,0.010430267677848114,0.04250815498770957,0.11285190073264227,0.033089205541793475,0.024310439862396706,0.0628693356946092,0.0,0.16029098145362625,0.06586004280459999,0.006173088078481965,0.023881146425764565,0.2140444439856934,0.09247018425082328,0.01818301462642535
6979,0.3016798134658014,0.15720179144948068,0.032853471105447424,0.04662204750637836,0.2943012780408612,0.26359471710716903,0.05337336313377892,0.5057240701247523,0.1058073170677763,0.08415967197279073,0.017994704658756844,0.04397368969737138,0.1038861697048526,0.023456345219393052,0.023369886288841978,0.10685344468781625,0.0,0.1529581378854496,0.08175937861263843,0.006418851463859363,0.018615325284155524,0.34288186053478364,0.11680106685804999,0.03022670272429675
6980,0.17941805112934875,0.11916873647134837,0.018964123561818806,0.12631307531543043,0.2990748964129313,0.22770471278011747,0.06019696694004956,0.6176051862154036,0.06625289016280828,0.08767164348440107,0.03844295896684173,0.04032899902455509,0.10424136648827374,0.025966208574830296,0.04227205143133283,0.12580201652479464,0.01,0.27908516795711813,0.14576209244806582,0.03183439400519431,0.03550948837534096,0.3329353198956828,0.031766418795370684,0.017624115228867636
6981,0.15788911360708163,0.131778715246157,0.031685914895780286,0.04258504172039418,0.3591970424061712,0.16219991685007348,0.12470349304350985,0.4731968082139633,0.06280946026031727,0.06693713458878243,0.01395321519526172,0.053616483494883675,0.11810229174586129,0.027365640781687187,0.024262920377921677,0.1454916534326767,0.0,0.1444480698850682,0.08705521692399493,0.004103945889169595,0.019817761176162813,0.375549790978219,0.03198790743847612,0.06087129110701972
6985,0.13262410139712447,0.08826242331137803,0.021968609531439462,0.036686060917239735,0.4787537580540428,0.12785910741930118,0.03977925606830193,0.4914432898762671,0.06307651539266511,0.06453046500949279,0.014202902117580357,0.028067949887207604,0.09790346622838277,0.025596931128953563,0.0245910948860223,0.06487268105528773,1.034126163391934e-05,0.22802041169887466,0.058044667885994244,0.005828615096059809,0.030356401579320524,0.20680939181202462,0.023714032120953115,0.028556367792907093
6986,0.1334948810065481,0.09887408976501653,0.022073180901656938,0.037587839811917545,0.35050636923964634,0.17608656749564525,0.07393938523043846,0.4541559772237693,0.06315690313329937,0.0640610713889144,0.010948775094711568,0.02963817521771641,0.09608107372710739,0.027711872299123162,0.023997194497235717,0.06449886769622376,0.000250068063315993,0.1767775176345112,0.05524971771850518,0.006263355547723261,0.020450095566722736,0.2018717128373129,0.034434971906639446,0.02098047726408635
6988,0.1716415616916792,0.10460415518973765,0.022946273343367563,0.046681090250474455,0.31169950079592285,0.20734062475947151,0.05207594558184244,0.5676363776555603,0.07210167763716373,0.06414566266532924,0.013454233446497486,0.026362689007156114,0.08773336518888451,0.03869170485209039,0.02475470352589667,0.062157387115327624,0.0,0.18568851575639186,0.0619418533697236,0.0037111714096806215,0.02216346761701111,0.2180834697376287,0.03147148265361373,0.02583952534850629
6990,0.09722008916299597,0.0802884295220182,0.030910745744158766,0.10473881158875242,0.41793498995098227,0.11426684684904276,0.01903252119200154,0.6156616272780601,0.06342244614943493,0.07370395699778343,0.014314084709917454,0.027741858002864564,0.08235347641654397,0.025985252424198205,0.02837393794410329,0.06189109062563007,2.4813041662862895e-05,0.37970849650394656,0.059423317003353675,0.014912496161101376,0.024990338993309717,0.16747849950578592,0.02402551924272651,0.016953457732773777
6993,0.11495658710467334,0.09539714230484701,0.02430929425398955,0.08040951427494641,0.42710343412901536,0.14561047887131587,0.38898198211188434,0.4097700878082321,0.15203832506343226,0.06358706055413754,0.010192636436403437,0.05008655415835851,0.08294996645800298,0.048830188969105785,0.024512596718192434,0.060789064768597745,0.002136771424617738,0.14454737365752532,0.05861679206867515,0.013418073741495251,0.02081651053958853,0.1939716113096261,0.02618811539329935,0.017675985329001772
6996,0.4872429867386665,0.2145592164483402,0.030230201826012194,0.030473114284754438,0.25718340010132157,0.13091247995030217,0.06447904901858746,0.550788270942711,0.09776042591577039,0.11272593795829584,0.01530864528266155,0.09314448037839655,0.19471392477289284,0.09361785669716813,0.025248983146853178,0.10387327775774058,0.0,0.20379630884799055,0.1680683145008905,0.0023978475850860164,0.05240472391056681,0.27300180883820596,0.36092609191098307,0.04155403874499994
6999,0.11619713823359071,0.08660618206877765,0.020197405958897442,0.0505490854920104,0.4310672386084838,0.14283450573598166,0.04107538535454803,0.5650121033235841,0.1090102223664759,0.06653318907732043,0.06146075586482827,0.025944362936125828,0.0860013082913807,0.03964334668418193,0.026822180062495763,0.06065995901090851,1.034126163391934e-05,0.31061911435972483,0.06528105682466104,0.005736826952927942,0.018996975625341982,0.17738311012358857,0.035497069967017604,0.019268654111039122
7000,0.12779913096963333,0.09945564063409128,0.05294639800193737,0.0923534056438325,0.44176994062240993,0.26980274246618324,0.014482506899098682,0.58662067346826,0.07325944408785132,0.09772206036636093,0.03337367076942872,0.057946357683895805,0.10338156275722989,0.03770616450110833,0.08353295390016663,0.20054579571878342,0.0,0.39756756562557255,0.08198652405584958,0.011090254499968642,0.0218770806099148,0.25319928750986725,0.036990287560935975,0.06517034902584172
7001,0.18868067923495524,0.09465195742167198,0.02415933744938847,0.04531475648266686,0.3231523063203888,0.34420930870317684,0.02981483453206787,0.5247507197406803,0.05557404084556411,0.06829665909570094,0.04113948619537791,0.037315521470304036,0.08517242927969243,0.03766611392257183,0.02388643958131669,0.15869407446053613,0.0,0.1524616038451806,0.06058482975000251,0.009144549481775281,0.020832883883430603,0.35704043880246794,0.050753821272366516,0.036621588026388895
7002,0.09543586844173335,0.07868451719189375,0.01870854656474881,0.04132681259443324,0.5081246622520968,0.1754626497839665,0.030619163988848088,0.6526110443145354,0.07477844817346156,0.06322048948760152,0.011395889508562627,0.02282536997585167,0.07444556423967805,0.0258421713644113,0.025370526228305903,0.06035827641879633,0.0,0.26010014822602473,0.045540334449477866,0.006449670424614731,0.06968332782991749,0.20384266738469287,0.024970577910126347,0.017005876155523757
7003,0.10597066543432873,0.09840191260566372,0.02497032540301706,0.037296084479603066,0.388671232238125,0.12151367467052529,0.030633610612064984,0.54890046073849,0.06581260967802308,0.0682784521362276,0.011075708242989687,0.025727799873923294,0.10883969581636352,0.02507546120680161,0.026252148245402215,0.07914024190863157,2.4813041662862895e-05,0.28133064025424825,0.10248174760726414,0.008064687318177239,0.021395125269173292,0.2011927488646396,0.022603909928224506,0.01808917518184388
7004,0.17546357952139058,0.11854943075565012,0.02287794457941344,0.029838621721057855,0.45980646586743745,0.13395834652801625,0.030730516633665165,0.5314102838609245,0.10936179481951232,0.07077050134044835,0.010573329556881927,0.034583649813458996,0.12130746657377528,0.025834959086669294,0.04093629359312539,0.06582309833048818,0.0,0.19666764992894045,0.07195381068660547,0.019038015715187664,0.04303713711839904,0.24209527684882023,0.035910644943919885,0.025307053861036665
7005,0.12016449197817923,0.09673657172796285,0.01940586673382392,0.03029246943129582,0.35419571634072355,0.15359499507917573,0.017090964429596116,0.5975956628786678,0.06280538323667266,0.0654561018948348,0.014273381212650173,0.022719465518555713,0.08732422410969921,0.019534711774918046,0.0249161143162725,0.07628349258669004,0.0,0.3203453854744149,0.050125216049616485,0.002080229159581169,0.016590694730344656,0.2223155732327814,0.019567441428998786,0.01796674264297036
7006,0.12080032571971269,0.10373690518091515,0.019227945940808587,0.06177179950570781,0.29876423794901874,0.2748799252441934,0.020309941899797675,0.5345900714524013,0.07368006071338862,0.0755205409818039,0.0966295475030242,0.023208398169837184,0.14987336002993293,0.02894461985668485,0.08314737943117351,0.17855178328425708,0.0,0.2890522518883514,0.08027140593770209,0.012848876166080974,0.02808129302368792,0.41530497555911816,0.020845856262329567,0.017709227435678713
7009,0.1360468632512296,0.10377050291344307,0.02513157428732969,0.08293917242021902,0.4829929835395456,0.15040665103594367,0.01944053919238301,0.5265160359574951,0.06534692542725277,0.06878957728881517,0.011673843498157595,0.028156408165058742,0.09368965219010045,0.025061271185066833,0.02346249989909853,0.06889678429016435,0.0007407407407407407,0.16965962333871987,0.061136958621047024,0.015277165762773688,0.022471388001820664,0.20767152098115185,0.029783662946167667,0.019151967298094718
7010,0.09490918997583167,0.10706493059904217,0.03485709194678777,0.03692724009265635,0.38501954157091367,0.12058282428834981,0.021195263895344568,0.5618580673915046,0.06722112508869117,0.0943711682701591,0.011456900966386505,0.023951244187397226,0.13940628907148414,0.02797760604334078,0.03832563519365093,0.08162019660382247,0.0,0.4436664864258655,0.06482735678862907,0.008983432201829124,0.022009937605006736,0.21446462866072988,0.02714165069758674,0.015009773108281365
7011,0.31163181347095803,0.1813791713125499,0.12843742184891863,0.03682422910815552,0.3845890446115856,0.29660084929163244,0.01553175130864997,0.45575083109787123,0.1156812279169174,0.154300079209291,0.06758451284265256,0.08550637469155214,0.15528913285274448,0.03937289328412303,0.11974868715100756,0.16036900512040686,0.0,0.2046463508275518,0.1135253348404025,0.0022179672481644976,0.029268483555383706,0.5044871003203142,0.10100990639656801,0.018365582354872546
7014,0.14442166630366585,0.09894033393564254,0.022685449457017094,0.036689089624401615,0.4162603422381002,0.17792532089650476,0.020872359277611552,0.5441554666243755,0.062004527165516084,0.06412021129966759,0.01348180518647489,0.03535905998848804,0.18310200053423917,0.11667305055244002,0.03185080488015472,0.12598176048371454,0.0,0.31022351683194893,0.0729355381026719,0.005898828443671222,0.033258308393510634,0.3219079306776218,0.03321486748221984,0.018799498918756347
7016,0.14323311416383203,0.09716054190155911,0.02066568753709963,0.0295723276969041,0.40972389892507893,0.1599239064842882,0.01572078608996035,0.4932199769458396,0.06255297966941159,0.06498145587701819,0.012134767268419085,0.023595151148880812,0.09492814571252586,0.025488635973144658,0.024512596718192434,0.06845414515816534,5.2136563456438846e-05,0.15639630434149462,0.05890025998090672,0.007017364643246654,0.019837977532980614,0.2627465112265659,0.02345218648333039,0.018998851472843484
7022,0.16813342619826593,0.10439490195844696,0.023222255844672916,0.03912110208313445,0.35114969726640516,0.2326034952299756,0.052769407393606554,0.4653778869827637,0.05826198000159643,0.06610759131756584,0.020433103982180262,0.02742173984167278,0.11487447542349907,0.030739683003445113,0.024282189165690884,0.09388301346831365,8.132284551649664e-05,0.14808751714204507,0.0657660518576377,0.020923932982240743,0.0198908516423586,0.2943495276439661,0.03146586930004132,0.021650889785322373
7026,0.14155969101661803,0.10486929307522562,0.05905244724500223,0.08656257610153566,0.32380285043602997,0.123451591237383,0.19281572527147897,0.5886707679780637,0.06361992811860624,0.09129321350436281,0.011844102031631892,0.05440899392913225,0.11329336921681524,0.03999046454196348,0.028091717272899476,0.09327201706815061,0.0,0.16654209451447052,0.21113985617130432,0.004824669046406508,0.04753146918129418,0.20649511038980095,0.02637182581915988,0.02760479220277537
7027,0.2818511494424736,0.12965650646422577,0.02177121685321502,0.029461786395528555,0.2411396598263446,0.1594517761495619,0.05060117703731018,0.5083013383901528,0.06450853284479088,0.079861014253192,0.022837826742239855,0.08732198891882989,0.10659433897308807,0.05643540633099425,0.033921014794665784,0.06885355000735306,0.0,0.18046945031086514,0.07124668786504418,0.03618584540204947,0.01919804916165251,0.2732812686714829,0.2789204613685998,0.03348082131987753
7029,0.09409430069329948,0.09112335581930964,0.01953602159484291,0.03170192736704606,0.36790517956949836,0.2557276352588804,0.019379296838180723,0.5675317483168255,0.05677304757411061,0.06445333569499645,0.018140527820196133,0.024027072713686346,0.10621046918905484,0.02480301279880624,0.0360230746468663,0.09828826359325647,3.766478342749529e-05,0.320459069805039,0.045885642845372,0.009915950069300909,0.028986468302059053,0.27373247271828155,0.0213330166366578,0.017991312300447645
7031,0.13107147951628562,0.10873271394696601,0.02347916272280367,0.051351603650909065,0.3559392195970663,0.12663568130245198,0.059908914978991756,0.519765858098041,0.06229058105709983,0.0631868445872491,0.011910720331510707,0.02922214198822843,0.15531538118488492,0.028963820718653985,0.024512596718192434,0.07073985876605489,0.0015304243788423798,0.15242817877234552,0.0991225256697356,0.009086499474986662,0.020928817173444924,0.2131157773046024,0.02426198432344654,0.02255420818779909
7035,0.21553229909903,0.10351487327651565,0.04352144019981906,0.03319454483002093,0.3779301131007892,0.23703973370772607,0.01888467124612486,0.492770997837272,0.06189344269539518,0.08046179033144822,0.013486608078680486,0.02384903469305473,0.14317919664984807,0.03567263323543943,0.024038217771685754,0.15851750875987228,1.034126163391934e-05,0.2058611716961449,0.06423527262605593,0.007623752278140388,0.029160930948585736,0.35932461020359596,0.026063509242225984,0.019093265045111434
7041,0.16596841504138124,0.10435987631960061,0.024247997716479834,0.050831099377632256,0.36823101442192624,0.151334304869203,0.04177166520715347,0.48515745802062404,0.070245986274938,0.06276805091910626,0.012274399142505988,0.02695003755698838,0.09546454665933445,0.026475320330349515,0.02505569079551371,0.08751535333443833,7.468835338356114e-05,0.16486721198860044,0.05614099765761277,0.02463620799859727,0.03899132424194335,0.2396815233800584,0.02393841340625223,0.01692131482197076
7043,0.18625360255695955,0.1483668135895947,0.036977588222105305,0.03637221910476131,0.37706114543922936,0.1945921704084028,0.059583745037704264,0.4319672158734181,0.0757199621804708,0.07870143113780842,0.011449027691686093,0.026803240171465785,0.10226872074607554,0.030341739669255848,0.024385127027869453,0.06207496922235281,0.0,0.15112475014750404,0.26471267437698226,0.01413778973327344,0.03645149171829656,0.21546500402932103,0.023092539489788982,0.0206705000017249
7045,0.11319240205408634,0.08804744790213162,0.02262830532968743,0.04137136393055697,0.4135705061605013,0.14168726868236603,0.04018324695431568,0.5925550460027726,0.06434900750714366,0.06555149463407997,0.01615054838294644,0.02525632995832724,0.08253403461775406,0.12722142047912574,0.041834738249159634,0.061826607596161626,2.1551724137931033e-05,0.1842947584311961,0.05554092867679781,0.009324307293321508,0.019833198251737016,0.20758952210241804,0.022261447183636603,0.018365815458079728
7052,0.1132465418176032,0.0780055353717365,0.02426567721280926,0.03905932565589569,0.4178525892907264,0.12814804560054235,0.08394419846049786,0.5405669286369771,0.06334699215568451,0.06438983478358647,0.010267607158368315,0.025329187713540997,0.08900084474819554,0.033506029090777587,0.025149193131039024,0.0607100969887861,7.697178002894357e-05,0.22730124212047043,0.051440804821971525,0.012519711865330208,0.019775534086676642,0.20042543882039154,0.022469908894707808,0.018146808824612077
7054,0.11064072332031652,0.09195655361415321,0.01967310959372342,0.044452552783183025,0.5063249587918524,0.12982074355878376,0.020737102370578797,0.546036174059031,0.06518315489552101,0.06233615255220641,0.011404682441017729,0.033792065126805965,0.07387493167956485,0.022772574195692938,0.036944512837917956,0.07430217108446287,0.0,0.325301615644323,0.052568540558726395,0.004393893819317568,0.019519008123934475,0.17746095658730396,0.023139235689524345,0.06626830211540075
7056,0.1571379663709784,0.1076899324341281,0.024064025017734768,0.09156198656286704,0.364785029101965,0.18882491573547278,0.06814540129044569,0.518836502624805,0.10494464156735023,0.06966841680679117,0.010723395801704188,0.03097481822622196,0.07987389377204736,0.05333823681761763,0.023945987905406446,0.06509385078739376,0.0009194321707248285,0.15310350806207518,0.059598860444068986,0.019600460813391108,0.02485709132506259,0.1989613511332716,0.024068763699771775,0.019382188462951377
7057,0.18687563402112128,0.1305731567145425,0.030701030307172042,0.050038206510750964,0.3176831874121833,0.135385362923686,0.05488393781923902,0.4914570857585208,0.06293946911526857,0.0639711530284985,0.01172873931653476,0.06815349073643018,0.10527381920340483,0.03178656094484396,0.02704238962432205,0.09153691593119305,2.9509374013905968e-05,0.2831500437947505,0.06366913799813091,0.01233658948661445,0.01937629632244187,0.2102220900365574,0.048505488201036145,0.02106501531055922
7059,0.13927869312469524,0.12464855218623853,0.0420773202071695,0.03564277189694305,0.4100676607594222,0.1325265489438772,0.02428535559961313,0.4717084419712892,0.08703993252954602,0.08902387058836854,0.011515843725202438,0.027377377396115957,0.08513773800744776,0.09148324936652028,0.028212044284720378,0.062285447449018747,0.0,0.23129736930893968,0.06230405862626823,0.004261010073800578,0.030449693712291157,0.18714375366602348,0.0242014432054384,0.04543566203199871
7062,0.14002437508031984,0.08982112890334448,0.022801710234668947,0.03554254635814083,0.42888652350644485,0.19447904906469732,0.0841597291825677,0.4524451146409065,0.07413810525318158,0.06514174188432019,0.011724544826574345,0.02586833779288747,0.18268292892685895,0.030777193811851643,0.024512596718192434,0.0940387492238219,0.00013390486094898746,0.15011954202533334,0.05724018503686486,0.012954129809428016,0.02168063400743113,0.375461966391462,0.023304934003615187,0.018600327738787722
7064,0.13252666605572513,0.09642530008120287,0.02257424079881374,0.036483762356421506,0.3365770002454474,0.25956953097229535,0.029425941703569696,0.5117928867952828,0.0624649856051723,0.06283668990063025,0.015900447456156028,0.026110583841474702,0.09074856337654712,0.02473049853221343,0.024195307817595796,0.11800245625890142,1.447178002894356e-05,0.1839418224282226,0.05780764006338095,0.007617096958866425,0.02021601540575506,0.3010524909559219,0.03304042975551278,0.019902133723794586
7069,0.14186983944632087,0.09689286254709804,0.02299129475933545,0.04819880002712874,0.360300019772273,0.1311502485580843,0.04362222742098361,0.5845293466244386,0.06517353827492395,0.0657647487414922,0.018082122071217916,0.04523820221277842,0.14391272279206382,0.02936750112290995,0.026284126859126573,0.06709801418729654,0.0,0.1980537475201773,0.05803208982899153,0.03605818240013198,0.023201919690275234,0.21965860800077558,0.02288075714381678,0.0190377655010263
7079,0.26281279883648545,0.2150441417206038,0.022458823539470787,0.031687177011966106,0.2636261053240451,0.1323145254906641,0.026506254649385518,0.5057806452146587,0.06399806773362746,0.06722612929483258,0.014542676963460977,0.06108243691571667,0.10802752604466201,0.024869089817128067,0.02362058800980971,0.0715030385810316,0.0,0.1525218208741907,0.08929382820380635,0.006033584454456712,0.022654541081710083,0.23880986874745683,0.2407702548503006,0.01847085109350141
7083,0.0935096940635849,0.07857086066370508,0.02129863114408351,0.0320220493470311,0.36360278888578795,0.13432115785462712,0.027962062575393395,0.5481733624490029,0.06356636258210663,0.0674545112923767,0.010631704898751293,0.02254659474529566,0.261786051723386,0.03482893374212274,0.03275566412095938,0.06567160547938461,1.034126163391934e-05,0.4115829540671188,0.04821129538655968,0.009039937198720913,0.017089805989189355,0.1980389348384393,0.020957069856869303,0.018337718308656308
7084,0.09426753358755974,0.08858680427904982,0.02184378281957598,0.04163968060201497,0.3829273017120509,0.12682409706761089,0.03292649919050074,0.5779149296738932,0.08197441276817702,0.06461657163297271,0.01157399779503783,0.023159475585188806,0.1025478788877704,0.029629102434943783,0.0279754379866888,0.07100604696994733,2.1551724137931033e-05,0.2898313138052597,0.047220587512697094,0.010567954521845845,0.017223558999716174,0.1954889753727544,0.022611893496623653,0.018272734405529335
7088,0.24005400892928755,0.1716716444255072,0.019921536232521832,0.025692055722539922,0.33310466193024807,0.13931132871095037,0.02269666492878981,0.4120139190981231,0.07599230666047045,0.1464236391676626,0.03284167633711064,0.02307806593262664,0.27281836067975535,0.02028153025381664,0.042677996820068655,0.13701771692885972,0.0,0.192654533910014,0.23677114561197787,0.0022288396868586687,0.020300191763448328,0.3034566876799235,0.02605295641385654,0.018603766336281892
7094,0.13239544727031347,0.09632236751341874,0.024257644227284793,0.06719612644145116,0.3232413521158693,0.12469850677438316,0.11212420994718046,0.48276159556828335,0.06395264052180083,0.0648939537647807,0.011338794245450742,0.03404506178965152,0.09161177377558721,0.03497512415027698,0.024512596718192434,0.06418216016502204,0.00042434886985660744,0.1837514341245187,0.06952736732911498,0.017778700314087004,0.02071056315716955,0.2002666130412416,0.03359433138173992,0.018684168286392026
7096,0.2646831212958606,0.1676070745003287,0.028210394206728887,0.02928628894411186,0.34339046346993535,0.21354313743851033,0.038540582540424445,0.5151190067050191,0.0843517051621782,0.06445413211052982,0.010668625513301997,0.023546120175090626,0.09922188917868262,0.02350124035702554,0.02392935207491093,0.06888879562296787,0.0,0.23337678758419483,0.08883449531687944,0.0019481464208210419,0.016926341487924604,0.23433979504838284,0.03576676709684581,0.028397659883893665
7097,0.15928160571682,0.10909335516339863,0.021975308895282684,0.03692590442246386,0.26245625676143297,0.41735879253707986,0.061048582674230606,0.46491980457390913,0.06532118018560452,0.06614513821474993,0.02562253945131113,0.0536984657901853,0.10784717348672966,0.026789205973843298,0.025115673184766676,0.22882171898836653,0.0016961760406805724,0.15381709685683198,0.06467431601655371,0.015093411176376985,0.020502978002399298,0.44581930121137087,0.08224234690104719,0.01811809181690508
7098,0.16263913458719148,0.1645118614166536,0.02350298250863582,0.03213598325951978,0.2721707044913919,0.1165405627864977,0.013158839437031595,0.5778942163352978,0.07308983445333155,0.07594249879795505,0.011057661114466677,0.05281190307361038,0.07524046944636624,0.03153248227904552,0.03834911405371314,0.08561554042605826,0.0,0.38890400494182714,0.07397390005712345,0.0030728490495625853,0.026690371084998388,0.19749409007518826,0.16147093653699224,0.018884570607269547
7099,0.15158905982195953,0.1355013457001461,0.06580310542010585,0.0972000462126452,0.5024391516853912,0.12916926133557677,0.16206151853105968,0.4895697829136049,0.07057096934740131,0.07246548031920641,0.012335756322851625,0.03084503887400955,0.06850131024317585,0.045380315430602544,0.026624640790080513,0.08240226244435851,0.01,0.22293202679185928,0.08027078517272832,0.0030656709236245743,0.018786392025389145,0.20588750805185968,0.04670074293126936,0.02784113984965455
7101,0.13732051568614384,0.10122215905688646,0.0205473672041157,0.1113722819113152,0.32772111302875245,0.17198302069741322,0.02159989414386434,0.6018297250467532,0.062110109172744975,0.08163324043628854,0.012882722515788153,0.03165903729805423,0.0920285179217838,0.024446754648527476,0.0237824838036412,0.0746362270851929,1.034126163391934e-05,0.2655205617769483,0.05828012647900734,0.013906525604638216,0.019940064765444514,0.23125746603710115,0.025176650738615605,0.035436140665566336
7102,0.2884650067181593,0.12575771295902624,0.02288096583089213,0.03269812078541578,0.39203664985523323,0.33005832933921375,0.03260621187741317,0.48102637017871475,0.06325475088956271,0.06890013966624849,0.013672512760936952,0.025271981887867157,0.0934946142120983,0.02580424135514432,0.02400132256827803,0.06407541586702298,8.589881588757284e-05,0.16110395802809524,0.058252392553898365,0.010408203799227158,0.020052409981459185,0.3937422203133215,0.11370651080334683,0.020006012863815103
7112,0.2535776628092547,0.27336491819249586,0.04394811898409581,0.034138446859595634,0.3416378504972182,0.2213302296432974,0.032073569241462825,0.45873737457418057,0.10660486439029984,0.21759996289953354,0.012678483421629964,0.052717841908122835,0.10991708505362192,0.025610173717888804,0.03896581810770945,0.06940724572206917,0.0,0.17935906969139345,0.060815775119292724,0.004071801381823097,0.019358606376110105,0.27666688118077465,0.036731904839871495,0.019877819167902443
7114,0.23569639607486198,0.18167512112819106,0.023107980057008603,0.03144422883853032,0.3455290618500421,0.21640749189141442,0.01716822738551084,0.5065857405255335,0.06590179893594965,0.06305460875595176,0.013381155077577533,0.024505167106206628,0.1013115560799413,0.024292407497088307,0.024026903883802388,0.0923767710854178,0.0,0.15880716593845307,0.10164526922223015,0.0034870187063381214,0.03211550188653729,0.28092797981891204,0.030728749843119317,0.020560340981147188
7115,0.13267081689889182,0.08977010121622495,0.021309618316162644,0.04438181835853526,0.34623444814308213,0.12822452652366478,0.09014770033970246,0.4781922280915456,0.06204588878686861,0.09644657234171058,0.015023772030706515,0.0367737530236331,0.19258090140472978,0.030287901811183664,0.0253592090241204,0.10904782249060901,0.01001034126163392,0.20774244272496623,0.06440197431648575,0.00742711472345656,0.02084993819693437,0.24785599271881686,0.022348075343112134,0.018926337425347068
7117,0.170823840820909,0.09636122928937477,0.023513057328798458,0.0701669884526375,0.3863787633460444,0.13777668250404326,0.04848723675861104,0.4565174567062346,0.07134175512793424,0.07075511245883648,0.012383430408701662,0.05477899107138197,0.12876223640555615,0.20937398913723865,0.07980471867417582,0.07007597395089149,2.5378855618881745e-05,0.2220084103229284,0.07349541271562005,0.019363411576230075,0.04154020371449686,0.21799539423808806,0.03318033122169306,0.018583748719917186
7119,0.36913457140577094,0.15280978579063198,0.030474870285866942,0.04477602942462202,0.3031163664040119,0.20983780354113155,0.00814597158512186,0.5264696016728498,0.08458796964404958,0.09683380848936364,0.022394460779998245,0.055415944910057725,0.08065942493197605,0.05551388317602006,0.13981287981854285,0.07665892399868673,0.0,0.14730860779015037,0.13606904191915883,0.022438786800948955,0.020356682538067924,0.34710930133998197,0.3173931267413455,0.029493363223372548
7121,0.14209728520535525,0.11207836557286606,0.03338939231982743,0.03299141239423183,0.3853811805478255,0.1250310803335574,0.10736719586034925,0.4937501547817213,0.12327396187042028,0.07465181700167689,0.01250776928663594,0.03297384655507411,0.11054851660916797,0.028507721048045727,0.023787800922245715,0.06493470273357607,2.188183807439825e-05,0.18356067766915132,0.10776045101320063,0.00806035643160744,0.022497724514710864,0.20745077252961525,0.06265562897629667,0.01696534811010168
7122,0.14816169755819086,0.08879178580265668,0.019354591952211144,0.03450496291876325,0.3684194568343465,0.22675092342833175,0.03622478967751885,0.5636338358142292,0.06061445676893496,0.06497207202507971,0.03018018261950258,0.02328336821650185,0.08575209604794226,0.02537520732367573,0.028237759222267615,0.09255171643420362,0.0,0.4331527602422673,0.05283955534339089,0.004443620168343796,0.020187424738734926,0.2873854529245005,0.022510358215520422,0.017956679709031243
7123,0.12653209092298182,0.09739698414321374,0.023518682595434798,0.03520539904556824,0.4422838909196872,0.1274630350550913,0.049788926559590434,0.4646624541151013,0.07554253787359563,0.06706758241586637,0.01042401989384509,0.023414847917407302,0.08347716601423887,0.027974015419288314,0.024478047524697167,0.06174849399574269,0.0,0.17255034131824604,0.06342285677387595,0.009113731529070359,0.02152170310461353,0.1934947480314226,0.024612395906234825,0.019661134217348098
7124,0.21655459306456085,0.09207813159211303,0.03189996502089591,0.03491528191224455,0.3310583992657157,0.35823811999914595,0.045086455916715264,0.47428815714464434,0.06674671592016028,0.07112824430926032,0.023297229758149532,0.026765017798869133,0.11466842837248237,0.026042613452139714,0.023960475633102652,0.0822419977798714,0.0,0.1725722929532544,0.06012231441314771,0.015465909565378378,0.021075818280810572,0.3136201804535934,0.03206691301010063,0.02123693748785214
7125,0.21700005029115535,0.17372893308541296,0.07022374866661603,0.04052381746129512,0.4975444378587045,0.17461354022868616,0.09361930351899346,0.582491568748682,0.17923329816718586,0.0945190228332776,0.013139429911021286,0.057659047479209476,0.0760644488591763,0.03524826195752217,0.050351986444325716,0.1341275043907621,0.0,0.4376953328604948,0.06510415972436517,0.011814169740708046,0.19786673088591875,0.2308266558994246,0.22229244340688165,0.020775333908397694
7126,0.1670866186674416,0.13301799827365707,0.024847869479151782,0.03715793215460216,0.33065556200761376,0.1258306917663366,0.03401727765922034,0.533550173669285,0.10798520490852988,0.06288207246490282,0.011554698798736458,0.061846014055844896,0.07311411913651296,0.026571974174535416,0.027531485931357073,0.06803673939639546,0.0,0.1561063159118142,0.06576333011621069,0.00975295968349012,0.01961444876972274,0.20100060202495065,0.45897538513704655,0.030139839438562036
7128,0.1139795320667556,0.08364392155979485,0.024449062287125387,0.059264374666179155,0.3937624640992252,0.1288435442562663,0.03771584063683978,0.4935452016507527,0.06406561896015395,0.07830872635019957,0.012528777513832688,0.025601497918397945,0.10640088303057116,0.04558245468358362,0.027857656766227493,0.06108969738368422,1.034126163391934e-05,0.3131807419935996,0.0580504758513343,0.013921347543907989,0.02230622002980167,0.20080699569380023,0.023964007900504337,0.019022263967410656
7133,0.16621872253359185,0.1341943235963443,0.02826784960924809,0.055942270220370356,0.36219389297241344,0.166279460201145,0.04388228391673349,0.6341364066027757,0.05940462974869797,0.06666231728626844,0.022848403550279315,0.07379671121459991,0.0713312882709784,0.03214186548052299,0.027020776733871887,0.10922831350300279,0.0,0.20134972644708174,0.11222405950324461,0.02162434991919874,0.03519903911413237,0.2826207582625644,0.20908302831206374,0.0569886603284747
7137,0.2796043526906239,0.360789094711147,0.059336224472832974,0.08747153665475237,0.36683306037930563,0.2959645371917444,0.11639778028481883,0.5169490515320392,0.10400848806436568,0.12527253437301095,0.09763256863951318,0.1594708430760453,0.19037830949553186,0.15153329088534076,0.08359311000827489,0.11898775084192811,0.0,0.3339761278520992,0.2265399191025842,0.07843040798059348,0.08505587625549797,0.41326544236588175,0.2256257487462245,0.3264868355978095
7138,0.16493902042599018,0.1025854915801716,0.026402057906519408,0.03720201116752044,0.36529240608747104,0.19686252935987728,0.03306129278547533,0.45774902262804673,0.06291147654618114,0.062367394504750706,0.011326592623826475,0.03233482281601732,0.08601011990014694,0.02817209255364161,0.024512596718192434,0.061168176031919576,0.0,0.14920388416093297,0.05888860551780309,0.01777668616035325,0.020684624619616863,0.2041518379787715,0.052434386241465375,0.06377520234801598
7140,0.10268646077701155,0.09464652407836047,0.021267970229128283,0.03885698101411363,0.4022403460392557,0.13730246276726732,0.031187159603268285,0.6478854936682421,0.06533972877370109,0.06373094505222511,0.01018123017721844,0.027287033030282855,0.1021769035897994,0.026857599204268157,0.02571010881653077,0.07884642617745397,0.0,0.35268147121057913,0.04917770125002354,0.005752230698734855,0.017543459561907098,0.2025057010700296,0.020298472910616122,0.01889538730749436
7141,0.1584279978361173,0.13268390407312652,0.021494722876659638,0.03992616739399192,0.3511971817152419,0.12715184979627547,0.07999365355544867,0.49383252802628796,0.06662025111543689,0.0666635589030947,0.010352108135279892,0.0318576641049364,0.08826508113706051,0.038646980156217994,0.02384443256614004,0.06895270212593924,1.447178002894356e-05,0.1563288602005872,0.063384418679577,0.007608835560007735,0.052221703686115825,0.21843261620041907,0.036250605697690445,0.020993590349088938
7147,0.24514269663438282,0.1117637499011162,0.02113228099829705,0.04501070473206217,0.34859825708718434,0.4406646566489569,0.0494210296281484,0.474864092359124,0.06552871410985726,0.06669078677572723,0.019880128258465316,0.02643082943422236,0.1707045965618323,0.025941126528405887,0.02636089890676622,0.1597337574527115,0.00019465196020912372,0.25299862522026373,0.07094150641671065,0.008348203306688909,0.03877450002920924,0.4302476540393072,0.02685167602197982,0.017836887163376332
7151,0.15991238119675125,0.1052795241711004,0.025442597984681646,0.03808428877551687,0.391295719961606,0.24785659463275536,0.06416685026190684,0.4806112854488579,0.06412865811078435,0.06589072678283399,0.010800940234185603,0.028303119924798326,0.10051554031517279,0.028564512705082642,0.024448290372160196,0.0768419102767972,2.4813041662862895e-05,0.15169572439205778,0.05939980346132539,0.01349023541732858,0.01918382659199955,0.22244490254539354,0.025096825401053523,0.017546225029911988
7154,0.14135178545117907,0.12273188080969198,0.02425213062282442,0.037683774677873205,0.42025817789591424,0.1257193322988489,0.06833633549857672,0.4723827855531719,0.1273234725637788,0.06540298812184485,0.010118896073646801,0.02773377586647009,0.09201212880024015,0.03927459289852921,0.024155153592833004,0.06710589961211147,0.00024035150219688873,0.16070147532544893,0.061420260607812055,0.010864775829930957,0.02136704340912664,0.23133128605263514,0.023430884421624068,0.01921981980841901
7155,0.2195794353887641,0.17248059468331264,0.02481451553927691,0.032815316420621236,0.3856630939703418,0.23235714853869407,0.03940428135528331,0.42774661448371304,0.06430201610652428,0.07666611001688621,0.027538334975919825,0.023635445826501577,0.11789305847748598,0.09948778194934609,0.024059268510759152,0.09912614637355809,5.218226581801976e-05,0.16903446963844757,0.09037294278556479,0.006285407034962803,0.1782501170948525,0.36335641668099294,0.039693456740530396,0.019416457822229026
7156,0.1222368812570727,0.08422308526451831,0.021248380404697974,0.04668733934513559,0.38741016365271,0.12809780856331823,0.030011902876455138,0.4804348342881808,0.060764165025467796,0.06453046500949279,0.011516117099219687,0.02479559049164323,0.09479008866967599,0.0312406328779469,0.025096112574740155,0.06480472982908544,6.24778250903582e-05,0.2148837825991527,0.04873170510736135,0.008859142370945096,0.018022292065142952,0.21172075325992654,0.022783655117581684,0.017906236686615697
7158,0.15288146277478198,0.11751682873904197,0.015806896251706205,0.03675197425467331,0.46193488306372155,0.14503313417542132,0.03859787125648115,0.637620497594164,0.14463042567970366,0.0918505550529155,0.035155764401882124,0.10577570474438396,0.1311467556196029,0.048467852020428775,0.043855095031972234,0.10248168720638733,0.01,0.4018127537333704,0.11602242114036948,0.0011633174820709852,0.17929789400659632,0.3098562955514297,0.04009164699060005,0.016350307728130058
7161,0.13781512913806077,0.11297718432896163,0.020658840278868842,0.02352038071371701,0.534817308621372,0.17169649681793417,0.053506416017637545,0.6502682502013823,0.08650859150443362,0.06852538546219879,0.040191781924936665,0.02226802133890807,0.10600116675848388,0.030289128358009232,0.03653138720902361,0.07209296051942621,0.0,0.46144452064195735,0.08837785933396876,0.0015244319209566023,0.07484406873277635,0.20536033839253282,0.03836777025640523,0.035313317991716595
7164,0.10340893726196637,0.08918748750365951,0.022385088177224934,0.037633073435356656,0.3962562875027512,0.23791526006734223,0.04448434649690482,0.5499118127969127,0.06000340846898783,0.0645350466142529,0.016842410534114866,0.023511279007147282,0.08805761354712112,0.027539003309067514,0.027771030321204718,0.09560272168084338,0.01,0.2093995743605053,0.0571980492111347,0.008946960846249715,0.017379554064018705,0.28532208939416454,0.024588400350233557,0.017364694376333218
7165,0.14245577159855063,0.12241230459631199,0.02101240571907923,0.08497169710235303,0.3742300505883954,0.13285858203965223,0.06602180533205723,0.5530659398959584,0.0804325450246722,0.07793634413575029,0.012473765923670457,0.0535878459320928,0.10257084531204334,0.03153936416481825,0.024799744320039133,0.06463236899781698,1.447178002894356e-05,0.1560375941862172,0.07147895160121749,0.0051899152252270885,0.024542210691644042,0.23052577035467134,0.033313777571005294,0.028125692999590435
7166,0.14920513561088639,0.10181287023114795,0.022813219262955365,0.03919907505643598,0.334082656710453,0.13979685155842822,0.05058335318397946,0.5094885953748627,0.0631725987159201,0.06796900082286886,0.011257346819475015,0.03164571502375536,0.11687105634930736,0.028438355555638367,0.02344387452677159,0.07000139054089147,0.0,0.13957789301024287,0.0663976942179726,0.015547475415993413,0.020212297640281266,0.21816930662255618,0.02847584315351383,0.01927214313470356
7167,0.11002355450443062,0.09088048972638502,0.022588618237530708,0.03139158287954292,0.37911596614743137,0.13370577352551857,0.014116812920691108,0.5354300120004047,0.07351611037715869,0.09314991249967224,0.011942134596736369,0.023999429301971312,0.1726104092693323,0.04321295427660852,0.02641274263084782,0.08030581752754831,0.0,0.2387776274854226,0.06215977107455957,0.01599252140071944,0.016305469159378277,0.2463887888542647,0.021422641240105688,0.02090018063900583
7170,0.1825905817218593,0.14210087327569862,0.06457103408367773,0.06338333904090407,0.34354914013659604,0.2245251475393767,0.03345831029935827,0.6036639992581732,0.11447373091916463,0.1598421638951097,0.02999379698282383,0.04452981394592682,0.08346115427461878,0.02944801161321675,0.09538702747164413,0.17374312510765236,0.0,0.4201126531100222,0.07713690898640306,0.04090261671635451,0.016223180853022854,0.31327055651772956,0.16146682633275314,0.030248961481086675
7175,0.14265763245932553,0.1188639159967066,0.02340153923147389,0.054178266127737434,0.29646857798716725,0.1361747976687091,0.04354255712114372,0.5826114371672072,0.06492578836198079,0.07742605850327931,0.01122546311585844,0.04156068686744315,0.09502903786080222,0.027628339235519682,0.026193355039269353,0.07950464382436345,0.0,0.1773274652448579,0.12183736514434144,0.013549075252162208,0.018180128679902097,0.21259253572403033,0.023118368625794358,0.01857464933801423
7177,0.18435814873000492,0.09294360191149523,0.02500203718271591,0.03972143468461037,0.3861708991066799,0.20445331687523624,0.07515284645129046,0.4396540477221549,0.06351864998423809,0.06469459960517084,0.010079698552161669,0.02595542797916511,0.09956450669326383,0.035174091475183765,0.025888433215005807,0.09571488549633168,0.00024913380736833166,0.1504901029562179,0.058401186516327135,0.01416137064062849,0.020164122909159442,0.24940245319020896,0.023822517146254437,0.017797953824753965
7179,0.1620534482999017,0.10588549836452954,0.02372655770276003,0.03303617988913907,0.4912611890958417,0.15054833027198916,0.03653205040398962,0.4704319033169405,0.06635282820170517,0.07581780125819515,0.011469269730964531,0.02723622215696504,0.08725856366556851,0.027671100330059456,0.04760532464806068,0.06118750026907417,0.010263157894736842,0.22436072455540967,0.060782248990749084,0.01983650834771447,0.03500845255397758,0.20306220670982422,0.024764028740393358,0.019243861444434348
7180,0.15116549163774018,0.09950711560595876,0.021501382177423006,0.02657336560408359,0.3638803702836095,0.2520211234656735,0.058845350152293766,0.47850784833645915,0.059301097802158934,0.06517960975707165,0.01785195894079139,0.0229354256115379,0.15420903682408998,0.035357417805787036,0.025678008604814163,0.11787144033014188,2.188183807439825e-05,0.1710085585684342,0.06438837642342811,0.0039694807023311855,0.07684543752341058,0.3581694438671867,0.022915493293231674,0.030397068849996635
7183,0.22573788067710004,0.16668374649186823,0.024155508595464083,0.07739146218800878,0.41315787497043904,0.1168457855202711,0.06416828257380297,0.4813870326388527,0.0759204794749559,0.09885575904916057,0.010818934550255163,0.02587533661984219,0.09841510917692517,0.08051072885274406,0.03176100705806722,0.06909186814475536,1.034126163391934e-05,0.3834715555810805,0.06287621391103125,0.007948630591891716,0.020083707065538848,0.18412819521261117,0.02043850694826385,0.027760926377000603
7184,0.19328175938265113,0.12238743108333944,0.0222295608247394,0.022871978923666932,0.3489977078173661,0.18332118816357326,0.024635017967851204,0.48022935851936516,0.09120292994560968,0.06776793828267863,0.015255032835708348,0.023171572021396657,0.16830944397697703,0.035083093848295964,0.036853174530996624,0.0836646844654006,0.0,0.1895549805242993,0.07050263595099203,0.00509042456785442,0.020818725526034948,0.2571240471056035,0.02798140344105274,0.02945959238473421
7186,0.1462584874136408,0.0853855153999474,0.018148530645569674,0.03842734779653162,0.4238579038459707,0.19445001905294843,0.022630443917029553,0.5764759870495458,0.06274179215903623,0.08787115416264829,0.022351319711296325,0.026808703135693928,0.09135277873017164,0.06334683428240664,0.048804688181075875,0.0769724653358941,0.0,0.3132801765875208,0.05884979793438813,0.0019886763011660326,0.026201442535445277,0.28258239278637,0.01943416384276447,0.027163400701700126
7190,0.13682179190072183,0.10200325950792517,0.024617284737520454,0.06348020685173615,0.37274904294731825,0.12425021881100912,0.07293922855982142,0.460459662288129,0.07081527534167935,0.07000431251679831,0.009969682543288871,0.0454956233125864,0.10771573442459678,0.044708360960017395,0.02364133852677135,0.06926850939781831,0.000398129108991537,0.15732322244769573,0.062039466401236865,0.012830757146480933,0.020912876353157053,0.20932956093691268,0.030651337382166976,0.017707941944571492
7192,0.11262191981679988,0.09171112829017872,0.020293496985497032,0.03441626608066246,0.46458488933981384,0.16355887345625214,0.013575675601285692,0.6188202218041505,0.06241317724362205,0.06517669520413272,0.031810907027830425,0.0372450465757634,0.08085332766221487,0.02340333259711598,0.02430720108911871,0.06741659711024595,0.0,0.36224399977728233,0.046046056451468635,0.006888988733751351,0.01675993288401734,0.21841458829216925,0.023302261432163372,0.027894570168964652
7193,0.14062179929923105,0.16049723698080495,0.03219713865658106,0.04470786116039472,0.4280225145306996,0.14122048849147142,0.04325793509731493,0.519543415160116,0.06804727554558905,0.07147070280928648,0.08012563072526376,0.025050451485523522,0.08083384007359501,0.06585071650291713,0.02911280436887114,0.06420065285882849,0.0,0.18250704411280994,0.06717013703423728,0.0054179637495013,0.03136750775712345,0.19480240222448575,0.025346418433214713,0.02071288290820771
7196,0.21948581043096296,0.11127429695702608,0.02180186772243866,0.1280057101258827,0.43221729545074183,0.1589553009417185,0.1111758989163192,0.5666484554315556,0.0719175463866801,0.10261559278942607,0.012739724873009926,0.03258280816729592,0.0913304609534142,0.041261198639983954,0.0264080208500142,0.0679544138639018,4.3668122270742355e-05,0.26798291416486925,0.11287120798767526,0.004912224008812768,0.04022006714003711,0.21114484707227998,0.03490057381163117,0.027156228383353936
7206,0.12758421215530077,0.09194420306360368,0.022713038503314093,0.038324707032237976,0.3864445621839432,0.12475300772015684,0.06619439782043812,0.5108340724720047,0.06395035536785239,0.07188542914346757,0.011237886273522877,0.026432261395656242,0.12750350050004275,0.02946754893884911,0.030710106732979456,0.06968540028147342,8.176829749254863e-05,0.15352176123113115,0.08083097814488445,0.017401599777011608,0.0212639500349587,0.20883682592607367,0.02653091926723601,0.01781625112293765
7208,0.14878924247944403,0.12295967400686464,0.02282590467603115,0.03056162924871907,0.31935984998208,0.420524638008532,0.0426987138016581,0.5321534105697237,0.0643222334834895,0.0736076670839325,0.07179218396111828,0.025326401063458102,0.0966962168810181,0.022137293000452186,0.024809200466296817,0.1626052086206302,0.0,0.20410710220920855,0.062287326244568536,0.004183826510634187,0.018849627268997794,0.36198929114268596,0.022789773579558425,0.028960676581047933
7214,0.1436094169677633,0.11094112914603911,0.023472152954847725,0.04925497104225422,0.3077989335741274,0.12532847283271986,0.030815632518598625,0.5473078102445326,0.06374083064748254,0.07947343029417704,0.010661367488727425,0.02495094130335561,0.12952717619319448,0.03571713762625481,0.02672659139458795,0.0839423658567825,0.0,0.22058314993147235,0.06258987706759851,0.0047292665412753294,0.044776518540041374,0.2528992158844552,0.025887345389485637,0.019137154672456594
7215,0.20429089773473882,0.15459150928283114,0.023985655046757284,0.027622035299149653,0.2840021917797869,0.31818119338675666,0.012884850546440228,0.37402400404209324,0.08116602557267162,0.15503256600138196,0.012443386102228924,0.023626171871348207,0.23777133491811356,0.025276920512512634,0.02401585003148514,0.18946106364360737,0.0,0.14456507361974744,0.0959408806054608,0.0026012030379088517,0.019899697814499046,0.4513194429951172,0.023519710098779668,0.02191137326437352
7218,0.11020686619803233,0.10717510869718555,0.019864186682917298,0.023656399833900457,0.33863792111726654,0.16039881048617818,0.016929678827577163,0.4972891969704149,0.0726930154754094,0.0959904338946608,0.012181792091443586,0.02189938620517322,0.16474780987855664,0.022401150672456273,0.02646825468596409,0.1456864903015217,0.0,0.2637631174004778,0.06950970786823721,0.0026975173269973506,0.01515361338090279,0.2722045343678993,0.019390952909482232,0.018447533510372916
7221,0.10671814190973201,0.08532102191175657,0.025552515946622494,0.06072674201907828,0.35378853476577654,0.127116674175624,0.021905989650572416,0.607040295635863,0.06383182313355232,0.06583493594076334,0.012757410884030469,0.0223870135702932,0.0878235012294966,0.2265959108612035,0.03740907440555248,0.0626740927631832,3.189298577185037e-05,0.3250360779083289,0.05177026726916127,0.016317432721761813,0.019790904492094502,0.18390827221073824,0.021574324955804722,0.016688848779225586
7226,0.17388483049672815,0.1932272398679419,0.03434747695585487,0.02763853155421607,0.37754262948760453,0.1511939298572448,0.02607367785402881,0.4573066506156749,0.11882556814672736,0.11821919326034162,0.012630160730081195,0.023307620370902983,0.12286321460639227,0.022965308319772754,0.025094840724291235,0.0886782067108907,0.0,0.19596791630933566,0.065034325837472,0.016312133078560397,0.019829619899474894,0.25741419269679006,0.024037183821939576,0.034504216235012486
7227,0.16273614519534996,0.09041521206730761,0.022215191596232545,0.045796732538351516,0.3845832403725334,0.1708436468659377,0.022711816253664953,0.5030805079716494,0.062315558554300744,0.08182145155072475,0.011262076832060017,0.029180785821238984,0.12599359025112805,0.09934497496467477,0.030478058790256765,0.07605887474936548,0.0,0.20244526167498056,0.055737136719981144,0.010769158456402712,0.021969605314963232,0.25277723612196623,0.02468501896571236,0.02902829213760202
7230,0.2450730265913971,0.15857811368920113,0.02612466559381202,0.036019117306586065,0.34338256006912876,0.20749074756907387,0.033443355898929376,0.4810973772858221,0.06495993551106895,0.06604869055754053,0.012954737884661552,0.035926781051433966,0.13851538283896261,0.02192851574014791,0.026149150639971305,0.09943747830979344,0.0,0.18318334581236492,0.10685621365204723,0.018285089613910652,0.017487077440026057,0.26704678343118393,0.024689139265992584,0.023059067463875014
7232,0.09941826275619729,0.11292136664792961,0.023331387227063505,0.02855586471949555,0.3879246538787605,0.12654812791854794,0.04801361878204963,0.5999676172084655,0.06411152972962163,0.06496505689066265,0.011077279392541885,0.02016196197291843,0.11505767010336962,0.026759635912485136,0.02487401463969839,0.0909984648567664,0.0,0.3089572675122156,0.050007622367386075,0.004871075450801307,0.016920114795564385,0.2053215229084872,0.020634347115591107,0.016370261122926964
7239,0.1616038242267393,0.10149187915486227,0.022431726602424217,0.033962641319696465,0.3678491999168805,0.20458607301542084,0.02814451417530485,0.4749848917011332,0.06266258870254783,0.06383156544094158,0.010927004323049804,0.028103447941053416,0.1001356308386625,0.026676346130671776,0.03443829975710917,0.06375001427952805,0.0,0.15524301798794082,0.07893978896167528,0.009092675373802964,0.022021475024432954,0.22130930237403412,0.024380804343891206,0.0497908121005049
7240,0.1342188945477923,0.11316997591127413,0.024445953604264686,0.029100457744392898,0.3992146404348347,0.1268659760938375,0.06798867023944331,0.47505506260918295,0.06351353484894362,0.0684102306930598,0.021192772541775196,0.04416416170062073,0.12230884149076912,0.2586359838581724,0.02511055139867618,0.06356830631141162,0.00018018018018018018,0.3395638788763391,0.061965198843326526,0.013054200026083429,0.02054170428593074,0.20754430995334727,0.02889584295482806,0.021324394149163116
7241,0.1541667517173545,0.12399091612070984,0.020164703775446786,0.05241933343722123,0.3646150693179585,0.17223080522239997,0.0571003486713153,0.6333955004334418,0.07360339596053166,0.09981458204747075,0.024583832867138024,0.03084304268680226,0.14139559965617152,0.0411466327334709,0.035054179530937,0.11477192000521842,0.0,0.26337663221261065,0.09004744843066197,0.013138668321586756,0.050461081247259586,0.2889379966899048,0.03289248570147452,0.03056090952658403
7245,0.09827539859644734,0.08063538946926167,0.020816746187981697,0.043143253122870144,0.43725957800489196,0.13023198333770908,0.02068827615949514,0.5444347401044848,0.07290793528276214,0.06589280662332422,0.011264019703436075,0.03032617636937539,0.0899057497688835,0.025966175667128805,0.028218837337854793,0.06640140430912346,3.766478342749529e-05,0.3052451264933729,0.04694982054626399,0.013373445027165497,0.02276370217015515,0.20870792318067302,0.020947541254166698,0.01831036451163094
7253,0.19763390053063903,0.09798755229854167,0.03380762128045356,0.036338069260894085,0.37695376670468733,0.14345487491835027,0.08437957927161006,0.41749282313394465,0.06263073263076473,0.0628835127711079,0.010037516222374287,0.024084599255585468,0.09557301890966519,0.04230188336570534,0.024973487057882823,0.06074667470112271,5.1813471502590674e-05,0.1467504763281678,0.06586826310858553,0.01521437638230837,0.020238477678299976,0.2151353173961275,0.029229229541132763,0.041309815887905936
7264,0.1292408043180197,0.09695597401238289,0.023854038188616374,0.055913112047338495,0.35230773774921,0.13994519816715367,0.041406372674227775,0.583343622898094,0.05888971007700655,0.06710659130545742,0.012272200534172037,0.02760210195849393,0.07971809929701594,0.02595739308018318,0.02487095208642038,0.06430652876020088,0.0,0.20096391775512276,0.05788990488154654,0.005740637465336845,0.020767090921466752,0.19992806451348372,0.02260203767322915,0.01851392888027728
7266,0.2409085016103285,0.15819284186875918,0.026073772731314167,0.02974952778647774,0.38559971550744365,0.35604774344526613,0.04045028016614218,0.5597095812999572,0.08784166685035924,0.068239733097897,0.018920640602642525,0.022830909259222962,0.18997110717029755,0.03454856427288078,0.02448285685965704,0.15587898618787205,0.0,0.17935561755831267,0.11142075691259803,0.0037315522910996617,0.07853885115348738,0.3481222344446757,0.03566037428634459,0.018924081122030877
7269,0.1761557416024828,0.11201620862423776,0.034527106659300144,0.048697387223478154,0.43895279851100955,0.15384406339695864,0.02291357232962572,0.5903058526651034,0.09440329398454184,0.1131329146895814,0.026969322588734846,0.02828524699813798,0.09137858347807205,0.09543523532153086,0.15051022519842572,0.12446660271995716,0.0,0.3810001693429307,0.09146751341989527,0.012956237270769303,0.08612289756532512,0.19860107369670033,0.06828200509759391,0.017387382834296784
7270,0.13806258269967533,0.11174767412726688,0.04542598043217762,0.029620210592256647,0.44821016427030197,0.1701691415585766,0.031639986512307615,0.511067494992245,0.06291286702984317,0.07828167086593649,0.01341507381687562,0.023370083224774216,0.10262089250902756,0.022670598800738753,0.04115622810559248,0.10648941069317658,0.0,0.3649834963264306,0.07556265961421206,0.012239867187614644,0.02797815317108145,0.21389595232414998,0.026666507362137847,0.01857106357574893
7274,0.11703031899091082,0.09254383402136619,0.023244525906192522,0.06550520709845785,0.4994623727243131,0.11982617325807064,0.1355242534644154,0.49654246908398997,0.06310945075345989,0.06453046500949279,0.010166439497140689,0.03296132801105778,0.09022163094814281,0.04051349260049099,0.026700239704008033,0.060788575637021454,0.0014617843198621264,0.22946048416809986,0.05593630868490055,0.01493008712978272,0.02095642366896082,0.16950371066246686,0.024919248541424924,0.02196825649239387
7280,0.1451987192657012,0.13961022943904378,0.02205517666480994,0.046283770578662425,0.3913691352814208,0.1296895772610925,0.008401725794487102,0.5010298843587567,0.07003340791181846,0.06763214127102796,0.012241370949040731,0.02209879292749985,0.08461239472458504,0.019594883598779245,0.02429230513541287,0.09055150416334758,0.0,0.17961243283414258,0.07121749864943301,0.014342666293837377,0.0190985213025654,0.25626686659129044,0.047520286666290615,0.019746426341657575
7285,0.18867351044098218,0.12520753600768222,0.03790253313381539,0.037998455135138984,0.35888821955076267,0.12424069861969161,0.06498282501367093,0.4613591420869338,0.06584455007791225,0.0724402051184897,0.01076464932228405,0.027648492366985977,0.10077795622156563,0.027760847912891514,0.0239932117360981,0.06282624937786334,0.00033178243048631877,0.19436779591380154,0.06554773502768488,0.009019235836810064,0.01979368564156755,0.19711538993327557,0.027615652433826226,0.01992869874592376
7287,0.2999156507094805,0.19245533687895258,0.03160360643368249,0.023784633384206427,0.3074066525163605,0.24660368820648487,0.015834602694788525,0.5130991515029558,0.05806325475768793,0.06976445787176977,0.06272980931110463,0.024095648490762952,0.09988057646981474,0.02968867077524172,0.023559518822265826,0.12985757515467605,0.0,0.1544654151977655,0.08197249086409299,0.0061162410171716145,0.03558026140310007,0.3161761412873087,0.059798343004309126,0.027866506858189047
7291,0.16619713532521338,0.12268912004274492,0.024423604779061612,0.03738224097247169,0.42806872020100095,0.1836450604196509,0.012627852481109217,0.48315536782070767,0.06409586971199789,0.07637561299760627,0.010552449115538048,0.025773375235605665,0.10169639894161993,0.023780002878243733,0.023896907425426637,0.06638884732995329,0.0,0.18034297644222902,0.13964940474764645,0.005941732239366512,0.02052494630797771,0.2754457338087673,0.025771847054228688,0.019086055607874634
7294,0.08815196250599992,0.09395301155090427,0.021663222327693243,0.05566587215655482,0.4347761878679475,0.10782614355684884,0.060960958349123386,0.6820769303652675,0.0706637274552666,0.0741164053283587,0.01921737745165559,0.04044946882511697,0.10028721969821308,0.06092288249585123,0.025989755405147665,0.10599897718415816,0.0,0.5335773651079708,0.04994172532824431,0.007152928544306685,0.03136638665189361,0.1671889068421641,0.03325154578585456,0.0167642948169417
7295,0.08697455261505187,0.09070647064156352,0.028451337735255745,0.0282757056334163,0.42650727855747456,0.18555738299282332,0.011659866403528098,0.6606213988868239,0.06108341156270709,0.06173930686844335,0.013423715831942495,0.019017170621228607,0.14791252488835815,0.023078936059445138,0.027079606174068863,0.07136483005297946,0.0,0.3864241241824021,0.06208252000879319,0.00588153580072177,0.016268782424269025,0.19158363477982576,0.019334192281406922,0.02711360710986228
7301,0.12091365757361355,0.11253383031798903,0.027272931944848075,0.04154906681487981,0.3499960445940743,0.13184111680887814,0.025873013931321985,0.5278693097126886,0.10145877288428115,0.07481011463385076,0.012380324329819796,0.024757228278097166,0.1274331798502484,0.024373908248321467,0.02416833121472764,0.10279816854131445,0.0,0.19031846294583094,0.08473886594822877,0.007576716777374388,0.019034821694769163,0.2192435640642853,0.0343347289659045,0.017795209002514713
7305,0.21805110020771423,0.21114662972923026,0.04905627564759113,0.07194629030242645,0.35541588760564563,0.15389749149714219,0.17617618719993053,0.47560982154209847,0.10197388871280881,0.09773671759628982,0.03656565847556547,0.04979693193273719,0.1867305985894254,0.06545948489936372,0.0249579764693203,0.09619100132239293,0.0,0.19951226450218065,0.16628110083785994,0.002647900504113473,0.027814216796396826,0.27739915557127853,0.04709831425306276,0.027753160457936007
7310,0.11519227361291193,0.14969913937487875,0.016187149520381736,0.0257541707086154,0.39212737045547447,0.18574456181961133,0.017102188959861552,0.4504963138631816,0.08052121917919247,0.09938577174351454,0.01371976942588225,0.021864605780373417,0.18778003405945168,0.020476282147626285,0.029476640001825614,0.09462576195325383,0.0,0.25864845244584694,0.08743588273958147,0.0034392371786550703,0.01683228018608508,0.28674371492012374,0.022713913436274037,0.02631234103371562
7311,0.1179921134415646,0.08618800509658171,0.028232917799613566,0.040945001727723467,0.35946095414522566,0.12361193553898947,0.08408932891983455,0.5282193048692192,0.06385955750512093,0.06651187711085242,0.010163412470605175,0.02662415597156521,0.08898508900839902,0.03320499656561184,0.025540138843680497,0.061590622046409714,3.6023504166874594e-05,0.20528592199957926,0.05809393127941047,0.013602703754211614,0.020308319474151317,0.1875798752291351,0.0346712092779104,0.018629650146061324
7312,0.29983302324684774,0.20656140430988945,0.020807895497742642,0.030172725346981705,0.3809316414869724,0.30593777305434633,0.01351917149646533,0.4985303790660137,0.08550413719413479,0.06806414297124343,0.016883472952459715,0.027592075791672905,0.09972937286279741,0.021294595241120637,0.052053452822478315,0.12322964181983499,0.0,0.2193683699836386,0.07426926968572785,0.0015923642293275283,0.017567877839982635,0.5289953281227029,0.06688816289531177,0.02844370149407145
7314,0.12182796682255531,0.08793119305415244,0.023589309138391742,0.04539182552935186,0.37797746623413514,0.1294012048642487,0.1063684695640619,0.48886008235430395,0.06336427102418091,0.06453046500949279,0.013202633944042615,0.0275617965772449,0.08854051558479101,0.03225821605016232,0.024018833108492697,0.06097367594711407,0.00022344454285275734,0.17763265714027987,0.05675234062538343,0.01447709488546836,0.026320172838977265,0.19729365515516775,0.02177764272543394,0.02621068408376737
7321,0.1289598282273831,0.1104013923033345,0.020665416724527833,0.04132690672037115,0.35233909489666637,0.12317123711735407,0.018676484055334803,0.5741968375132082,0.08534980671218534,0.0768955463837633,0.010034039333631162,0.041801183553128805,0.09299761420024216,0.02515107490051426,0.07602382458430283,0.07828482740703133,0.0,0.27250416879510564,0.06983071563081529,0.0021993629451322757,0.07107856071651465,0.2044555251868691,0.022245677317775426,0.022449554075448696
7326,0.13140503254527505,0.1259842724654449,0.02540004954628918,0.028519420817283318,0.4129941988934415,0.14142143678243735,0.013921151332591235,0.5712084007110207,0.06518061045977533,0.09680686326497115,0.017568821968360952,0.021516462249954536,0.1072699732803585,0.026132255232048884,0.030561655362692116,0.09195543568811299,0.0002857142857142857,0.29290209479675977,0.05388928513391174,0.004201783043986272,0.015968280890448605,0.2183646924491701,0.022220388557501917,0.017159898162190004
7327,0.11699832025688484,0.1448118790528481,0.042790421841267336,0.024272002034152588,0.4547944932071062,0.17326089447377918,0.010469930584571742,0.5131693240785468,0.1430143709091533,0.08038972364535935,0.012765692800035694,0.02519290973013089,0.08086260960255648,0.04972436686403604,0.03461452904510515,0.06479135951597154,0.0,0.4043212071690859,0.05005401059700786,0.006049675239289108,0.037879903758605636,0.18207750170560125,0.026599709537610653,0.04850695879086704
7329,0.1851211337655656,0.15125857843488744,0.042291133715752896,0.04627747754250566,0.5070835560377206,0.14553249885848502,0.01424599571902156,0.7163504468525858,0.06593312047382499,0.07595489628337396,0.012583505906304995,0.05770409747352263,0.1204714058629388,0.028044008526897528,0.03537922973153926,0.11361120955362836,0.0,0.4967640939976924,0.09249968420360323,0.011093120821958983,0.026878197264783864,0.20447375234084486,0.057531859100858555,0.01620529111074828
7330,0.14535221003364962,0.10199136394448471,0.04108122899657991,0.03146218573094208,0.3529595177945635,0.13833274265915044,0.032563876476241455,0.5642073169132218,0.060356886550775604,0.08803058024204302,0.01810677979753532,0.029250379397011125,0.08319760458011145,0.02787657402156388,0.023464771569341247,0.08136875434492545,0.0,0.23817186944826513,0.06731942761339704,0.015099894529076946,0.033991506294545476,0.21239796186477686,0.02243699067786937,0.01919091213829709
7339,0.11340830817354546,0.08967419525463959,0.022641778978672325,0.05816588106242893,0.39172081574020917,0.1291937353774405,0.08787918748189454,0.5283564826618337,0.06477221321247409,0.06957122574423893,0.010192636436403437,0.03419688534370347,0.09108106465116746,0.031377868284289526,0.02584714571332173,0.061203148052814065,0.0006549487340447792,0.1820019530554119,0.05525306545412923,0.01287691083573551,0.019688962474057787,0.20042543882039154,0.027206263257216312,0.018048689472972775
7340,0.13295871419966887,0.08637644433403144,0.023140200329638164,0.03787176759444284,0.3687382762950969,0.1837916811817362,0.11213484498259599,0.47823566496531655,0.06314980059340711,0.06846071381456718,0.01546403011072406,0.02698020326097794,0.11457583894975597,0.034018562237366906,0.02536889373808085,0.061229430130310764,8.646462984359169e-05,0.15196698254155439,0.061593152395975716,0.013533954509958613,0.02034041041497576,0.20681520272813908,0.03060268431111441,0.033496232009706806
7343,0.22808144320053647,0.19043434306956414,0.02933491286223208,0.03943295183247304,0.36135487143249867,0.2394755041954572,0.05340018336332105,0.3563506913037808,0.08905203172661867,0.23979692840248124,0.020443872706796373,0.02860890874328782,0.2259170337835198,0.03000130530252181,0.04367469787527178,0.06322752835451509,1.5037593984962407e-05,0.14577177827449467,0.13492685803810214,0.010579203197558396,0.02080660930030652,0.3373744574532175,0.03760292626111059,0.019971406590885768
7345,0.11853785574651474,0.10461390787725573,0.022300106779251507,0.08678502013866185,0.3554192593017148,0.12208665272835585,0.08899115552138386,0.5752903539469656,0.06200139161463016,0.06520327621779518,0.010577845457013657,0.03160110345067374,0.12043128030780104,0.04769808546766676,0.03883285654159083,0.06564158435242472,4.1841004184100415e-05,0.40905939227999666,0.07256467194290894,0.007692712206133162,0.020465895919254316,0.20803572023027952,0.02372791088667514,0.01824000207852535
7350,0.16378986945837506,0.14879070344675127,0.027060290171232175,0.041221709386723634,0.43456097167307567,0.2926267493695692,0.021734887281324382,0.5676106840475643,0.09371399617455824,0.08374163130315085,0.050619304696142974,0.023858940058105807,0.09649160346238611,0.03383941347197908,0.026828673884067077,0.08147633315523843,0.0,0.28867159570470985,0.07575445034613182,0.0022439344580393334,0.03170949654243752,0.3386521337667516,0.04132039911959701,0.016308170701127684
7351,0.1284357561757099,0.10133651210951478,0.024115749869840303,0.04049035024602334,0.3969350986925962,0.12958660831261218,0.1408381660254141,0.43902739340397884,0.06406561896015395,0.06453046500949279,0.029696379486469398,0.03172055901097173,0.09216406253179402,0.036938174413028387,0.024512596718192434,0.06074667470112271,0.0003861551141526243,0.21305971978018534,0.05861679206867515,0.02063766886487088,0.020612133564241263,0.20042543882039154,0.024045930509366292,0.018679284256983286
7353,0.28122402441922967,0.17485584775546428,0.04244034025303374,0.03141307273418403,0.38394835761941787,0.19023089760331385,0.011904649357532535,0.5046954984954297,0.09048819789842524,0.06249292163599948,0.03443389236421991,0.044275661623528875,0.10814316816792995,0.021590464427374542,0.03565575991766272,0.10300792449041142,0.0,0.21218479019663142,0.06927927287406765,0.012739580440113956,0.028697986159915045,0.2239386383184733,0.07324721457454364,0.057173948347750386
7355,0.11539656118839221,0.09585251235271702,0.03950616903265223,0.08026023467087247,0.4487513642893899,0.12726213927327182,0.015482235187128214,0.5298412963744233,0.07473115422548701,0.06960689564246329,0.011477389926782478,0.052203663348206863,0.09187636459690288,0.027558712442700677,0.02568067971339933,0.06541674866897723,0.0,0.2552119639976365,0.04793166326889969,0.005495643861000523,0.02091534218699006,0.21045526827254254,0.020812115942284003,0.01628102492028345
7357,0.12948491331784606,0.11939280922570383,0.022160254929904186,0.05376307715178735,0.38949859281885346,0.13731874361042004,0.05821966635533963,0.6119045459574967,0.14608207573710458,0.09380079972872465,0.013585188725742317,0.0439994085596818,0.08171078011910794,0.029271891223219666,0.024825279772532,0.059917506803552366,0.0007510820023746601,0.19026418762625952,0.07866782153185593,0.010442279383505209,0.024383241266954014,0.21471920889995355,0.03603443147160712,0.01863459417399949
7358,0.16787085851306233,0.1507722899827758,0.028742561493076493,0.04159656213390531,0.33837574848838053,0.1274795298646284,0.09186075620387842,0.4514296194095889,0.06725678032151892,0.0658705423949397,0.010778217806327988,0.09172343056984371,0.10000676123974556,0.03925711774856715,0.024569840626522982,0.06162817052552084,5.139121208830422e-05,0.15991396086202683,0.07279682598663101,0.02143423871830867,0.11957946999433532,0.20215041891052332,0.09812118125035355,0.02805166282296864
7368,0.12137046580176408,0.08604481828131023,0.021097082931899987,0.034215476105219966,0.30036943889120876,0.1759470399948456,0.03425559214275169,0.4616486883427033,0.06279752194384786,0.06692712198662205,0.011047817838181474,0.026909236061261988,0.29459912814523476,0.03022448289539351,0.02527811016341425,0.10789818841308607,1.034126163391934e-05,0.1966790304694847,0.053565008588184915,0.010890826937246079,0.019026612263281232,0.33136195272853697,0.022711208441452545,0.017527583125288508
7373,0.1276936446700556,0.08824093881037508,0.03266774848886152,0.036293103048139805,0.4096789145364441,0.1513841174576397,0.024627629392625326,0.4951676608470931,0.06325827960034626,0.06321185779086759,0.011847946412022586,0.023532776589550934,0.08597461504765733,0.028155139617104,0.024331526989333812,0.06149688727854913,1.5037593984962407e-05,0.2020963954130037,0.052612641249471404,0.018641080926892997,0.043868842391190765,0.21712809944695138,0.022810168298149334,0.017933808788855005
7374,0.14523242790640448,0.09180201769647335,0.022353100485489757,0.10669758228886528,0.4137713377557875,0.12800827514990576,0.17256660192110945,0.4788089487321537,0.06361873774614332,0.06721399119175081,0.011064837286192392,0.042512867324458053,0.11436783682554102,0.03181871472978512,0.024155153592833004,0.06781674468756975,0.010605076225717144,0.15188675150249456,0.06534187374653876,0.006469237366216781,0.02026069976919105,0.20353064296942183,0.024720077728677257,0.017210588059829102
7378,0.14170921661771962,0.10950724499137988,0.016683971240023025,0.02607268036601845,0.4367051215336886,0.2044306852699138,0.007098622022787458,0.5253295683022936,0.07151774255795748,0.08137226666913683,0.026746487711582875,0.023467048037294765,0.09918378561265585,0.020033825714755284,0.02849547855613252,0.0843955466658521,0.0,0.3296089555821645,0.059079609423824724,0.001151653114695194,0.021617714801769702,0.2161043057951274,0.02105861742867004,0.028928860366430404
7380,0.11896853405134504,0.09011851557182698,0.020219401726615505,0.03307758759580059,0.4003174476263052,0.1518469256934596,0.02772104935963274,0.5215809395103927,0.06439570148136006,0.07414832372877089,0.022151680831489644,0.02167129321578362,0.08891288969678086,0.03032663660932554,0.024478284673110015,0.06233569016608298,3.766478342749529e-05,0.2162546126789647,0.055654409323228064,0.010156809645794865,0.01906060546160368,0.21870521086020187,0.02292058886080271,0.016645806504258925
7385,0.12681745841616796,0.09068883213446494,0.02530689613185189,0.03788793909432787,0.40531296207563744,0.12284071135372708,0.1780746968531701,0.47454412765759413,0.06373149061362074,0.06784089084696199,0.01062169547313642,0.027065171469850723,0.0888591077509878,0.034907517136023795,0.024384289315778837,0.06136388266580553,0.020113556005406555,0.1626492028967858,0.06416922015501358,0.015454176532005044,0.02067916120247025,0.1986173643286911,0.02748612377711638,0.016655198509213435
7390,0.1317093704579155,0.10051248997078367,0.02249879277260347,0.035894036374109206,0.3941798622782769,0.11875418938076697,0.049588328921963666,0.4651882645930852,0.07408487697038321,0.07485992965092181,0.010929214976711326,0.027576986522788872,0.08974399056359034,0.1083756705914366,0.05692466811526623,0.06259547463426264,2.188183807439825e-05,0.2640473655529048,0.06147843964460303,0.009588153286165215,0.04466574792944613,0.17966894757041513,0.025532522555871268,0.018668166499426646
7392,0.19459497275613455,0.24060049776312945,0.058931090617281176,0.033766087256631765,0.39404328038653347,0.12295846441694047,0.020308474622879012,0.3572664346754981,0.12336420770432069,0.15761351298654064,0.0099884440394284,0.024538446666463168,0.1673919975496606,0.03003570174669675,0.02790276757543808,0.08506900737957082,1.034126163391934e-05,0.24071919154767266,0.060064545383839534,0.005700235685410126,0.016179326384095017,0.2140290725072159,0.04957249524750116,0.01667081965862904
7394,0.13577064865901725,0.09113674198895469,0.024048541812636225,0.03709482136432828,0.3920497209811803,0.14509759464308497,0.13490288058838262,0.4399328519972662,0.06525770688111497,0.06437400374551712,0.010263471801547717,0.02592583515488124,0.09704402334314575,0.030396819852826617,0.024677547021396705,0.062311124674308015,1.5037593984962407e-05,0.15778239537161126,0.06280030193705183,0.013343976868003088,0.019907857511917336,0.20199929802816294,0.02435990289215463,0.018679284256983286
7395,0.14345336227878108,0.09542703278134868,0.023352524384757448,0.04502645976479761,0.4322120677952088,0.1642591114174752,0.05511453610606895,0.5860856590739655,0.06342059375341959,0.07026189081193493,0.026943617558852228,0.026804620964760505,0.07912476230681262,0.030576096402786104,0.03678795803402626,0.0634395474692436,1.034126163391934e-05,0.17682129464646626,0.05770972930719913,0.011447832567119183,0.021006727908792277,0.24043412416513835,0.02375824819501574,0.01906466928856712
7397,0.10624262439231169,0.08316266270100109,0.0201660386507011,0.029867778198896935,0.35756635818325505,0.13421496393708549,0.024927842597218718,0.5432327395202965,0.05954373553563672,0.06398119543775482,0.024248897335226872,0.021829626376404464,0.17569562030307945,0.02497615802482525,0.03563337310793522,0.11855655098011367,2.4813041662862895e-05,0.30933965811760467,0.07876136467051882,0.00741314823907018,0.01788688683427973,0.2542826913147919,0.022900452705209157,0.017716397762351177
7398,0.18496178534516639,0.2190210747059936,0.025119678904728385,0.03515061105347214,0.3833779355171321,0.1283985126373178,0.07801734362081071,0.4463805905401687,0.07345111306790461,0.06344221278503756,0.010319825206081951,0.026890574548649324,0.1151011642078992,0.030059193163984595,0.024669331928891203,0.06675965732932147,1.5037593984962407e-05,0.14572031539915234,0.06198199004460672,0.012615132201185675,0.05112380122170511,0.19519916906668172,0.030810952186138402,0.02050074246934533
7400,0.1873815864343561,0.1238671830831715,0.018898464074674062,0.02903671980986933,0.3841687558595765,0.17068677703506605,0.016656044756283638,0.5863726669299172,0.08126248904912282,0.06805545001068064,0.013693578351164732,0.022730509658254978,0.08617700501939575,0.023372734617260922,0.0264001725788374,0.07311102996801315,0.0,0.30453208097346357,0.06032274977653078,0.006378928348181368,0.022121329900635926,0.218788304307497,0.02332904506995304,0.03107066632923651
7404,0.13857058873684772,0.09266111142984759,0.02011891383928111,0.03800364514131816,0.38701030842484535,0.15322508381830527,0.01013822894840486,0.5718578195014815,0.061730043588235854,0.06379335788209065,0.013622749266541261,0.034679202938338705,0.10832700219437065,0.0271814020833774,0.024563873134346093,0.0927923941972372,0.0,0.2158437745406892,0.05241733227699316,0.004102384903440257,0.023109734133290566,0.21312873519596806,0.03427749739224961,0.01971213159687637
7408,0.13630228853257698,0.10015925778169833,0.022360864810911863,0.04120095580230886,0.35605902765780195,0.12278114991028113,0.010795491806715175,0.5210075044649465,0.06459616185164706,0.06473983122045525,0.0129768591209104,0.025741153247762744,0.08328225007869536,0.02270549628806888,0.04198849839192568,0.06547985755888108,0.0,0.3565247289838331,0.05373549979573816,0.004415795529287495,0.02039527763701909,0.1817027550691482,0.04552620857379189,0.019435202698398133
7409,0.13946410246839525,0.11010303084480608,0.028202723563020685,0.022150672545992393,0.3921855912876434,0.23489617123945616,0.007480548347216842,0.5053070803447792,0.08783797462259699,0.08327034728194421,0.0182191738889409,0.03298058138974712,0.1950573709907509,0.020729559578849734,0.02485875971721723,0.11011243301601115,0.0,0.23534376772252263,0.07165695930811486,0.0023245153874124863,0.026053406443987997,0.3314856996505087,0.08111020574141299,0.04973689695932435
7418,0.16542722216872427,0.12292219660589027,0.02458753695250661,0.022114172602090344,0.3328226338087156,0.14604512821317145,0.029241328485099888,0.4580432804085979,0.06967686579159495,0.06681403615555191,0.022842577763019636,0.021015586823598074,0.2078429957675879,0.0217774180162335,0.025149193131039024,0.14405622257621586,0.0,0.17392832783012552,0.06173975685537202,0.003020174427442805,0.01804666420210799,0.27578415109106413,0.02038597490054187,0.019362963201475472
7419,0.1758302306227229,0.08928540423317466,0.026072244573129816,0.032545107472409344,0.3533809477681345,0.30518312110358603,0.006538684526606831,0.5548920937556301,0.07358588843847545,0.06576376126401616,0.01174643956270387,0.023775464411920244,0.09051809159837253,0.032754421296408355,0.024511626131769892,0.14732434631502303,0.0,0.2707227646721484,0.04751946701331363,0.010038161048845291,0.023452201842533986,0.2904667017684827,0.018963632505951067,0.02700552189378901
7421,0.15171113288717403,0.21391015088232496,0.03368714010555603,0.03074021502796692,0.41125158034886616,0.13048912845527158,0.05004722007150529,0.4766111208065022,0.07544614577933786,0.07739750943300526,0.010801211135673523,0.026079332467084836,0.09454358318910903,0.03810541389454188,0.025848095473251655,0.06175890870455671,6.304363904637704e-05,0.35156259081745866,0.08594050930360445,0.010182127197899491,0.04748049297823131,0.2079432014232384,0.024023584964009904,0.024503271500703548
7424,0.19585065986889133,0.11967423219492095,0.020705755652207627,0.02426097224785915,0.3255520612551439,0.38603770718768365,0.006276457797180191,0.5096481049808346,0.0645180503333041,0.06408472921998841,0.024504987298687202,0.02634159531332663,0.11525848671576427,0.021401180025805315,0.02525685882615582,0.08471480686584085,0.0,0.2509818331760195,0.06180122017473564,0.012679847404008243,0.015522698686732665,0.3677093244500046,0.044746778404516484,0.021230171785871693
7426,0.10117204298128334,0.09473013167754107,0.022782615705392105,0.034806455524526124,0.4330056657600665,0.12733982907840327,0.04245112745934567,0.5026358555744722,0.09641888558795257,0.06519369645561118,0.011008660005290237,0.02771077599911971,0.0887564277431177,0.030923061601974874,0.02683974433272103,0.06246056115791585,5.2136563456438846e-05,0.22814922132517118,0.048801651432733364,0.013023513072303268,0.018279943196327586,0.19846489147714239,0.020898618991357747,0.02145967920552815
7427,0.1516581086360238,0.13154735819619584,0.03336650021003806,0.039788598727547544,0.4832995864392271,0.12749835541004328,0.022492443718047532,0.4219701593527811,0.10228988670664892,0.14174843748128374,0.011068801895244203,0.02527134902507522,0.16333473530097498,0.026631660024003044,0.024694480652733705,0.06479869194689435,1.034126163391934e-05,0.27902088026776833,0.07079824465768873,0.008065477488071977,0.018459711681668375,0.1974104401618636,0.02277275456549509,0.018752192831619108
7429,0.13417603470014863,0.10181756830589915,0.024610098414755064,0.04204018313548556,0.3747362848245941,0.12222009825112969,0.1120400316717292,0.44061694448186683,0.06432028184610228,0.06584000258259501,0.010166439497140689,0.02810277609066266,0.08885972389331247,0.03128536186202904,0.024512596718192434,0.061168176031919576,0.00014685966316475642,0.15150461337593757,0.06416922015501358,0.016635766056566605,0.020786422445270167,0.20024129550102898,0.028259150563745682,0.01830363477442649
7430,0.12909129732360702,0.12075650494348178,0.03847615549476617,0.02865695897374028,0.4529572676557388,0.17052069863758018,0.015097083763101354,0.6308737071487431,0.13338253552679105,0.1165004845501258,0.013298090694300739,0.03901974218765089,0.12302599623505564,0.10093516937275153,0.11888301933013153,0.15335906082134432,0.0,0.41588396938011973,0.10756672197858301,0.011669146419545015,0.014868177922563518,0.23642675706968658,0.018909388344402197,0.02666475170753964
7437,0.16563069615315787,0.139212089346437,0.02603595334388571,0.0365722379259102,0.2991672786545929,0.3587468730706651,0.027459908645556877,0.4688031731993755,0.059321541612479274,0.07647547443727278,0.040458842981888656,0.027227603189363035,0.1208223576411495,0.02240522206372435,0.02540921550301037,0.0999234898707416,0.0,0.18043232845144241,0.09073106805513087,0.004451520777196689,0.0184364386485243,0.34343207399350545,0.022848619692570918,0.018883423122555917
7446,0.20625252019126122,0.13609889739926503,0.01993412154897075,0.023898949228388488,0.37263729512497756,0.18863336909737127,0.011669483618979095,0.49641435431450387,0.07763324797756668,0.12340584728058976,0.013313205025290162,0.034661150942405634,0.11595381801476759,0.02150422625318607,0.02360967406641149,0.10633148204306933,0.0,0.17552272539968164,0.1763688988639572,0.012136047861464503,0.07518427226709007,0.35904118801295504,0.02765869495221304,0.01781705441423915
7449,0.09239388755862656,0.10233478569342362,0.01876644810692609,0.034156136065488084,0.4152045962981431,0.12489336728087362,0.011263698804558681,0.5346451938545449,0.07232465958040671,0.06768422309757191,0.021046515755979933,0.021898659737873093,0.14177623814604237,0.021728321157172204,0.033833882404687834,0.08011098709467285,0.0,0.48624862680388825,0.06997893272541039,0.00301200370314201,0.015598968853072907,0.19094336628981634,0.026491053025530703,0.016174249381424203
7451,0.11314657212708411,0.12042966551325737,0.020827042899473933,0.025984882741864522,0.48963209180199224,0.12147756884336625,0.014181453860360672,0.5184819960793928,0.06281611567965738,0.06774248668735568,0.010573106618651051,0.023803740209073516,0.10553790746024275,0.02525486713714007,0.02922579254675089,0.07804986854608324,0.0,0.37794707794327176,0.0576569513989768,0.0035091028355765867,0.0169511618299897,0.20946572579176936,0.02121725293312593,0.01803844969928148
7455,0.10130290980451769,0.17207064101107908,0.01855167736379306,0.04628631564819687,0.45885598755465973,0.12486714775325022,0.017116746989355558,0.5900292521045843,0.07399054535381282,0.08665963987155165,0.025072687066360625,0.028215448556906955,0.0882010762176622,0.025449983517315956,0.029240224324472798,0.08022878919482393,0.0,0.4813169418793969,0.06177048014587125,0.002124043618785716,0.0462646348860795,0.18133661312596946,0.02008126611528584,0.016417334405853082
7461,0.24850633591878185,0.13363600234040188,0.028825716565614435,0.028857168016832614,0.32911356954460563,0.16148802932575748,0.022848468079751095,0.5324762649948508,0.07968408867317145,0.08342582229816474,0.04325434299703061,0.029065102383956168,0.13545525510084264,0.025744982582672805,0.024197622301075743,0.13486754099804257,0.0,0.15789523500918848,0.1069449776420322,0.0023166658515253982,0.05214554797625234,0.30333264264814813,0.025353276004431904,0.01932256798813467
7462,0.11094448785471236,0.11702814299968561,0.022417417616691658,0.026981500028209017,0.5542738090625073,0.16351654667129092,0.011805510523993873,0.4543605850751583,0.06504995396922468,0.08287099612911691,0.011319136278864033,0.022629216899999815,0.08890448817551226,0.02294697750048807,0.028249843509308245,0.08567679832849956,0.0,0.47533642808126353,0.06392393135775837,0.005219202687954116,0.028147232516372824,0.18515945681629176,0.02516810486109901,0.022429427947528394
7468,0.15820091618511775,0.11578938401672964,0.020954110931840016,0.024689472747996644,0.3466988148845922,0.15007657201901536,0.012974645039840062,0.44904910376680446,0.06310561813384294,0.06429581786118982,0.012354593695410974,0.021347743186883213,0.21740908796219874,0.0232611095654308,0.049498314748058006,0.07890718221295331,0.0,0.27351816676395335,0.07249819059126059,0.0044874351717853365,0.01570838805319658,0.30132940609247927,0.030771723610665314,0.020104057750494012
7470,0.1721063303517228,0.09554204255337055,0.021089412809120568,0.042423854576467,0.4260286936229184,0.1274799946961413,0.028825411332303846,0.5437390449751248,0.06996075771757501,0.06515898084389198,0.01106324148282601,0.06026694662874887,0.09005791126582129,0.02652748273616188,0.02556388016472901,0.06456789595658093,0.0,0.23877635740165976,0.06098179967618239,0.012381286761214673,0.019740748093187224,0.21989926121320227,0.3781267307005865,0.019450453773345637
7473,0.19496336659546615,0.22286121385807423,0.024089593044083615,0.03005724335247738,0.2962914831753515,0.14717213585292957,0.03845287738798233,0.3254310876970867,0.07033754568923108,0.08042198158163798,0.012347686026408265,0.023724632428504724,0.1679939237332525,0.02070034802778092,0.02523908070176408,0.08318815121445775,0.0,0.16332144518796826,0.5542861905435817,0.003307611878304975,0.021977247992399574,0.2763146155569171,0.024200425288273566,0.01975184541645221
7479,0.1572074931483696,0.28082781345253627,0.03125176248717251,0.033163410683811526,0.4089654120471217,0.1252512033163358,0.027089665506846227,0.45168208594926335,0.16166199807480525,0.24248524323413317,0.01061105682139803,0.054527793808280045,0.09154020952466263,0.025877289345900598,0.058270043617416147,0.06137327903306648,1.034126163391934e-05,0.417959279362662,0.055024521028403085,0.006202799314365959,0.019120298317729954,0.177320286097684,0.0527285769487589,0.062087966501709245
7480,0.12201640103904214,0.11745012062626879,0.02333303824340655,0.03721864806004563,0.33084767347440497,0.15821674744547687,0.019446958313088545,0.5700367311943887,0.09012012811686392,0.08918049537272915,0.017584503889959854,0.02390563100134177,0.15035581015707666,0.024072998049095764,0.02942500407629429,0.06465732497415418,0.0,0.2603456942413584,0.07833124706842706,0.007275311412878111,0.01846592292888146,0.23474030142431765,0.020775891178109126,0.09602491079198958
7483,0.18218155570381722,0.09494877827356372,0.03648000911436186,0.037163457206525724,0.3922648165887517,0.1371621093924974,0.05625069650501057,0.4426464102508325,0.07649288312337588,0.07479418069422014,0.010346554267598418,0.025881631410326508,0.12203347232098062,0.03181663526995348,0.0242989122804631,0.07247179785385816,0.0003158602721492998,0.14713908021593408,0.09090032474660896,0.010501114108013705,0.020733598800269086,0.2801380345328276,0.02511111048090899,0.022113632718055838
7486,0.25124150561032077,0.17012505368872863,0.022476331447577422,0.09080284931116658,0.2602143666968526,0.21696847013469367,0.053122963829694066,0.4593280458374885,0.0776385628695188,0.07289549623619328,0.012430278330595911,0.11797690645247029,0.1460987344249053,0.05224287514633291,0.028039980575429953,0.10291980926741746,4.1841004184100415e-05,0.14175355279132418,0.07556386554841617,0.017859002331291382,0.02035659306881338,0.2728701444767961,0.3897270508994526,0.13603871178788293
7489,0.14277068560870806,0.10905194536350397,0.022662897311656823,0.0597951563474589,0.42029316386047305,0.1218441054202511,0.07756840313560323,0.528262257676748,0.06295175393524602,0.0662544493594492,0.02630973592231343,0.02789406244194671,0.11425964302479642,0.034423290235817715,0.026668907536734694,0.06721337218126022,0.0,0.23603947400466585,0.0571814588682939,0.005735319408355191,0.024814578328040137,0.21334339906034902,0.02534835162869712,0.019397280438778457
7490,0.14775595932684907,0.10182543168810711,0.021509981047918028,0.0794041151668665,0.3849124699230183,0.11699886059632707,0.1247210028120125,0.6507240613101327,0.10495431388969295,0.06265989321826168,0.01096587560290711,0.03429837284067846,0.07330072803007341,0.048100153858457124,0.02776181406966665,0.06334571669745818,0.00018018018018018018,0.3166015865729397,0.08519399683250942,0.01141345849099187,0.2590998068785521,0.17950986710794378,0.15333005652165094,0.027772541063889874
7491,0.12411330760477586,0.08867715721845505,0.022718006873514187,0.037434792417682855,0.41879482163784515,0.12814804560054235,0.1199134645891347,0.4429425074225144,0.06970393418521675,0.06376276639529671,0.01995630366720357,0.027385489007448197,0.08866493277280578,0.03359158905654871,0.025150815046077274,0.06065247075796345,9.143960727374391e-05,0.15635007263190523,0.058555941763293325,0.019477436991134307,0.02148388620235423,0.20121995306839907,0.023979421506063803,0.018783791266893154
7494,0.12845417524362046,0.09122741977931743,0.01667482606411184,0.06824471084317549,0.4595254299860984,0.1843242351039324,0.01923194594018506,0.643270192658658,0.06960058447917254,0.06895355066082795,0.021152780351458605,0.01971599191791004,0.1323517971033394,0.023836343574858684,0.02501335682712792,0.08469718002084937,0.0,0.4122689028120808,0.08176493498403317,0.011394623065013976,0.054844018532090866,0.2135589750583626,0.01919334973026078,0.016543998595682338
7504,0.13446371950852742,0.10119117161339919,0.023796431467971845,0.03407877003553759,0.3778164691942819,0.12841314732831371,0.03906079437519852,0.45471673771557497,0.06448223107517492,0.06923976999641972,0.01217135595252525,0.027582833579345767,0.16336579368954787,0.02754247124079152,0.024512596718192434,0.07116952546038875,1.447178002894356e-05,0.1553866403770918,0.058401186516327135,0.021161321608991125,0.018996088865957324,0.20810246652707648,0.024397399933384932,0.019843593073076652
7506,0.10709318194635518,0.16288860105264502,0.03254872121310388,0.055184189967124,0.3856470578900417,0.12626941241293888,0.024207932663307296,0.5143555971534357,0.06321164727922013,0.08979633314378102,0.014517766611003808,0.10501068500524331,0.09614281787670714,0.02564939990673853,0.03440771498991592,0.10382773413446646,1.447178002894356e-05,0.4659533101142628,0.04841802979472318,0.005981103117983816,0.014744432040491542,0.17603172049568916,0.030599302610882475,0.017184617878373505
7509,0.1306895964309777,0.08689024169737092,0.021864553907993342,0.03572114083221985,0.41740554413456615,0.13127610384201124,0.025874427879106335,0.5195112166938959,0.06316516770880154,0.06309877418915048,0.011865878048592295,0.025952007686187245,0.08664802721380171,0.027467269996126677,0.02466594643933968,0.061116038983057216,0.0,0.22197283992749017,0.058003899916313405,0.01035459098509951,0.023295708412846724,0.20235909679382477,0.025490407065552705,0.02190195978022479
7511,0.0913657258273135,0.08408123659361853,0.02354988149118375,0.08271020964481406,0.39594101166506795,0.11877157473720917,0.03711459285329232,0.5899516156177618,0.0759864984282158,0.06996010585521283,0.01981479451091235,0.029051759558238074,0.10265215267154516,0.03244043585412781,0.025240131798841114,0.0604887747669172,0.0010941590625821872,0.31545069782717206,0.054274892782101604,0.011446315701340103,0.01932864180103706,0.18608120228520458,0.024853942217856324,0.01611596106385381
7513,0.22795437855198597,0.14516095601926873,0.018809046127244208,0.033895238349370846,0.3139925967538353,0.3566803531558254,0.01497971804616721,0.47609044471318007,0.08611989537666415,0.06772135544309833,0.045438674950614794,0.044217833492913396,0.21982990078242431,0.021060469322220346,0.024089301173435485,0.09254143464176492,0.0,0.2036107800374057,0.12029863986554884,0.01291285814838826,0.040736766427126175,0.29773980168298503,0.02244683120178801,0.057209459241850044
7519,0.10498510309467339,0.08470062767131313,0.021500093230363424,0.03629331372636534,0.3646677796068122,0.180055538082011,0.03539084658486818,0.5202537896608928,0.06189647600089655,0.06709006172097894,0.012262918708036032,0.02579489406031058,0.12659138047005639,0.026262379277980898,0.024963721463785088,0.0714151724628044,0.0,0.3039380831160635,0.052962317217275894,0.04298464254247343,0.01735186756147862,0.2865374292314737,0.020742438743790906,0.017254695887344677
7521,0.13756951215977692,0.13132775048559558,0.021735273210945833,0.025922095847810543,0.42049114967321033,0.25296719166435927,0.010557684934736373,0.49202458039955294,0.06313335447298823,0.06461362012223644,0.012691887042768217,0.022368564264079575,0.13421859345415824,0.021564620078693926,0.035338788583594564,0.06999966620179938,0.0,0.2937560095009604,0.058804771219473216,0.004397832937434002,0.01635382088200575,0.25331421824728295,0.022474991779938943,0.016521602771574186
7526,0.14047983072434211,0.08833272341984207,0.022704669600679125,0.03587856294834609,0.5686426850281948,0.15636749374130696,0.06134020086136493,0.4939010220885887,0.07336385865395446,0.0636221361693904,0.010848671539103603,0.036790119239655535,0.08804212237849468,0.026659865944042883,0.024997606400983887,0.06274348667632917,2.1551724137931033e-05,0.24059608382440778,0.06493059114670252,0.009143023455714754,0.019697956109309044,0.20087722836879351,0.023506088280258085,0.01694749191042269
7527,0.0939761265700307,0.08685726427922039,0.03169104087496552,0.036927449988000474,0.4401419329638474,0.12464128657915648,0.01784331179801326,0.6336499549407416,0.06443853787289147,0.06663996303468668,0.02668404509372056,0.024592769903545784,0.08231874742490326,0.027611096057440655,0.08527466546989997,0.06312122026521882,0.0,0.4581581154290427,0.046408078703406186,0.017399146812170162,0.02681595489169533,0.2207511356917073,0.019861821069886654,0.016216772568908192
7531,0.22731213579883625,0.12634998617229656,0.032948160229584016,0.029298180818061542,0.31693790806459,0.22135305472418698,0.023533748665483686,0.47718158304504965,0.07449607381822006,0.09532065770840464,0.03596629113320027,0.03624233114098243,0.1778900557062968,0.02094477560424475,0.024273580473285476,0.14053355390678118,0.0,0.2041596711028487,0.08161217183464854,0.005777699793224009,0.019298308650499026,0.2827181405918313,0.04220528936970881,0.028333963716745996
7537,0.1658690244975771,0.22559282600573438,0.04660323182468708,0.0719481369438787,0.49008589130894037,0.21556135832372447,0.06617755354107108,0.4857621588608403,0.2313603266324342,0.08668041802713418,0.07162588998218872,0.07812021131192964,0.17581848604423997,0.2557720681176935,0.04745079583302459,0.11809322344143786,0.0,0.33921439753520877,0.0783001868314367,0.004076508253263531,0.4249959510633615,0.2354145122505808,0.09866160533166307,0.06313184378805028
7543,0.1285815091238389,0.08962807378208883,0.02402969003564516,0.04467672875291199,0.3719497751227503,0.12827830697923545,0.08250287001440183,0.49556257102811957,0.07494703314660707,0.0616980359290642,0.010189830515980481,0.02776316909909625,0.10926370434655,0.030393248864049534,0.02428014246535768,0.07268183615657203,4.3668122270742355e-05,0.1632958056019213,0.058129373067199196,0.024969217546303504,0.019820331961236407,0.2140057506052318,0.03468708245365543,0.019150756912474382
7544,0.2400270411941977,0.14790297486897777,0.016205410983086456,0.054562370782609275,0.2774459271006827,0.1699233687601263,0.03438289573340278,0.5490980805709819,0.11982106293584835,0.06665812033832502,0.033165692820290894,0.044468643255926595,0.11380382677795418,0.024884106024688477,0.023511106074721736,0.08405015226539238,0.0,0.18290982489323782,0.13512931928683566,0.0023082083589700325,0.06763189678263581,0.2850583996237961,0.0668685720795806,0.0350150954014124
7546,0.10536004896732547,0.12468933457165625,0.018523176619704432,0.04616998795719278,0.38094508803750526,0.12118338583105967,0.013918701083940412,0.5850404533664842,0.13525934330338,0.08333950423891645,0.03166700621810831,0.034835035834533394,0.08151071870450416,0.11273189321734782,0.060725377087815974,0.07858904596337131,0.0,0.3392258045140103,0.087242220083395,0.002836971565166479,0.037962086397385415,0.20422740309389428,0.025503670903587707,0.01556546298341097
7547,0.20182817828039137,0.10201609498000089,0.02326356247378025,0.04061674290060467,0.40414501468541736,0.23251374638499642,0.05051694630213269,0.47341445306455554,0.06778505096465992,0.06704700303626167,0.01181427076538464,0.028179200799957553,0.12929681668352275,0.026341990914774818,0.028234797996181962,0.06763932794465165,0.0,0.2514568195639171,0.06094962258155385,0.018045877235749755,0.02006378644922171,0.29537596863434973,0.03461420436500983,0.018756485958350184
7548,0.1398926370897161,0.10426973412088542,0.022609480605498198,0.06485127067592492,0.40326056555892387,0.1400821477773333,0.021145632090050156,0.5657529741915963,0.09746063889883701,0.09526603938441963,0.010655153281327365,0.02521256865550835,0.11744896938357995,0.02813494818252187,0.024376884698029545,0.06338722287450067,0.0,0.31405022161487195,0.06381075355409363,0.004471783763155961,0.14331848161656224,0.2244678385953181,0.043723970533657196,0.035986083144751005
7554,0.1847898441309242,0.105214513557941,0.02277316596306468,0.03363243591147487,0.3791504151544697,0.37610708286193456,0.016246763051394664,0.48110684436983037,0.07280696838276873,0.0707729918408058,0.021719311001047955,0.025619240364285117,0.11665187925330633,0.024970573086173495,0.023577032180739116,0.14173671604029514,0.0,0.2319400190261024,0.05709805051480916,0.005744781576009229,0.018998611998127878,0.40238520474044775,0.02418285786036385,0.01804677739244811
7555,0.13594157009018276,0.08565917299254007,0.021551360408706487,0.033410308278112505,0.3775928240131876,0.36060866129178815,0.011759298007800395,0.5972656961075138,0.056446171303461086,0.07212343099369799,0.03170898010638269,0.03584194737622717,0.0838532639022067,0.02172047938458516,0.023460941672349345,0.15466934120671857,0.0,0.28241269035834277,0.05593766781020468,0.007906899839772545,0.022346579906181024,0.42485162396536214,0.022486035038486684,0.02198270188529222
7560,0.1255734379854309,0.11596562031270662,0.022282925813155042,0.05021286004155618,0.4656918784513085,0.12226495390901873,0.030956375458060473,0.4978081553553942,0.073768568253531,0.0779835778560161,0.020410866888654657,0.022713220940747184,0.08722195038560596,0.03595480548953317,0.03993278095227627,0.0783397726273764,1.447178002894356e-05,0.33338865903666864,0.04788795623065777,0.07347339293898308,0.06301469838655568,0.20853434392687695,0.02199222041875308,0.02746095668771937
7561,0.14193092679837088,0.10041106071416475,0.01948996317530441,0.038871523385237056,0.36097377375968365,0.1859453019536358,0.028264001320928666,0.5271237805185796,0.06332256323230445,0.06668575228210477,0.023705984047244145,0.04661033428424965,0.09279337743151399,0.022065796779971603,0.024504329464485674,0.08784693905107974,0.01,0.3097049961700061,0.051982693975721056,0.0033435480265959997,0.024319768219835468,0.3020805734185579,0.02367999461654752,0.017490379519232442
7564,0.3427770385438048,0.24046142999207837,0.017310684575716818,0.030870227411191345,0.26730837378333105,0.3635920697121777,0.01092572898627725,0.49582438842071264,0.061450899957906584,0.09058002066634359,0.0495874360431739,0.030673338177785673,0.11953807815713552,0.020281442143215412,0.02293100802106572,0.14900340264821088,0.0,0.19442698543818682,0.0908879906476478,0.0018151493308523443,0.03201818703185586,0.39804868778655333,0.02287232663845248,0.12267854808821131
7568,0.14716566537931894,0.10822281901066094,0.022736111195463198,0.12504350848664983,0.3705357284350579,0.14865994860270584,0.04110570316294553,0.4738085837300576,0.0677685753153245,0.06660651592908982,0.011446335085767045,0.043867443394951355,0.11252628451228848,0.031364001168297316,0.025748510705529293,0.06406948154613595,0.0,0.1929960454140879,0.29975993167359405,0.009070859482355066,0.046304278526735396,0.1933118931695413,0.04055073438173915,0.02341026818271693
7569,0.1511839809245481,0.0927805756993338,0.024526393562735803,0.039020563255740714,0.38979013431005166,0.17995312656006263,0.06994422001817,0.4481947811183917,0.06506624137438893,0.06445333569499645,0.009916623920247688,0.026560573945884486,0.09550634823813185,0.03388155457488294,0.025622961503154195,0.06055491978240934,0.0003865773735669108,0.1547697215644223,0.058129373067199196,0.014324480931205657,0.020797672248447956,0.21563059546133143,0.024281281814622593,0.01969336608850676
7570,0.16384603195331326,0.13522422622481955,0.022759754922897925,0.04255891922530997,0.3394037438209804,0.142063017466316,0.012551879384265854,0.4979158987914671,0.06433052965895808,0.07624081291088708,0.021293052142066546,0.024530962785420905,0.16397527764003553,0.025847194092886796,0.028823721850088045,0.09628814165801279,0.0,0.21750075996730478,0.07638684172462365,0.0043074781034453955,0.016745500553758223,0.23080429972643665,0.025586613648208075,0.021100848280256643
7574,0.4251805903964172,0.20689974076711137,0.019242014053179327,0.04024258248383871,0.375610811746212,0.37783036259380054,0.04142729871755227,0.41242457179724906,0.08458584507747052,0.09103387989623768,0.013107648333210913,0.023293134315719218,0.15476904131085462,0.019388453773012165,0.05754926760349606,0.11330321192919796,0.0,0.1495708988552226,0.1451841437776906,0.013134257380920222,0.0394026565469994,0.44416454779895886,0.07502564528874119,0.08595971311712418
7575,0.1350885411193644,0.10198175891601698,0.025452307885984488,0.03598141951393874,0.3398089679419588,0.1247575506754508,0.03351486199694582,0.49313825536045647,0.06788825985634608,0.07039349251999762,0.013812518525794619,0.024889059044699523,0.23277277169920127,0.02508656679089104,0.03438017141164517,0.10524501119825726,4.800604506141463e-05,0.16219725684612768,0.08329294609822069,0.006597905034583399,0.020523963005436928,0.27709988406818176,0.02628701937878046,0.019346140882743616
7576,0.22717959512661204,0.19069195894838778,0.047664288426088074,0.03286670593821794,0.3643908692231759,0.19288212784129632,0.04183156515098294,0.3948225460026574,0.06409220333076832,0.09848409752360862,0.012906593812439686,0.02768689270656542,0.1488317858426969,0.027133582446495927,0.024643652194711953,0.06992372515974239,4.1841004184100415e-05,0.21685566746129695,0.38562114705269146,0.005218243720628537,0.017721018996799388,0.2438528388933941,0.12527763292202237,0.023951299405130397
7577,0.1096161781500347,0.08333233413397316,0.018525556556724377,0.02731683707259333,0.45474107509499684,0.13673726750856927,0.06168870968518107,0.5646597339637942,0.07165770020028848,0.06425867599052208,0.011910433494402684,0.022215892762272964,0.16160776870728483,0.025623294319330536,0.02554697619034536,0.07151028294423195,2.1551724137931033e-05,0.30319255663284045,0.07279017138114968,0.007723664044178184,0.0200388281539438,0.21315931160576,0.027875081711524672,0.01886288000132149
7587,0.11937919161192831,0.22488610717199126,0.03864263417579311,0.024716990973417684,0.44724542117938265,0.12118587133739359,0.04742400346211925,0.561166429139932,0.11398503119113179,0.07884905535970459,0.0104894357873266,0.022060341203979723,0.10929358778259343,0.023793663009232642,0.025359196460805613,0.07047614539639291,0.0,0.3262195145642717,0.08733739361315522,0.002817794807810692,0.016556481524574774,0.21269901753524534,0.028541310578004023,0.06267451315974172
7595,0.10341114040441524,0.07649165669269112,0.021044984391641,0.0301142481040484,0.4629706521670925,0.13196309260800787,0.012737512592478007,0.5575693333194682,0.062018596003542,0.06633145203746606,0.013368963283685538,0.02036281715262657,0.08828251918954388,0.023459589528170347,0.02458959676435677,0.06582436766764127,0.0,0.3065268086996234,0.049712441569096905,0.008287590899244718,0.018749656289114056,0.2055551788793027,0.02041635310229045,0.01743615746558503
7597,0.15953537275276428,0.17653695405070835,0.05181932566236927,0.02505280283336872,0.3648110552564433,0.19584355102509451,0.01722131400415498,0.5249550149258934,0.08550949385308225,0.11728779796815944,0.016251022685523628,0.02608989210610556,0.09137353156582396,0.04305828975737803,0.04561522477189122,0.07172997915121253,0.0,0.21210556405444994,0.07227977684234727,0.0022774734810581967,0.017513030437269414,0.2251165060642129,0.02397288015267374,0.12968648967458962
7604,0.2733648870659573,0.13749549374882167,0.021503827948029786,0.03300188946791318,0.3499019323522482,0.12827390033076524,0.04298759993808277,0.4916709444500422,0.06925070267046081,0.06425456196277246,0.011059525468672494,0.04649004037317273,0.15159419805956456,0.03621752287552619,0.02696199371834206,0.11849863554423332,0.0,0.20360358944603518,0.11284978594523035,0.015533240950386988,0.023509415588981883,0.259889422247431,0.08837927372926897,0.021652315428626084
7611,0.12676164441197743,0.08776050182051895,0.022858867849478978,0.039806991213483356,0.3887105886071295,0.12754315662586788,0.213798451839375,0.4336189762969096,0.06406561896015395,0.06453046500949279,0.01003925072746217,0.027967407025149757,0.09180694954358629,0.036938174413028387,0.024512596718192434,0.06036707430622459,0.0004255065611073358,0.15154853810401017,0.058129373067199196,0.015386717365053338,0.020841164823913193,0.20042543882039154,0.024045930509366292,0.018463091922385887
7616,0.11776620225197554,0.09627771130027432,0.02266877230741703,0.03317361288654169,0.42700703971741993,0.12550151908930604,0.020143660745338184,0.4802107504842697,0.06506459942864226,0.0689218257020154,0.01015197139958515,0.02488272977329688,0.08747506735835224,0.0271085377783002,0.03541036072576158,0.06950763962459289,3.766478342749529e-05,0.23783261840545464,0.058700074421686656,0.00950501356672931,0.01644611123825428,0.2110973614839119,0.02470307766441012,0.02138974189556428
7617,0.1289845678272765,0.1231532365473361,0.021186764911081023,0.03491989253796561,0.5110221183193563,0.13353683770195446,0.018051965091344803,0.5030912935577546,0.061828185532202366,0.06419495129332371,0.01121948480753879,0.03240037169698301,0.10234320747874052,0.022104015650448984,0.024450109485408676,0.10023607442881559,0.0,0.36498838955527496,0.07926066800035098,0.002000689246693958,0.027481698100571935,0.2251328696875653,0.02224397744715961,0.016159937773696974
7622,0.12758440767757964,0.09750999595013411,0.02496935765291841,0.039322063300150735,0.3788698225984238,0.12475384641695998,0.10357530398802839,0.46480173687251247,0.06432028184610228,0.06835661712493116,0.01003925072746217,0.026618294992121237,0.09096196549163374,0.030774350099902967,0.024482323440496473,0.06081074893099265,0.00019312839049703286,0.15309669399302284,0.13529589154340557,0.014727004685555864,0.021684335238156636,0.20264574048300296,0.02818426414984998,0.019131501644742175
7629,0.20327968569708244,0.09226140958257643,0.02101488978792665,0.0292233509091934,0.3522857133523109,0.3556606595369769,0.015562934570633489,0.5631524892803036,0.09165712833411171,0.07235397359559385,0.01585220248696469,0.022711597587627814,0.09309787204855394,0.031044383766296712,0.02372800931931575,0.10578048309833975,0.0,0.35504550213585573,0.07512329597118925,0.012600898906634166,0.018684160681324044,0.34923305648522374,0.05480017584897314,0.03212738981024527
7638,0.12119751553328807,0.08922949900006748,0.02353304173675433,0.036102663961438825,0.3912440844779592,0.17742777394904372,0.03197424870420831,0.5773345956465455,0.06289065874253835,0.06374939682171643,0.012276148938785309,0.021802635357714498,0.09350644036351836,0.025519995359440203,0.02522460611991415,0.06627896309964644,4.800604506141463e-05,0.3939582839647099,0.06069833094082692,0.009497032634120998,0.02026263826160418,0.20438590443133578,0.023489868936048403,0.018114834209167194
7641,0.12554154203488513,0.08832036097363709,0.024673000859293935,0.09345555937027386,0.321755714194155,0.12736523652045384,0.09762055458030723,0.5223892510053867,0.06315592284511712,0.06486803328186624,0.01003925072746217,0.03210523457268459,0.09088496097346985,0.0312711238149972,0.024512596718192434,0.06331333104961563,0.00613184840944037,0.15360184182902073,0.05888860551780309,0.014933458875827326,0.02027186584725141,0.21062697235040256,0.024489588161319048,0.018585167057974306
7643,0.20502182845854938,0.09600538992686049,0.032461566087807266,0.03778984142432271,0.42819819639961004,0.4467257520246306,0.014398000326024183,0.5096468997370307,0.06369915335281057,0.07840740172729425,0.015695887802649446,0.0217198388372607,0.10137159943181696,0.03171488958355471,0.02467761810633165,0.16382811349311585,0.0,0.19661935204273653,0.06957343549330457,0.0035149785534207157,0.019926765637351893,0.43207755871236964,0.02232432345842315,0.01916190051449872
7648,0.2313919613831378,0.2093935115510829,0.029800386234054475,0.05184438853933918,0.35861716124314263,0.2885108994101653,0.03460117926303913,0.3271907232009864,0.09810900358230594,0.17242637796600038,0.022343651431985596,0.039346204953820914,0.16355393119589925,0.024514480695982496,0.024155153592833004,0.14912477286789735,0.0,0.14490889211534763,0.12771222319750516,0.004616525851033413,0.018320437418207814,0.3416364833578281,0.027114670460452683,0.05880499102361483
7650,0.26518198906234847,0.2112452332142087,0.022745205073069825,0.06688146643321113,0.25373325262220164,0.13909146561156288,0.04220521188039454,0.4370251108931413,0.11926175056087361,0.08481840823286327,0.010772229352778702,0.03542093697462205,0.24940243945223117,0.022697376956800745,0.024903979841930487,0.17157246326741038,0.0,0.19254827081159762,0.09821028963634383,0.0032436181873571725,0.019899887811449416,0.27365452189715755,0.15272341365807046,0.01909771257183529
7651,0.17172510758121895,0.14374695398474394,0.021883668961686174,0.0615953538469862,0.2974065418749121,0.14802079678571567,0.02629590278070036,0.5387512699116094,0.059908227541165,0.06280454252698052,0.022118523047958357,0.02578285036632236,0.14366078995374806,0.027187901106427027,0.023997001014620843,0.1292836698531231,0.0007407407407407407,0.15137993291720853,0.06087992676573933,0.008276013082118857,0.02007906582903102,0.2687966184957558,0.023165595915636997,0.02034152365160342
7657,0.09110326616836918,0.11679445022669505,0.01991017317030054,0.05699368698617498,0.4034853192348033,0.1177348120980266,0.05014368174308588,0.6496870253080042,0.06302555589273787,0.08452093612176215,0.02470267479177484,0.020311299691633776,0.13250725165145408,0.058621581271141796,0.054087511666515195,0.08299199569890499,1.034126163391934e-05,0.40200009304668954,0.045750722116583244,0.01727380122011854,0.020585097730978396,0.2073287768724709,0.0193400301737263,0.015953729869226423
7659,0.15838159200418048,0.10861620580307901,0.025135095596251128,0.03421185936904221,0.35522252976368757,0.3216091067227328,0.041831513087074675,0.5269527915973289,0.08572385482176406,0.06612835766076498,0.04045697771619803,0.027832159243722024,0.09111652499496993,0.02215525855135443,0.028207486987171487,0.12410788922283901,0.0,0.3374306846258972,0.06495274321156251,0.013040219249300601,0.028319657448468684,0.32430539313414836,0.02111844801377291,0.049504014487580135
7661,0.2607953523437272,0.18758834047948367,0.03340292995397899,0.04172250032257529,0.2947855609595025,0.15863914599000817,0.023661084346111017,0.4738285196675101,0.10365966566332217,0.15467159720668489,0.06593998258134735,0.08183690062087529,0.2801710158737102,0.02446676518763615,0.023556169879220597,0.0829431054590831,1.034126163391934e-05,0.1979683156895418,0.1551806654854026,0.003398176503898872,0.021077737890118704,0.40222740777148486,0.1531691448523431,0.017984626171817064
7667,0.13597265354205038,0.11259873201687678,0.03326947817619473,0.03598136508258066,0.43623505057824125,0.14531960304560784,0.01505760512293342,0.500705080901644,0.06652058669061268,0.06811168229499137,0.013331611474706628,0.028185202245261463,0.08766609062656167,0.02700467258218707,0.026535084061640353,0.07824438648566039,3.766478342749529e-05,0.18316274474754035,0.056380355285718844,0.00849678641638536,0.01935662560482353,0.2061644290806916,0.02517674346231137,0.019027593072925172
7668,0.08293594419983498,0.08013847138119022,0.044269896301086895,0.03515090061558007,0.44728258366266055,0.14457659755872482,0.01860240926849367,0.6627999640395781,0.08297077729974166,0.07163752702274281,0.015205884459518844,0.01797793196513723,0.1795552697788778,0.022379626251331452,0.025935581767466274,0.10062788153491889,0.0,0.49378862204583185,0.061417437547861845,0.004338181900592154,0.017782778824046677,0.2292267558530459,0.0184367742229765,0.017991893266858853
7669,0.2510152683554484,0.12206541398820298,0.017007176045668065,0.03696870391959535,0.3907488843981302,0.19568013493333794,0.016434018290612175,0.540745725724645,0.07772570717858746,0.06436151206451673,0.011322710301344987,0.022703711399464158,0.15567458808353243,0.07002764046646014,0.037722002172961754,0.15745044843925374,2.188183807439825e-05,0.33010222336247397,0.08383378908965768,0.004210088248198579,0.044265920299349296,0.29001676783576896,0.025051574847251484,0.06588047442413814
7673,0.13057481208743887,0.10355437080102027,0.020645950118529082,0.05161358671348958,0.3855555350961102,0.13459378893883905,0.08270022416790486,0.5310408387431206,0.06157410947077798,0.07639013818510688,0.012660679368385035,0.03530242361751141,0.12331360167260418,0.026021832562767144,0.02626928857602284,0.06600986670070207,0.00018018018018018018,0.25795885251226514,0.049141456903758485,0.005653740655036453,0.02335556363409433,0.21520820714124117,0.04681250893311046,0.0215439173761404
7674,0.17779945059691066,0.14190908761302362,0.024974012384592164,0.027132368232015047,0.3440162547113845,0.31177044682775656,0.01548944305676743,0.4997995416048693,0.06492426108568114,0.10907883579993177,0.011987516073992342,0.08582489774875085,0.10515611790656959,0.029852276027157704,0.026027737063822522,0.07984794586971794,0.0,0.16587924239966256,0.09710106436710023,0.006070975533954806,0.021926618301179937,0.24881686212964543,0.043758807190654524,0.01835696842706156
7679,0.1881777245392139,0.10078965597457547,0.03247235008043688,0.031725069926226576,0.31512949268335266,0.1309189969473662,0.04125953504323011,0.46932079715164066,0.06506487553712843,0.06804691877756884,0.011728637002667639,0.025690159044597826,0.09392731321918109,0.0328331000403394,0.02858439427170198,0.06794315733194681,0.0,0.1726150646484393,0.06083784894466177,0.005093630950730178,0.01939499134256233,0.21807741817349227,0.02156967313410271,0.04460028511667447
7683,0.12876456629701638,0.08627908785505448,0.02300514270444036,0.09898658524346045,0.3751946036983359,0.16600796117238736,0.05514730213848429,0.4943677134038195,0.06446436869996235,0.06376276639529671,0.013341548828842283,0.06227132814392342,0.08786200535591554,0.029068905279481375,0.025610083470729413,0.0650074515690246,0.010627625212251204,0.1845410962562436,0.0541895426486645,0.019282556217582028,0.019070650324848663,0.22328770708909798,0.02518868345341425,0.01843284261279216
7684,0.2070700849076563,0.16368485601050647,0.022358765795182957,0.0346146269799756,0.3356723590728685,0.12852812589721319,0.08429925494516802,0.4472931833665826,0.06532827099621857,0.07044499531025554,0.01103827023520183,0.05010990725489435,0.15986648011128157,0.027305360057868655,0.025393590710070173,0.06346729452152763,0.0,0.15422643063251187,0.11648148489034281,0.017686854421251563,0.01999780608610998,0.23121085401940447,0.07944816859345014,0.017803515673947064
7686,0.12669502513764502,0.10007951912684558,0.023353395674115672,0.056875887817006116,0.4018074395577739,0.12841662057474085,0.09992178891421367,0.5104793645445922,0.06436323502953925,0.06445822627580504,0.01014344541522531,0.02849927260824428,0.07949805181030296,0.02792807803752498,0.02382804209948072,0.060860125370252545,0.00026516454385975164,0.19450387549001877,0.058491318917789366,0.010662704565041103,0.020235192073539167,0.19756818618220748,0.02313289191212735,0.01754768790875906
7687,0.13186627864774014,0.09422260399743784,0.02312853234254023,0.05188018500136841,0.3299649076350547,0.1288514492286125,0.08817667878999265,0.46713295153672524,0.0635524219024488,0.06956419048723352,0.011293233301207618,0.04427938864147065,0.10542271732250173,0.033253585563697084,0.024512596718192434,0.06167358662191434,0.010082225177736371,0.15725014404060678,0.11437877381945598,0.014248641138616873,0.020166664392842162,0.20407604231761056,0.12647911662453926,0.019661363249554746
7693,0.13252414553521902,0.0953781811100817,0.022907521268664036,0.035466645233101286,0.4030181948981531,0.13323244804045575,0.08684911475712,0.4165253204860616,0.06406561896015395,0.06891474090064131,0.01013590552688158,0.025494005594283622,0.10499669658698702,0.03263129387762451,0.025590106424237903,0.06349739229177966,0.00015445258760943056,0.15609270521079005,0.06664366065948585,0.01356096419179894,0.02073333209747019,0.203608157622919,0.023917347014649745,0.019157930385500666
7694,0.15889336401300164,0.1603384589051454,0.026727479655777008,0.02256762896459462,0.4284564912211304,0.13718858537313902,0.007990219841402808,0.5799003968353642,0.06506344685438809,0.12539753960515942,0.05366098728889046,0.031421991566356194,0.18503821763782605,0.021596717908744636,0.02485998360385767,0.16981448927538967,0.0,0.39001529207888214,0.22470562313839068,0.0025385675174976865,0.01821786607520108,0.24900017509284184,0.023376337453638363,0.01561013247087399
7695,0.11022913574237726,0.10890694181213101,0.03305615082436158,0.061314755947674736,0.3885221028418705,0.11419196967026947,0.06162809845901327,0.5903588112373609,0.07231372813073092,0.07340842205561854,0.010498268227113144,0.026540094629732884,0.10323965662032177,0.02615115381869757,0.027219224925208695,0.08467679859469021,1.447178002894356e-05,0.35514211684164965,0.06997542103305703,0.01981844928913555,0.034142019508330984,0.16877338815958481,0.022244684974591727,0.01707251425149219
7697,0.13667566625696653,0.09635878013201095,0.02378857650582715,0.03615745096124367,0.38517217009474214,0.16353323723918944,0.024293862961547716,0.4688836340882326,0.06267854972407336,0.06048073110251947,0.010941823457443559,0.026316381621918707,0.08404747106171617,0.0272428098555173,0.024512596718192434,0.06735911622711238,7.373398995595079e-05,0.18460578549357623,0.058262110884319596,0.012319628111545805,0.01860002500446909,0.23853605685294813,0.029800969568323486,0.018386119294219093
7703,0.1369463663941442,0.1189037986869811,0.060735450301298816,0.04566486542920574,0.3905858719525166,0.1396866736276756,0.4315041819036544,0.37620329616000303,0.06406020500847256,0.07238205293743434,0.011057071666313131,0.030038082183545575,0.09318867286952172,0.04747694276008214,0.024512596718192434,0.061691180053443144,0.0014415823762732763,0.14762944065423136,0.1186732764161766,0.01139985904527719,0.020457282780688875,0.19906906174756198,0.029515233302764333,0.017671913710709614
7705,0.2637566200639864,0.1050820536234676,0.0220957743762066,0.03055877935008425,0.3549703980919675,0.2923659227666555,0.01865773451144263,0.5091330954139616,0.0633629051869204,0.06454911470284158,0.01432492571259864,0.024212514612917593,0.11071401117022495,0.022388189602021314,0.023740562186850188,0.14361324648861293,0.0,0.14710609049874956,0.12756466574865516,0.015194981180677245,0.03140785774450372,0.4081856613899654,0.02388704091239992,0.03902906596246414
7710,0.1545498924534005,0.09338785975997217,0.022303603218322112,0.031061376439366364,0.3832309145032183,0.1308593346727833,0.05064417114434468,0.4480834382418766,0.06193384658352919,0.06318431206274402,0.010409845830218499,0.026060297935736547,0.09800498960371691,0.028514449460810797,0.024512596718192434,0.062228201545192284,8.67947437800589e-05,0.15492179834522887,0.0650906319443305,0.012513308399678055,0.019807277917893877,0.22525090937533299,0.029745138629695977,0.02043744945098485
7714,0.1139270225923288,0.129007651776797,0.02580227192006595,0.04030726760494112,0.40896671806300156,0.12414029313263673,0.05064260275122665,0.525072387252821,0.07434109158932813,0.08169347194821588,0.010578386354376197,0.02570629339401563,0.10519324431484817,0.026902077483145014,0.024286063120535908,0.07304084489893299,0.0,0.23786419492190977,0.055231009064605326,0.005597011381489891,0.03202001580318224,0.20745473611831977,0.02398229286715032,0.019966669182107707
7715,0.1518431638442836,0.11715693805515055,0.02087373741544626,0.023504489707563407,0.4421072016798638,0.12594444267265348,0.022137317532784,0.6814500719721243,0.13885021261639088,0.10976188028737294,0.012096548715943033,0.022360212948402864,0.06612418014472508,0.03462690641682685,0.04512737517995533,0.0699405934086784,0.0,0.33613028417673957,0.06763363045980723,0.01319996718177171,0.03252277785019781,0.22875211744918192,0.030309075538083083,0.02190483160017596
7718,0.11883716459955823,0.08660974813093754,0.02309215300433668,0.03714614041705877,0.3511762804597872,0.28838680791321464,0.07132762227516261,0.500891690103159,0.06272173343571504,0.06318481764501087,0.03874776606894096,0.02627795509605992,0.1154411851869558,0.03077914235505822,0.025149193131039024,0.22424039132703577,0.00014131491899444217,0.16306424250690132,0.05506028692913357,0.011516663093743086,0.019384286550125814,0.39929180173240375,0.02263076993665464,0.019003765980294022
7721,0.2042456616351499,0.11986524882799963,0.01967351623011162,0.03938913669784405,0.43408907951812786,0.14206539600166923,0.048284027059744924,0.5032874358881716,0.08540249525216133,0.06989876079760168,0.011622287985092135,0.029654450831416077,0.08963617237557552,0.03118469864370534,0.06485117600159834,0.06069325462347914,0.00018018018018018018,0.22379666605740112,0.057079185808636905,0.005196748319939115,0.019212532686858564,0.19379112734609127,0.037949110698584324,0.018669943801024477
7723,0.13253073394229364,0.09538321029550825,0.02089481182105466,0.029867837140859645,0.40162865199800435,0.13807662125872872,0.014934676244746987,0.5429374683407516,0.07323742200905171,0.06521746299813576,0.013407538270919927,0.03793027672101626,0.06795579180140118,0.024275052666573784,0.024446388037419692,0.07013301025986961,0.0,0.24329145133705457,0.05243033762080891,0.003064381767291808,0.029118296492029,0.20556669413322337,0.09034480473614007,0.037454660927959946
7725,0.16077421493557675,0.20967440332084267,0.026735221172667578,0.04121203491091857,0.3839325380784821,0.31871538646886327,0.08268433471082581,0.47628986268914697,0.07235575542147449,0.12870699522237358,0.01111839507211767,0.029002823905396685,0.0898507216018275,0.02949786061451301,0.024899090393813435,0.06256664194007974,0.0,0.16510693229024237,0.05878949842472923,0.013168883061186593,0.03627060298781651,0.28280208697912185,0.023056938963880978,0.01785972100501246
7730,0.12927056769492956,0.09082179700092415,0.02385709072115218,0.06600509101164512,0.3800813597409005,0.1283985126373178,0.1766437129356027,0.4602339588155415,0.06395264052180083,0.06376276639529671,0.01050705951390914,0.041086771280728664,0.094876099396628,0.03388407024545712,0.024512596718192434,0.06075244192370977,6.173247372222356e-05,0.15700521536189652,0.058401186516327135,0.018093559193238743,0.022001700223047947,0.1924551596199132,0.024611358298772475,0.017642058584722817
7734,0.09705228461798864,0.09535183770234712,0.023139151657747173,0.03416172397865516,0.40929629881423923,0.11649564491600436,0.038026700485648074,0.558620556139891,0.06859024381796408,0.0688414814286916,0.010485413814349647,0.02512330058844798,0.09675217861736027,0.03561449633631416,0.03428244282068182,0.06693621172158927,0.0,0.4572647982567642,0.05723967621980257,0.0038573220789706415,0.01792603430906429,0.20015780076235107,0.020940403108713358,0.042593447043028476
7735,0.1179340913502133,0.08947174314457286,0.02574294215299657,0.10988333614173708,0.4981529000416757,0.14005965668786124,0.029832666991133183,0.5245713511607014,0.08888611405772145,0.08213417386569749,0.011657227167126421,0.027268275624740976,0.0897636877958574,0.023765544295806587,0.02885869146562616,0.11847912159786655,0.0,0.2228819251651643,0.05437880778163124,0.015191454974816925,0.03285985262274921,0.20781325308758958,0.03299602907555328,0.01837800388649063
7736,0.14253588627649724,0.09593530593189291,0.02882434697016297,0.035954526359595784,0.41052607234814126,0.20833942009053427,0.011930733119644344,0.553795864218488,0.09117749083276269,0.06813724353336863,0.012785950931981925,0.024914700182474468,0.09784514589730268,0.02175858651517529,0.025573890267538663,0.06715207121910166,3.766478342749529e-05,0.33302786278457464,0.08549969088219092,0.0032558855812329967,0.02787114021618689,0.2946030502571981,0.021398961794235918,0.02065528681296354
7742,0.1620307341129532,0.11401349678781543,0.02255630307834946,0.03162014930564755,0.37969167479585325,0.1262658957965373,0.035076964087567206,0.49006082805521933,0.06449020650867632,0.06573890706662888,0.014038818775191593,0.025955332187454785,0.09034316967746092,0.0259403809467559,0.04660593957650636,0.06714547175126725,6.24778250903582e-05,0.37650884419758845,0.06118318848182686,0.005952304871255781,0.021434410362698674,0.21187526779802504,0.022342773793346614,0.01735358449343419
7758,0.21717147677734328,0.19278620184092657,0.0316799130054701,0.06762800886204348,0.4829429239376923,0.22542706315293362,0.03388465505568517,0.4935580947071181,0.09272335250335095,0.12885246737699205,0.08930561350742398,0.024346712883056856,0.2291649458842792,0.08921343112101768,0.10641805635827405,0.16825519411618559,0.0,0.4095433245670212,0.195536417622383,0.010715834300254877,0.0816582562821224,0.3109267408794294,0.10831855335085062,0.08770263883792173
7761,0.09614390800165173,0.09211367980751282,0.016032338846288213,0.022861736551418658,0.44304592941352294,0.170231557214286,0.007652082278634417,0.5390597128464658,0.05992042864922453,0.08539492741033262,0.04540832816078037,0.03242304934359135,0.08184908057475698,0.02136161572526161,0.07189634388224113,0.08407075097850542,0.0,0.4610616140675289,0.06386558647591316,0.0013161642017919329,0.01687270552168476,0.20972904218303004,0.019615608698706207,0.01899623876289315
7776,0.12114590188056401,0.08897414853309611,0.025261971351333675,0.04863819197269915,0.45013441439440555,0.13750507537483758,0.007488644632196112,0.5893235050535075,0.07579568671041036,0.06777164388455559,0.012801239203261077,0.07198832889657797,0.06111398881597429,0.03741630181182505,0.03881920359819675,0.09282099078937722,0.0,0.3930138946644702,0.048093850478020866,0.003304837269429683,0.03987322827977966,0.2249130017454158,0.11173239522157175,0.018061914001100573
7777,0.13502586784945803,0.14404460770872432,0.025110942480054587,0.03861674265704254,0.3791986020629471,0.12340219938982439,0.033105914510884314,0.5081285691784633,0.06333836487844677,0.06481682445028437,0.010131175612303334,0.06102567895109426,0.09471894911920936,0.029322947374188016,0.039367170494701856,0.06159770222158782,7.458421548685594e-05,0.3064880621241919,0.05619935308070992,0.010752226284601088,0.02230231245524486,0.1804849497031632,0.027346781330976042,0.017820579438985133
7783,0.14138743350854002,0.09145716155598314,0.023621849220850106,0.047541133197303485,0.3639096544841578,0.17167683418698534,0.24057894388634285,0.4753023527288559,0.06367879058509482,0.06453046500949279,0.010166439497140689,0.0289342013060374,0.08488696040357771,0.13714601949708943,0.024512596718192434,0.06282741578357061,0.000574178770776693,0.14813043542162557,0.05861679206867515,0.01542261470812478,0.02081651053958853,0.2717128941649988,0.02408444212809251,0.01832035153561989
7788,0.10901121384630773,0.19594805117053127,0.019001827151357842,0.03254863586567638,0.4317851822097638,0.13406995064964414,0.01925372142612897,0.6736169905235191,0.10691238591334219,0.12467763743359718,0.015933196999528748,0.0615854481384819,0.08848128357526532,0.021394797670073604,0.036628819257525036,0.11124556459157567,0.0,0.37284121858206354,0.05764989867821685,0.0010748732177137466,0.06409770100113713,0.2344071268435532,0.02464545376216868,0.14011542876186414
7789,0.15644627567563302,0.10695001502174215,0.02699949620730678,0.04141598166442482,0.3219991131699831,0.1283963366712862,0.08733458544721781,0.5059771192956155,0.06385310891181967,0.06453046500949279,0.01101556154558265,0.04410838956383549,0.0815836250462664,0.03649472936339908,0.024512596718192434,0.061168176031919576,2.4813041662862895e-05,0.19239047203616383,0.05861679206867515,0.011978721075568091,0.021028768980082026,0.2012425413765852,0.11552922845659279,0.01974909266903941
7790,0.15662440535408154,0.11100509086957464,0.02296152321015756,0.052276272738392394,0.4103133197436798,0.14059319957624689,0.03842355827741459,0.5189948823915463,0.06362070924980118,0.06720071272897467,0.02866866319468686,0.02502839528604667,0.08953713053435357,0.03599712719739813,0.025997675159176645,0.07311960690391973,0.0,0.19544285835737368,0.0776473767615542,0.018126586242859823,0.01981729379221003,0.217266544306921,0.023034644318568213,0.027076650108115982
7804,0.12259307102638392,0.1258605153855733,0.03408021642284909,0.04836475025774727,0.3751360586924842,0.20967517297911062,0.011939537834403914,0.6456294940151542,0.09714105427086168,0.06552714662860336,0.04386339025306393,0.024768460784171865,0.12384719847223201,0.0462407258224019,0.02501105033074245,0.12794461589397424,0.0,0.4023106047312386,0.09371120048927754,0.022527782419923644,0.0227567044781154,0.30699736381254356,0.03197883988502523,0.03538247380806807
7805,0.22858724881448353,0.16719324085614043,0.02406776473494389,0.04204018313548556,0.3585619705102458,0.13580635792271298,0.13177639523394855,0.4320999553920982,0.06406561896015395,0.06445333569499645,0.01003925072746217,0.03547808162937093,0.1160553840574672,0.1433655249334561,0.024512596718192434,0.059932568745396236,0.0003484289037514451,0.1524446289134458,0.0719557074197124,0.01804375596231925,0.022316829209083816,0.21924292092674155,0.028390081182980767,0.018868390004215297
7806,0.13588081033515245,0.09083778106307451,0.03205619803290393,0.036677087037474895,0.3696893629272067,0.13650196728235453,0.047678457129933675,0.5734834013988438,0.0636772655291237,0.06481127832232421,0.023641408469835833,0.025690135167008455,0.0996303804388018,0.026465828755383728,0.027184127944662077,0.06781391305586201,1.447178002894356e-05,0.18637382666089639,0.06041003905480379,0.019472552316250512,0.020221655481904365,0.20948973252911737,0.023125293338005525,0.02252591269212877
7813,0.19787411329758828,0.13157075178492397,0.023580495136006924,0.05853995081590904,0.38141594992903355,0.12834711353249958,0.05184184360678909,0.5614250161909299,0.09305539805841903,0.09360988150740467,0.01225393231629851,0.026093479051270768,0.08937077599752642,0.037874240937059156,0.024208529830861938,0.10851146240046017,0.0,0.1788564550088303,0.06579249591196226,0.006829075715319346,0.029177477761491558,0.22641236908200998,0.024026536188345434,0.017998192142396032
7815,0.15183077839282375,0.09863396992657435,0.02150938784464669,0.03938141830534332,0.4472583808477787,0.11976404948437176,0.012951283327295681,0.5279885419613531,0.07510270961782457,0.07539741463545034,0.01236373450100396,0.022806612246816616,0.08860425145779134,0.0217897550446713,0.05902626980347254,0.08409678728841535,0.0,0.3845022329364175,0.04658999202916226,0.0071992319648662316,0.016862489016223545,0.22049875960104223,0.02165871595349548,0.02884467784889071
7818,0.20726661384997896,0.1206861393528233,0.03750711957941422,0.04251333860407366,0.3601924077656347,0.18383664280163425,0.025345079943954674,0.5512861690468548,0.10688568078683777,0.1006238007183617,0.05814046692716762,0.05936264341300475,0.06824849202880186,0.020533202373108673,0.03826289497083743,0.09874361523284593,0.0,0.31281532621677943,0.089675425742722,0.011291271286701477,0.07772122404050531,0.268830722065638,0.0497325797880362,0.03670536833230744
7823,0.18739148996957852,0.20795692782625305,0.02637075937087902,0.10750754162018791,0.3133392076489725,0.12134656615055478,0.08912734940586363,0.48377896752308275,0.07446190705958794,0.0762119359836224,0.11112199314694637,0.11021106814673028,0.18149675876277127,0.022219440963414362,0.03143170513023425,0.08414366176693332,0.0,0.24917025242887728,0.10007756233278528,0.014105655690726028,0.039448780004864764,0.2632631041777875,0.3235721381257261,0.04779429970675295
7826,0.19130992616591022,0.10933212414249675,0.031339253216736335,0.029848813921625618,0.34036024412988075,0.13518851801062748,0.026159408388182176,0.48192321480624967,0.06429416246861629,0.06956146548105419,0.012156400350897385,0.025529245445615155,0.14889419438639181,0.09925186635054294,0.0275439590373964,0.09570619362668191,2.188183807439825e-05,0.1619280676750793,0.10118487026826208,0.004416100476775912,0.019129077495972598,0.22887360824750885,0.037875170981166606,0.02981847988673584
7827,0.18602017737587345,0.15107316707492424,0.023517628643647745,0.029221682982257417,0.3718190108022699,0.1841693155180262,0.018374356357969995,0.4574352051088397,0.06844020578030667,0.06430952776265497,0.011830566337562418,0.024977156981893987,0.15511000018221865,0.026449560422465754,0.025115643096984747,0.08604637800331769,0.0,0.14906242274241285,0.09793777173419725,0.00739086073778158,0.030942649351428434,0.30072829911771276,0.04097026789772131,0.020838029414509966
7830,0.1938457379127248,0.11313026288710919,0.02190145047679803,0.03323954120128847,0.40867145534015425,0.18047806366718677,0.02131001137676032,0.49985342025623175,0.06475060490109347,0.0665835223604308,0.012530906146634727,0.027764941296076335,0.09054968928632057,0.02614427424351797,0.024643506245895334,0.06380631592480063,0.0,0.19550393870395016,0.07305833519637457,0.007861087798605382,0.021878588232734638,0.20269832275371757,0.02495043690566624,0.030258029308922088
7832,0.14029209419580277,0.10768365680764093,0.033443554493495224,0.07051756676523235,0.3420911318191378,0.1251253269802456,0.02295203268680559,0.5842037250606011,0.0902319543271319,0.10002998934679866,0.01203661547347272,0.026918999267159332,0.16245278299036645,0.02307246319367372,0.03604896687815217,0.09314598696748223,0.0,0.4377761740260199,0.07397904313146465,0.00438872276145033,0.028644867633057017,0.20781899288480943,0.03855984969679047,0.03789345538119261
7833,0.1406356416022667,0.08967089657743096,0.024115749869840303,0.05303406902885557,0.3892051025480518,0.1269788440796298,0.1354932416425538,0.45038976814598775,0.06406561896015395,0.06354382983928283,0.010200950126792422,0.03472597087654543,0.16712422621470666,0.036448545176985966,0.024512596718192434,0.06813989260434129,0.00034849033072512905,0.1445211533762193,0.09764738328631946,0.01683382704989759,0.021915357719152935,0.20511479245956618,0.02863927105404906,0.02385404366525937
7835,0.12133380613589193,0.09546124080885013,0.022390249678606356,0.0524915885450058,0.4209295026195657,0.13379349035717192,0.019423662297159066,0.5709952573728989,0.07676045100128065,0.06552423705954533,0.011574775957757768,0.03516511060803301,0.08853941728089137,0.026453235445717413,0.024817219823723854,0.07138656367627509,0.0,0.24943420597734886,0.05007829406096508,0.004540652257088226,0.01903461906365848,0.23808654882699065,0.030588007022307125,0.018704905605280125
7842,0.1372278529812785,0.0992660679398443,0.023986950120087537,0.03486059821988521,0.3645524511932275,0.1360874194852846,0.03321554233312219,0.49057367111886335,0.07241409964077575,0.06606311562688497,0.011788076737322448,0.027635873457767256,0.12450816207037783,0.022769126792994813,0.02404402215636414,0.06741084877933412,4.800604506141463e-05,0.15405560171345672,0.06305234225201711,0.007929756613669306,0.02079280388803736,0.2086659582876854,0.023561676109708843,0.02922321038643908
7843,0.20137348944574895,0.08970844394271105,0.021492539378376346,0.025181238976499362,0.34826067273304373,0.23843725534651028,0.02672119524361539,0.44420163606327073,0.06076896571520625,0.06474117041170982,0.011860057426637679,0.02257347357527006,0.2167746650306565,0.025884646855482068,0.025610083470729413,0.16540690264219632,8.947825493008597e-05,0.1608101494207179,0.06748329177504511,0.007220736395818061,0.01853441406754107,0.4675883847667025,0.021421270058665152,0.02106781549092213
7848,0.13070423059415703,0.0946538878899952,0.0411447852305682,0.031475851838926025,0.45202446133264806,0.12801280792849493,0.04663358289229871,0.47675441028044846,0.10646864841478619,0.1205696484054795,0.010073776343316874,0.02531117008848149,0.15301729797580146,0.0390898265386922,0.024012998646987267,0.07016490606960982,8.984704924551505e-05,0.20655361928262728,0.06248245722605121,0.006772433918264761,0.021656206357777506,0.21540529706743566,0.02500912561421713,0.01764297235996356
7849,0.12986088108366464,0.09576101701368342,0.028111125892979733,0.03933586882567963,0.35150325402729193,0.1257193322988489,0.08917359455498558,0.44885611247506696,0.06272883494501594,0.12075025575808297,0.010054041407539922,0.027150628028115756,0.09009004767254705,0.029928044074561268,0.024155153592833004,0.060860125370252545,7.142703585862929e-05,0.15043865656448102,0.08499166988156917,0.014645212219719745,0.01960712578931186,0.201178846761682,0.03038731910704757,0.01996380303831595
7851,0.11269797342554658,0.11851621886112179,0.037298907828686494,0.03664634337409039,0.33550567775955215,0.23847308587044386,0.008965379728989633,0.5680339116348088,0.09965149999169819,0.07541038766926905,0.07919696106765375,0.07825977793538424,0.07601708564496185,0.03366825380875863,0.05682369947093038,0.1666830778691598,0.0,0.4082501809267514,0.06012401560254133,0.011427702957571619,0.01925762226099511,0.3420902874545353,0.11959381107042023,0.029813102554247274
7854,0.16480993091135182,0.17747424522818558,0.04314742922678132,0.02922185829126343,0.45162578753154414,0.23679457006785454,0.013467375170751712,0.5290099352608032,0.08451159615062753,0.06544060006973404,0.013421339250497363,0.027397950043884674,0.10042472080523257,0.021268473427705093,0.027504237744635875,0.08298033204020512,0.0,0.19953919062132833,0.06931417569826559,0.0055778546245974425,0.06030155221305341,0.24012759703177708,0.02250947620630353,0.04488572975450328
7857,0.19139668012607872,0.23616652114335845,0.033522992113752766,0.031897528678525446,0.43541731552235036,0.12801695363979587,0.015105170817384168,0.3007699523156966,0.10973890473045023,0.2077574654281274,0.011339613864278938,0.024706037228348524,0.28473872183539045,0.08481409351022083,0.04191241862170569,0.06976444614263244,0.0,0.22196265353552014,0.2905345460384083,0.01812714897120647,0.02109250762294736,0.25296140354981467,0.02643400305365441,0.017220893016899486
7858,0.11919364083752992,0.09494095038024442,0.023348800384564456,0.038980686854354074,0.35958934600873155,0.11975362632670926,0.12079784436209891,0.4616572153824496,0.06283824217575557,0.06458638017890374,0.01014344541522531,0.038440159434953755,0.09489117031362643,0.034720490322438034,0.02747778648155481,0.06074667470112271,0.0003396077452197629,0.2370512815665604,0.0575162354732679,0.01605896650770108,0.02095642366896082,0.17581968751264587,0.028282922154704838,0.019642894331298944
7860,0.09434701796769339,0.07729726865963606,0.020952863881724203,0.033930917040507526,0.39948553135907683,0.1246370591594033,0.04681364213524268,0.5799427129245966,0.061898966621516144,0.0762777096420551,0.010661542056544293,0.022314996062091898,0.12777490014012108,0.02781876565934057,0.025453816236570444,0.07081566744096332,7.142703585862929e-05,0.26918808307517295,0.061187784696164566,0.010164874413913035,0.01708296784812082,0.2117889270813781,0.02075041692636365,0.018020405792329698
7863,0.15676270226087005,0.10130252407244475,0.020381540305015176,0.06853168608938735,0.33752531031394845,0.15771699006805587,0.10863102159135768,0.5233720615574323,0.06311628227484442,0.06546635992753423,0.012392548977377751,0.025740698413035622,0.09326743956799532,0.03809526198758613,0.025230848390382653,0.09372831253502235,0.003333333333333333,0.1580404439657634,0.06744200334621564,0.018473898677074368,0.030555304286642944,0.22350928951348045,0.023978468821979265,0.04774500479227077
7865,0.17491932301257504,0.09260143138342118,0.023755249828887774,0.03940103004137602,0.36800852349684704,0.2366905592967999,0.08250195501558905,0.43959470320173444,0.06436323502953925,0.1175025471589292,0.010087144342955665,0.029755029903974637,0.09815364934295533,0.03032306655600612,0.023829991084931983,0.06276678621176743,0.00046858280608336867,0.15159744072554002,0.058726463246133245,0.013525665473511422,0.020544711490244574,0.21995792166865447,0.025124973307545637,0.025278044383936257
7867,0.1624636299437386,0.0960170581921077,0.020460471766789636,0.04963165037345097,0.3950430496416948,0.1610436228552485,0.03880911025441846,0.5261394210433692,0.06390957444745102,0.06445509725680347,0.012315717088584392,0.02334757190384571,0.10141639380542758,0.025126871084214478,0.024348877861502007,0.0882594980050733,0.0,0.18035254966194242,0.056312860876408216,0.007596317769707015,0.02325051355507107,0.23695739508691918,0.0340681737025545,0.028370809271325303
7869,0.20688329511798856,0.10480627205663154,0.0208656961403144,0.028421997946152494,0.32456241536667557,0.48441971309014115,0.01650065082442149,0.525446289364498,0.06614263479340358,0.06861345400571113,0.01983530514935655,0.02285758565949251,0.15135938720356612,0.023858669253366754,0.029731185412912753,0.29889891546649755,1.5037593984962407e-05,0.3118764071240503,0.06168888302718901,0.002479628393211493,0.02407451038716912,0.5721846520918465,0.022214749835337493,0.017977670564089224
7870,0.26629613322494833,0.11676844677973269,0.019400551879221403,0.03741049332451552,0.2859635069312773,0.2703800025949395,0.03661262073084068,0.5649064534444631,0.06419451521944185,0.08361587533254652,0.038343028072083014,0.050474460151042885,0.11210046376735745,0.023292339044229986,0.0248480183916794,0.14507087049732484,0.0,0.26457605056649114,0.1037277765859368,0.02427495167972203,0.016603471415176974,0.4023365383785744,0.15871516076707817,0.02815680944939994
7875,0.1311423508074318,0.10497814058192788,0.021895978116808403,0.07459723169628987,0.3731106693518036,0.1286350810082596,0.06678040107646657,0.585908360483069,0.06760319281121188,0.0649322393777863,0.012284119789419868,0.033688372589598656,0.09665868029138049,0.09806075756736492,0.0308661349767532,0.07130609014621025,0.00017543859649122806,0.2797488487110731,0.08916706569549544,0.005415008382714284,0.02926901577471208,0.19202835333760512,0.023242207817415764,0.020045017020218204
7878,0.0963814149117167,0.08329262405019325,0.032570117781960645,0.03387183264571136,0.4500252219258509,0.12639207186369103,0.021249553129388504,0.5446171291372086,0.06343712905674609,0.06309360378294093,0.012413875414727436,0.021964648380708926,0.10228756046669885,0.028130967992474224,0.026368788535640744,0.08298064204618345,0.0,0.2736919840993279,0.04990121703257769,0.007399857119147983,0.0185404030242182,0.2132155197678626,0.021320613926915314,0.016047260944883467
7880,0.13901217652297643,0.09534264950078064,0.021224621126809725,0.03364643972660391,0.40895306392882086,0.3012213990381015,0.014006604806183254,0.554158807149294,0.08023671346157119,0.06985652797816531,0.013194468500326273,0.02353106542149308,0.0957970198904394,0.025867179855670153,0.024508550280019546,0.18601054299650915,0.0,0.21846978505503212,0.06451440545946245,0.0058798170887091735,0.031917165926413346,0.44360013874400017,0.020949503037130376,0.02114357669071286
7891,0.10532003452163105,0.0918089739519105,0.023854685697079187,0.02789959329334543,0.3373250257576288,0.3484210937668133,0.013647136154621707,0.5176536977020545,0.0777942722011644,0.08609061158528457,0.022439865135505176,0.022030360000570105,0.2653353038893235,0.025287452159472593,0.027959093850651137,0.20955054663657458,1.034126163391934e-05,0.28712881697674697,0.06591785636959262,0.004739107176531722,0.01895754517422068,0.43349541529578695,0.02585378625308989,0.015939871793161472
7892,0.0996629537318918,0.09533402999762056,0.044234546221913335,0.035369374837462046,0.4423627553230656,0.12794332502087333,0.006366771059268477,0.649488012122224,0.07244368894871965,0.08843723329882977,0.02775166908849238,0.02138215412655002,0.07925363091172341,0.02204530200006634,0.02571700629744275,0.06739122523568075,0.0,0.3919818029325412,0.051175775850844145,0.003080799655066086,0.020626643952042185,0.20435331105618582,0.02097799897612121,0.017425529638457
7896,0.1392676044529651,0.13250564638680734,0.04050127697656614,0.05661536700288268,0.6024507263139415,0.17628830433265552,0.01945270112901599,0.5633699299223108,0.07304849363082769,0.06630829367251719,0.016180370406687624,0.03960930053590399,0.10229573877394696,0.03486764554738292,0.054325554060013055,0.12889638042579646,0.01,0.17430949223508246,0.058488184028589414,0.008536351219442124,0.01934579077099592,0.22117568569255155,0.03351261245239691,0.019014941697798732
7898,0.10304100491953783,0.09819533282922858,0.053224503923213415,0.02812838817590215,0.4201093266163006,0.12650405992341385,0.01928797394584454,0.6021350558252897,0.10151032217009394,0.10014565686618536,0.014883682838607915,0.030588011145198945,0.14611023864938683,0.03307880762260098,0.025005041093560255,0.08256162772087318,0.0,0.5004560233383372,0.07585672016134894,0.00911425878822534,0.016284017700517427,0.22687173188939252,0.019950616422627184,0.017169950917873798
7901,0.16512576804782012,0.1131140064336305,0.028432524561280457,0.05083926887901688,0.40551071760597845,0.18014085993812085,0.057150874364417355,0.48793144733396987,0.06883799357078624,0.06517176748196175,0.010875254930926942,0.06746453695241175,0.10818943611218869,0.026197938551912575,0.02471576979381453,0.06343041928147163,2.5378855618881745e-05,0.1546370093269479,0.09338261602764973,0.00950273390337504,0.021748454054447294,0.23443784896480133,0.1257681503458345,0.021192931374614705
7902,0.12849979327961683,0.09583123178651883,0.022375890552113416,0.03556726507669701,0.38075617231927217,0.13016307249689993,0.0365908953139469,0.509879444755673,0.0739295744901046,0.08564376103090247,0.011496740317893404,0.03597827238858397,0.1284561264279204,0.02730777267090696,0.025888433215005807,0.08167036513649183,0.0002847096188747731,0.15709333563444072,0.05615363174071519,0.008778075137398528,0.02102861554299236,0.21751667057923296,0.029719965269743773,0.016880788058050343
7904,0.14401480683715953,0.09728021088355294,0.03656502203168677,0.03707476555930962,0.37091907217351133,0.4325520576013875,0.07696875887529109,0.4035285851609271,0.057877777783010995,0.06315078169491423,0.01771219752636739,0.026270243367255794,0.19348950119097474,0.03209222115572141,0.024243882706676118,0.21552991773508598,7.938468573460422e-05,0.14043465226396468,0.18998788778222067,0.01541818479465891,0.018494087181733697,0.49131812378454526,0.02239750235493982,0.019499786723674906
7906,0.1586232694218888,0.1396006118910157,0.03713492956580793,0.037452598840788755,0.4057567298069912,0.13874650578341685,0.06487328313943529,0.46166936845157885,0.07438148596951905,0.07122489786951057,0.010602926063683365,0.03661287157046314,0.10029544695675403,0.030715793986717775,0.024228265199741132,0.07517826703926787,0.0005366570511076036,0.1626909427463604,0.05972433359495478,0.009864307957054747,0.04144352067594878,0.20517741427900532,0.025265427218120556,0.03966155828735755
7909,0.12869950604681268,0.08691345036643212,0.02410517299563446,0.06558315130649028,0.37122267198007863,0.13735913990885731,0.16952609996600299,0.44762206124215764,0.06365502445241553,0.06313033653319496,0.020554851375098285,0.02862934147991252,0.09124113187694409,0.035175327959044614,0.024512596718192434,0.05992618414327595,0.00013893130723649776,0.1445211533762193,0.057882847114546714,0.01666142849658496,0.020592244564483206,0.21226829240951153,0.027487141099645084,0.018679284256983286
7913,0.1211232095660994,0.10638305008389455,0.022348921413780035,0.03781971213545087,0.3991767989486097,0.15049579428919863,0.06171213989574139,0.5635830594052219,0.0702590527917443,0.06772153542110855,0.012545804750492153,0.027380583281212414,0.10432233525360925,0.029874790708650102,0.04500813521856076,0.061548709826782025,0.0,0.1504183887626881,0.058810159647304065,0.017352274133338338,0.06387011839368313,0.20126306272998168,0.023503293622712834,0.019884656825503402
7916,0.12371057267063797,0.13122809547199576,0.019930514102534366,0.0296459611167768,0.3064908231604574,0.252215102470551,0.05549736748347507,0.5923831239623585,0.07900886202608218,0.10401993722342663,0.01415191166014808,0.04025630287391234,0.20963087769863456,0.19012959192223303,0.024385296818509174,0.211685826872064,0.0,0.26529818484089296,0.08323295344374566,0.020624386152078976,0.044124114454197026,0.31317639101455497,0.0778268310762113,0.03687061397717278
7922,0.12935130220040508,0.09026706819391414,0.024508670435948125,0.036541446490974405,0.39962526512013286,0.129430636026618,0.058440957721430056,0.4784591594694934,0.06543440494551937,0.06760376696009342,0.011051216725292521,0.028052701141890953,0.08954794413115243,0.026459590498269753,0.026338964879086813,0.06104886710410607,3.189298577185037e-05,0.15712736775331643,0.05861679206867515,0.010908318156088965,0.020691628242387947,0.20266019232742952,0.02874782545693802,0.018274229251303252
7927,0.1415102280390598,0.1364134892225503,0.022722606457363775,0.027045877201951507,0.41312354382958927,0.1266423663399668,0.027859307999361992,0.4304356587420297,0.06430489566819539,0.1354947044650303,0.010940367460695176,0.023058256369310342,0.11218579404496058,0.028232826914337948,0.024512596718192434,0.06867777238791573,0.0,0.16053561197439262,0.06765606349868816,0.0059726789949938516,0.032414716852259454,0.20623795603272776,0.02433378627374346,0.018742230791557405
7929,0.13051809610300777,0.08907935307691775,0.02360973112423898,0.06855902024041885,0.3763695404968259,0.1293870610226864,0.08735637191333544,0.4873839214680359,0.09034449884622381,0.06350062820570807,0.011046018145206697,0.029782187609427576,0.08236662919559992,0.030301327984333493,0.025251566029990468,0.06103207115286157,0.00011652935756766156,0.1477747042186918,0.06135223152451417,0.020591991344052082,0.021966122750600656,0.19617317850807864,0.028126677691133643,0.03779040593578055
7935,0.10471959986148051,0.18039654322609233,0.03300978849624395,0.053381575166493646,0.4658211618432649,0.127809463214533,0.0313682550825558,0.5564813295844743,0.14188511667621526,0.08305173179218187,0.03434220833046512,0.04839808684547755,0.08401479797764054,0.06695681674254757,0.02601763270373791,0.09828194413179733,0.0,0.2805953515050735,0.07493642455911659,0.002904705986195617,0.297017098779384,0.20745535444490582,0.029655906937698907,0.014698672661036204
7938,0.22743702151565628,0.29538040268881605,0.02276836017485929,0.02888107583269698,0.3457296702167433,0.13093806679256986,0.034430155922311634,0.31365147207211713,0.07024414101388815,0.12399793411139934,0.010475655169633405,0.02492463592630355,0.16881505294747726,0.02328280142512281,0.02825214988896176,0.07587191016238994,0.0,0.15570517444974993,0.5327784739417892,0.004379281016803372,0.02037841111720524,0.24530163239959957,0.025855502230352226,0.020108344381045477
7939,0.13318994739776768,0.09753128431182409,0.03480818921379,0.036437974632622924,0.4533587984942705,0.14466659163070916,0.10084721957389496,0.492061578392876,0.06416011652779424,0.06550653967434676,0.012192361120576412,0.026624502746656054,0.12187582761129324,0.02784860145994077,0.026223516322139553,0.06272297977155343,0.0,0.15127457040645248,0.06982258711120393,0.014808930773151483,0.02090629336647896,0.26100395520651376,0.024322513519489233,0.019758139855292362
7941,0.18474100459333362,0.12590587842927756,0.0399524990754111,0.05965376629063691,0.32389498635730357,0.2524894853364239,0.10600627826767034,0.46289577469153115,0.058192051436514215,0.07677469970459097,0.01753091162501403,0.030161494581528323,0.10520095280412838,0.032059622985996974,0.023577585488903253,0.1055876696607822,0.0,0.14396131970287174,0.06093386650658516,0.02123036461528137,0.018711564443571815,0.30120589595431335,0.030250949321552544,0.04708759130459706
7943,0.12906295886873928,0.09369411459990205,0.024355866852809646,0.03876615587660816,0.4128377933389888,0.22300548633689712,0.06532929398092507,0.45161316995205847,0.06493419767767993,0.06404305731647364,0.010307434542383077,0.0274709932675735,0.09463242960944206,0.2867895991571725,0.028526958230024116,0.061156342487610205,6.304363904637704e-05,0.14955958852924808,0.055737136719981144,0.017142664940491353,0.039800183320934435,0.22044160701537804,0.024045930509366292,0.023806307324300384
7950,0.12326490172338572,0.08767022878131604,0.02410517299563446,0.04416844038184841,0.3564769188708379,0.12626487143776996,0.395500685061493,0.33460541534007043,0.06406561896015395,0.06453046500949279,0.01014344541522531,0.030357547341841994,0.0923451346976265,0.04833815994024903,0.024512596718192434,0.06052535247925379,0.0012665726999320159,0.14102643249216623,0.05888860551780309,0.014866601458651414,0.021554782258674767,0.19360095821355205,0.023926458842678168,0.01880978628292469
7956,0.11490597704541713,0.0843430158509283,0.02311547394907818,0.042713568409359796,0.3464002304729908,0.1276025064616213,0.07380774573167503,0.5198400845108351,0.06483265648875493,0.065326251853839,0.010941612711355457,0.027103574080033145,0.0974176469771876,0.030648394827277766,0.02460398781016514,0.06524127407039737,6.339272832203145e-05,0.1830682160485015,0.0534709782563478,0.007528614408968003,0.02237544904576048,0.20192782466942438,0.02247309379581528,0.01928970577667741
7961,0.1101543707338897,0.15751905881560477,0.040843454234783444,0.08183763999573959,0.4379558895793501,0.13956046635325806,0.020173657788291485,0.6484703830344128,0.06978995537715561,0.1038264232803941,0.015248096877462737,0.08691350615317793,0.14365950317791115,0.022467275635916644,0.055129156080762964,0.12189577606201993,0.0,0.39457347778544066,0.0722132485380687,0.0014104460812659062,0.1570927909750225,0.2412535337391359,0.08674658803822637,0.027219933752632496
7967,0.1599167733708006,0.0949550923353437,0.020787813682437026,0.03266346934554674,0.3968827470527344,0.2429975250504627,0.040606064726506255,0.49189832540202616,0.062063849666284955,0.06734471335120534,0.025662497215454317,0.025518369722382563,0.08518785974882027,0.02379165778188195,0.024303431030765873,0.08901155334261902,1.034126163391934e-05,0.18572577302748713,0.06429714225110818,0.007089390766185855,0.021316127509179775,0.3043898665238281,0.02299351423148283,0.01845442425027704
7970,0.13829415462426697,0.09980694539366315,0.03298441334718818,0.0336830633702907,0.40557218362718855,0.12533792903833094,0.03118373008237577,0.5337225457791478,0.08142456037636257,0.0647895468928655,0.021542810443574787,0.02575653627605423,0.10296020218176005,0.025838835299348096,0.04815638604086517,0.07188984310349456,1.447178002894356e-05,0.1604035419224663,0.09448970900025437,0.009115446373438982,0.018985540812397707,0.20268430417360522,0.04694915954813784,0.02859752279243607
7973,0.2261251026633068,0.15071414492110105,0.04424287748962549,0.04784938052038388,0.3198247483390623,0.11254625003194307,0.034469920618945535,0.6033864651551376,0.0609801754087194,0.06770660145742528,0.013148443801632161,0.037482359051930925,0.15300292552937944,0.04546067351413699,0.030202597240452666,0.08107985508052028,0.0,0.3111895411664951,0.08170020688173592,0.00656758073424074,0.02266408786379667,0.21121358178628535,0.06771068643885302,0.019881297665636743
7979,0.13492660884552943,0.09226605158103687,0.023017652998221644,0.04201155400070388,0.31806453703631904,0.24429245421561258,0.13503696732370557,0.4436793968626469,0.05761752419766547,0.06445333569499645,0.017291475000087972,0.028033780756895048,0.09423375688887935,0.03279915927481611,0.024243882706676118,0.11776589160866839,0.0013546970894544187,0.14723772799633902,0.0630120274764348,0.01638760673760126,0.020513885757639138,0.3137125268959813,0.023923421213852724,0.018454665032032903
7980,0.11800391020684359,0.09790975565537881,0.0165382507209812,0.04947829844008111,0.42449857868041474,0.15034765344082476,0.006722378707677567,0.5990086805306011,0.06857318252337144,0.0653916376629603,0.027528303334965577,0.020637473681046483,0.09517366364141715,0.030837556975075366,0.0529916033843525,0.10464790686387042,0.0,0.5780779574064568,0.05068246562531677,0.0012219123271632983,0.016792278840605867,0.21145509312128294,0.019397220850977073,0.014904696811220877
7982,0.16658459405484216,0.10923123650380404,0.021594588071342232,0.02623804694042239,0.4633416084916124,0.3430195115120731,0.006726756314149136,0.4621360802256545,0.06453679861333868,0.07367348002018746,0.011817805122007807,0.022441997351227993,0.08140576575102006,0.025265361906886063,0.02679154086081595,0.07459170565028123,0.0,0.2023693807072933,0.06477806795911963,0.00975661115857187,0.10897485729285405,0.26514648584297706,0.037487831344938535,0.03000929802377683
7984,0.1906135806965024,0.15674528831704562,0.019215852533336672,0.029530441182474814,0.33390108768006127,0.13687648556075543,0.03713364814923765,0.6067520282788313,0.06873257531928392,0.07436856845897968,0.015627732082206188,0.03982031387699569,0.1067782321702715,0.018355469811243374,0.024768679098952105,0.12489128993027472,0.0,0.2716073478347261,0.07576393165531595,0.0019313145561988226,0.01747538196972023,0.24368172598236704,0.13270679705094438,0.02766343650049459
7986,0.1775485404526595,0.10706630862251924,0.016706760957242325,0.08286571032548444,0.3779485828697605,0.2697399915655467,0.025858886290756607,0.6573520099529646,0.05853746465940336,0.11023747816127157,0.02441853663419107,0.020863733004679412,0.1605879097239327,0.018023277765115968,0.035031226520197016,0.1859892602289236,0.03,0.46701256343426073,0.13895240477224388,0.00201526819409308,0.019332023397516444,0.34008960545289063,0.03849408052500995,0.017334270725173
7987,0.25378009737636803,0.14660348617880284,0.024043418369606523,0.03371016932508051,0.3191619485563065,0.1485290094106377,0.04097859121021849,0.5499864131071246,0.06607983952552139,0.0657391202622946,0.010632543656291333,0.05282690106938601,0.08569660125208452,0.029895557798832004,0.024973487057882823,0.06284439803177846,1.5037593984962407e-05,0.16597656815546238,0.07953520070039635,0.014853536480181251,0.020712738036638995,0.23837288359826242,0.1325495652292171,0.021942157497596714
7989,0.2349222299259194,0.2938128122902906,0.024221988668748515,0.03087709780636278,0.34874504661032857,0.13124457730883946,0.06932340853194693,0.33329141319312655,0.07496573926918514,0.09248501502835853,0.017743551873489923,0.029669886800683214,0.11052522671614656,0.027900749043043217,0.023678414956077455,0.07215624272198407,9.36544756866911e-05,0.23593084261984626,0.5216458757259268,0.008867297051874685,0.02131871835997745,0.22855935420807738,0.08154512551737123,0.017645001252967613
7992,0.2055195798410725,0.11471032757144954,0.023521821258576093,0.039605018413019194,0.3675072616615247,0.1486332759400406,0.03996221521804789,0.5027456536055925,0.06646875712312532,0.08146339019918385,0.010439508231304628,0.05415046025794509,0.08640300083866562,0.027412680738990253,0.024862977405850178,0.059967806935594704,2.5378855618881745e-05,0.15407096988593988,0.06079168025897172,0.010579381912648582,0.02288306010784015,0.20222273113990774,0.17182874226975925,0.02041131802252324
7993,0.10983581218248326,0.09403751128595149,0.023995994007275416,0.02924050634678775,0.357821428424353,0.11989242333724132,0.038380611808504765,0.48481415330767885,0.06211702062013836,0.0953899940286776,0.010703595435104091,0.034344276348620875,0.2898951780331272,0.026597386602089948,0.025504597451377346,0.0641785672741989,0.0,0.3899827775976759,0.07937071676961124,0.007711435175994371,0.01760380022327198,0.19409493488440815,0.023444512119800164,0.020053731223553237
7994,0.0733135843892986,0.1119095933988361,0.02949804584988066,0.03132441603908689,0.38872182748496903,0.11671995371359367,0.00881792274509466,0.7088018947987988,0.07623727286035571,0.09427834248458725,0.03465325104277875,0.03965671478540375,0.05867465072151487,0.16198245623316074,0.02684519484800721,0.09389373276085414,0.0,0.5437308377402971,0.06674008547935807,0.002607373292871993,0.060060014947415585,0.18003055325932457,0.08294436949101114,0.019824956386381286
7996,0.2728773072596827,0.16563292967257223,0.02183469088589636,0.02774677056751039,0.35518280819149184,0.2798974949880177,0.013821983657935473,0.47196687676232657,0.06462465397968509,0.06929257492776503,0.03559777038107151,0.02370167603444692,0.1475102906199228,0.02120729594319821,0.02588652891132762,0.22413858059258754,0.0,0.1830223388395851,0.07472519799211107,0.005565873620791472,0.021378311023131258,0.47582475675822244,0.03743023245458317,0.020833522177671614
7999,0.19778509516947745,0.1523225700150427,0.025124194785877286,0.05249148989383081,0.42051507971562335,0.2542791770676846,0.03174050867661218,0.45107950166797756,0.06431541793623063,0.06760263426834777,0.011357150969559441,0.023768769708982878,0.13764208879641374,0.027089532604062487,0.02901597309127391,0.09036910042903751,0.01,0.16213024900894094,0.06513902261367721,0.008522523501459218,0.022234919131711228,0.21107692154472324,0.03301209412177256,0.06716750316992595
8002,0.11065391993034272,0.08828754058770727,0.024264843444652597,0.04522928501633452,0.3845703655196872,0.12161167456509007,0.3818338948956855,0.3673639694235677,0.06967062036184074,0.06631892458605596,0.009997915269695162,0.030220867893577162,0.11240545638076048,0.04504050432519512,0.026700239704008033,0.06074667470112271,0.0011509617467589364,0.229477495549086,0.05703801916068997,0.014942460465586133,0.02095642366896082,0.17123541994547595,0.024045930509366292,0.018543695815693585
8004,0.12688593586850494,0.12860599759534877,0.03205838505337823,0.0299824734777416,0.39978294109348234,0.13598577897833422,0.039394067580602765,0.5751544069026145,0.15682766617840493,0.07441336433768898,0.012497446267252252,0.02273273734764799,0.13742348976214047,0.02219233607197109,0.02534957752032699,0.07483509288869493,0.0,0.1701193470716935,0.06918759332782129,0.004350796159168136,0.01957988717935579,0.2390880113482006,0.022781990749820204,0.02293588687571312
8006,0.10522843687155048,0.09999048979351627,0.02165456049671008,0.03322367668240529,0.369648824871793,0.1255679633094286,0.01646489662832642,0.5481448198999,0.06672015739331313,0.06778438997843315,0.012149691893438872,0.02176758912639083,0.1384956118218814,0.023564668392763534,0.042821602496096185,0.07784153203861058,0.0,0.4241081756910421,0.07906138564445431,0.002644713564909775,0.01987857616278763,0.18826752544871603,0.023210517171832788,0.019207704624087725
8007,0.1226868270636084,0.08457863156024299,0.023276680150900075,0.03634136832400314,0.3632665589049226,0.12091462535140979,0.0166624726489056,0.5099476835268446,0.0640781954711597,0.06337937314542276,0.011320567685446632,0.03430195257691576,0.0858553581645676,0.02809457040936628,0.030920096246255798,0.061499365170171724,6.24778250903582e-05,0.4011259496570102,0.050687563150349745,0.008201463970651477,0.017419025146707366,0.19127849898563917,0.036065800575865725,0.019914435470689888
8010,0.12890811004661668,0.08921059868423747,0.024094953233532355,0.04157316703311035,0.4006695071467399,0.12849438746733097,0.10191807681349728,0.45077382651947595,0.06406561896015395,0.06453046500949279,0.01003925072746217,0.026994151143456407,0.09139834754294193,0.036816783216302655,0.024512596718192434,0.06074667470112271,0.0003861551141526243,0.15122856050279554,0.05861679206867515,0.01658655288991393,0.020786422445270167,0.20042543882039154,0.024045930509366292,0.01895736983287085
8016,0.13581700302102256,0.10038576534079363,0.024567951016067558,0.03823808248889764,0.40229674697489964,0.1297232977784424,0.06850859370615342,0.5191861274581933,0.0922252818810149,0.06361882894711474,0.010517143180158083,0.02677892356226111,0.09151010867737103,0.03299261938047143,0.024512596718192434,0.06202572822256915,2.9509374013905968e-05,0.14846566536774117,0.06105922347063306,0.02355067281905925,0.021020789317957207,0.2024483947949345,0.024856505299429735,0.02201592679076455
8017,0.1368967617808913,0.10775194317399105,0.02724709690736385,0.03388312394031014,0.45400153153708006,0.15846893007952487,0.14674398297276287,0.44087742249544737,0.06262493125916346,0.06312811226500793,0.011881267265577486,0.025454131963485702,0.09728318592098001,0.23120585020790105,0.03145115028812336,0.06382173319044253,0.010015037593984963,0.1564994373727468,0.06402754689414368,0.022981330975204557,0.021449604094636376,0.24104536146821848,0.026083831193272858,0.030166611091420336
8019,0.1437959829876906,0.11438854059389524,0.03064635706649704,0.05168850793514431,0.336558525308777,0.12196959451024232,0.1583247793277437,0.4618652002994108,0.0679887361607904,0.06718289429067821,0.010083492436882087,0.03021377819312245,0.09462818976091135,0.2737087599446622,0.02405258812273873,0.06297517061696876,5.6312784213043975e-05,0.1492336289299259,0.07071582786659347,0.011417507506157476,0.02228055378947528,0.2030430845651037,0.027586011259680413,0.01850385374409262
8032,0.3080960662680269,0.112871377383168,0.02072730784456771,0.027368865743635194,0.3655017537948863,0.5090303263511502,0.008566391251069056,0.46015407656772994,0.10517661722815064,0.10664653404272077,0.0787557362561253,0.02071020225733749,0.15383320398505326,0.030266999227197115,0.03340802178328005,0.1585891170215058,0.0,0.19550865590915387,0.07802752464080732,0.003144254731832127,0.018286469363154617,0.4554087290600751,0.04222395705681148,0.03796139809199873
8033,0.14970165323294926,0.09792367084976183,0.02265508625460994,0.09272164948298244,0.38968796737240263,0.18323699300925875,0.26983387303315526,0.4397335216526356,0.06265460748196389,0.06358572225912917,0.010551850079200937,0.051035079933645686,0.09351291815304219,0.08079624703222371,0.025091822516645493,0.06459450728307523,0.011111111111111112,0.19255246184702257,0.058896523091235074,0.02814553352958929,0.0236584504410477,0.21031010473571812,0.02465920548234877,0.019044784966883176
8034,0.16499836863592093,0.10190428022996496,0.02418438204014793,0.04782642008448334,0.5112120025637181,0.1220273822691614,0.053814154268075745,0.4679756406936034,0.08251940798162741,0.07824990379793774,0.01209614107560087,0.02775601123353855,0.13578661958926144,0.10812724180897051,0.04354736531897129,0.06141926317309983,0.00017543859649122806,0.16958943297245974,0.06477702838874295,0.008444268562179934,0.0205439615264572,0.19192119231232574,0.028289625765935814,0.021246452795373627
8036,0.16171566303070456,0.08844381869333759,0.019759436469186546,0.024905236186672283,0.3930446162458244,0.19749446937179865,0.01119062695045661,0.48365167768216805,0.06357176708567151,0.06636132646236527,0.012060051188092762,0.022562974247984428,0.14102788223912202,0.022660382978754324,0.027091055292377205,0.06939247247689885,0.0,0.2361469500824372,0.07800890879068008,0.0035066119057693148,0.01588947949734486,0.22301298769733935,0.020508807183214652,0.030297601727001976
8038,0.2860726322080154,0.10277545935386559,0.02209741546670723,0.03051784592716666,0.30886284448111945,0.5116319647428091,0.027835790125448928,0.5086719237985841,0.05413690544573828,0.06982128233920343,0.041481205721996456,0.039297217754402335,0.08527850348136023,0.023243990092308705,0.024585629937470047,0.17123454889585824,0.0,0.16335561538354437,0.1229653926546842,0.011256850613944339,0.019765255056482876,0.4507537665693166,0.025774691696401186,0.03342310921867172
8041,0.1275664535872558,0.09953815839225726,0.023820854440330875,0.06588342477502214,0.3866775702264775,0.12064683139335401,0.181569758311133,0.4854824046328135,0.06443280838774738,0.06413586461225858,0.010166439497140689,0.032293260813094915,0.09913558525888425,0.05723453394300236,0.027267990905925518,0.061168176031919576,0.0013799065294324228,0.3244256237004008,0.06618435066079127,0.013910388180328827,0.020925326057184918,0.16543839405720423,0.025566552675519348,0.01870093904503097
8043,0.11023590119492352,0.09132547211465385,0.01771146631440165,0.08829033364564537,0.34364271071870106,0.14926430052042344,0.021937953685587642,0.6149647372479493,0.05941162560097983,0.0669742561638804,0.017362592514362046,0.023733490909123533,0.09292705515682106,0.03822502256921396,0.03411600998581678,0.10943402738233289,0.0,0.3046069890644748,0.05656267980634408,0.0033466534164970614,0.01699866338479845,0.2297428584512706,0.02126438355994549,0.017344671795101043
8044,0.12327128757219473,0.10004450377486741,0.026174954747929552,0.04837789335717205,0.39209315987124405,0.24724479296859325,0.007443885517992619,0.5269195961837837,0.0590350853742518,0.07972703205807051,0.02748785820671563,0.026061679660338347,0.09772871431519524,0.02718384926297931,0.02542161392302615,0.1974168655047434,0.0,0.27218557578703917,0.04774069018424623,0.004008483089731573,0.014896613176078986,0.29744273567418306,0.01898464519710685,0.019829520639504515
8050,0.14760167165289861,0.135940835876148,0.023362269588557773,0.034459079934190714,0.3580719385317728,0.12641792793851514,0.03301682972164809,0.48422912583745265,0.08264546811665062,0.07465386496722472,0.011971587532572112,0.024981442084980165,0.08574753536548815,0.024637677523364848,0.024375133436119654,0.06624465599326426,1.034126163391934e-05,0.1696590720046926,0.064666457466209,0.0078062051115759005,0.25464384098329806,0.21184259782723946,0.02474323387293186,0.02985000710342054
8053,0.12958563976752469,0.18134618026134355,0.0237965589417953,0.025744836678269392,0.4214677488035827,0.17780967036126882,0.01161801485014862,0.47390107237511586,0.06800354039832171,0.06606460795251569,0.026147328991821674,0.0339930281898734,0.10858688442106339,0.023654766700168577,0.02531745603177596,0.18554742470756705,0.0,0.31087709318441425,0.06798219665318536,0.0029967140075380662,0.017150717157299555,0.28690201460804726,0.023507652752322986,0.020789585375145223
8056,0.21665798942795436,0.20838515609435915,0.0830328358694399,0.03076275552307341,0.36517444986649467,0.3760833794174576,0.026041491349795068,0.5021382119987049,0.13237081271659965,0.2432514137401549,0.026873164396199557,0.056337191767974186,0.24582553445854355,0.02766891068680401,0.03696216129515418,0.13789192115916257,0.0,0.46235711079835545,0.11308368478172168,0.0055491982496886135,0.0211855281331467,0.43466854610989836,0.13078642764693815,0.016109932528717966
8058,0.12125442525280722,0.10619836088019202,0.022991785767980163,0.03114486328568351,0.4198517705577659,0.16785879384963104,0.024031999598266966,0.4917476499339584,0.0819982814977679,0.0831108622737473,0.020571177873064922,0.02362797473618466,0.09853112976258221,0.025259852356721114,0.024791489469208738,0.07598727324931363,0.0,0.21368196816397805,0.05572997529355535,0.012567591190278029,0.035961627305087125,0.21242973104483678,0.02133083712464992,0.01860389739754692
8068,0.10600470724059949,0.09341958429956444,0.020449580580369324,0.03313673234191046,0.45173791720976747,0.11949544141994707,0.012341614392646399,0.6204662759124188,0.07855831599288891,0.06375373029638572,0.01070019856186942,0.028164399624975224,0.07562212326272726,0.026755504617588285,0.028484719129188475,0.06179080796549253,0.0,0.39394116602470375,0.06072680021780176,0.005455763040587833,0.01954855164995994,0.17352852446157843,0.02373600413075191,0.01793634737487156
8070,0.12018070007025328,0.07893970335199103,0.029343187138147275,0.04874723447705494,0.4372986781485417,0.14496688678375405,0.07618762185776073,0.5335165849334506,0.06282484105730546,0.06445480063523114,0.011783185602738035,0.022418502976875407,0.09537356996047264,0.02632672026933136,0.025453816236570444,0.062400161414546566,1.034126163391934e-05,0.27151107439780364,0.0588640064515669,0.006218522846847945,0.020664759419811263,0.23044709617911407,0.02133427613423417,0.018066979151619842
8073,0.13951607801273103,0.12854444381478616,0.021150395722517364,0.028053919213500395,0.3117023976418071,0.25920932023696536,0.009795054536756853,0.5515764713415731,0.07777862241013932,0.08706413964930125,0.013263452121808256,0.023714215690858045,0.14600614166192416,0.02220973121438132,0.023503017588324248,0.0727953951245533,0.0,0.23560217354544605,0.060128481343742865,0.006636450637027095,0.019041009794351867,0.23649005437499085,0.029824332929706654,0.01795704780103003
8077,0.11661008697363276,0.14437445989764222,0.03416745448425281,0.029108774987107396,0.35712795981950074,0.15773221429386738,0.0137199960570091,0.4811522158150944,0.08876076137073538,0.17131069400587717,0.011363218604697491,0.019837419880033035,0.15576127911496956,0.02345958963108289,0.02625557568569226,0.07579415554782831,0.0,0.25582326907158465,0.06669647052689796,0.005509173257521193,0.016633557295574527,0.2153327766648377,0.02230870483987865,0.018247238071311473
8078,0.17922086872036483,0.11890412592244237,0.038365505958204565,0.14209394721816754,0.28857585103692,0.25198803966788974,0.25588432874326067,0.48246675690117446,0.0678621964904602,0.07899817396012053,0.020694896968967112,0.053935181488912715,0.12869639998213217,0.06569890826182748,0.037657670556447066,0.0852932662270295,3.222309970831759e-05,0.18687364362707207,0.12467742531671355,0.05841931468049805,0.020199630155043113,0.22230096506680816,0.04561132869079905,0.017217835045021092
8080,0.1715321815692498,0.19077089405949102,0.023849821340238355,0.02589433929904283,0.40147772894792944,0.1354709855362826,0.033893554449250775,0.4579459771296739,0.08840518298463328,0.07262358675641843,0.019645451496288886,0.026382917020517035,0.09252267589132675,0.02400408269673507,0.02675110054810793,0.06139082214137435,0.0,0.2296175152562483,0.07221473377911175,0.033751427693038794,0.11475580165141366,0.21429067459564713,0.027555126556245542,0.016836995789834632
8082,0.17252116181693966,0.1435620420858976,0.024044633326275103,0.03483840560794784,0.2879018045331806,0.1403048270172567,0.060996760598569774,0.4397938305099213,0.06315389350794412,0.06471096402045484,0.010637636130822803,0.03137613934052558,0.11910465680673638,0.027350273425173835,0.024520495654422526,0.08847854979198894,1.5037593984962407e-05,0.1605796502327729,0.09501993594562247,0.011048481359390157,0.019248055069002595,0.22895237614561584,0.0248165232303064,0.020170230946049087
8087,0.22977327545899925,0.12237318488769601,0.02224305145250854,0.02638967850976481,0.3483210644838962,0.127715772650454,0.02566098746301209,0.46566959497271154,0.08636535713594208,0.08809205252075948,0.010315946953452343,0.04749601018260177,0.11097072519909147,0.025190682373410333,0.03651872588012484,0.06724023301813485,0.0,0.2031948231527257,0.08579180920412088,0.0041031910085804245,0.0180780872330816,0.21939813491358987,0.10862841414944552,0.017931436259813506
8096,0.10541995889766355,0.08450559909155954,0.020922258370997544,0.07293051140942453,0.4035454743758058,0.16524582298721477,0.06024979896499363,0.5323320812709118,0.09884557730705096,0.06699174975995269,0.010364961434410104,0.023195988560493458,0.14089995394544935,0.17381727754377535,0.025453816236570444,0.07447813029610413,7.468835338356114e-05,0.28294785414091556,0.0614499833102405,0.00909761014859853,0.016822930033378748,0.22757919982468588,0.019247905782331185,0.019859516917115846
8100,0.21579497964780409,0.11383169108897345,0.07828963466524033,0.07131263625688232,0.3870480801941865,0.2732222436005737,0.1990950270849156,0.46627787752381794,0.09520937577979544,0.15290025006996516,0.011679287106472269,0.02648797987558007,0.20515230619376926,0.18322974110734233,0.04116972558991236,0.06769637330579346,1.447178002894356e-05,0.22748958620195883,0.3572338731845295,0.0174210506072731,0.031375754189756376,0.23547925200666697,0.02664621223580149,0.031246037874213765
8103,0.1687007426910538,0.18772151911230195,0.0336080359822196,0.06964794952892606,0.47103516196448,0.12809477665785984,0.02801161279390198,0.4075293362978914,0.08257827032099968,0.07230112446523317,0.01753862873941307,0.03408410227435288,0.12058335136593692,0.023669476457391755,0.025018088822953807,0.08997943076454248,0.0,0.25235263449175716,0.08712759580718668,0.02402988404304593,0.017937109505175183,0.20809012843089394,0.02250256909988673,0.02830128242894752
8105,0.1074013969411833,0.11899202832471908,0.015806886685485574,0.05454886840253224,0.4063591734503986,0.26880809909996023,0.045240575310308694,0.5172998731266488,0.06957061993666863,0.10410261202830276,0.03361245141889022,0.0239033950201226,0.10130581632245424,0.02249303017816787,0.03490830684791934,0.12838482739761697,0.01,0.29103156227299226,0.06973818899342164,0.002093608837264087,0.016390014292124635,0.28609363550696093,0.04221611198206862,0.03585629776329368
8110,0.1550451304147279,0.1641340026001744,0.04414362005220181,0.044408900092557296,0.305507668873531,0.22400348151072355,0.025943101197759152,0.5611168062623093,0.07361807688127363,0.1012268429545439,0.01387338617993054,0.028664155800282955,0.11182636395913806,0.020412194746726172,0.055049731274462485,0.1022954803196272,1.034126163391934e-05,0.5538495401454382,0.06004598880612456,0.03164094156492185,0.04497831583542107,0.2613967006364482,0.05898606893445388,0.02099619565107103
8120,0.17448844926396626,0.10446629606477283,0.02387606720694492,0.03146360678177316,0.3197491074279669,0.12469719077585328,0.06686740152843694,0.4553762885024787,0.06355105606518828,0.06586622298556319,0.011777108484215917,0.03678937230086388,0.11990205479509788,0.028192222401880334,0.024404529974455514,0.07269211985971345,4.1841004184100415e-05,0.15751452580234482,0.286987810506016,0.007767764574750179,0.019780052360372204,0.21227231845013442,0.08987944672550366,0.019509414114136706
8123,0.20523660351040593,0.12004654882468323,0.017777827614988386,0.02796936739319497,0.35884112314685074,0.4096657479589753,0.02527774168566126,0.5667331084079861,0.0954975567355822,0.09373914114191761,0.04269201809789476,0.04930909091631136,0.12124104403846324,0.03182754406837755,0.03601275199640272,0.2332326556273471,0.0,0.28395598883408096,0.047036347564722795,0.012789552369207586,0.03075616477322209,0.4279284668060405,0.019935927951815466,0.016419488869290635
8125,0.20877722030075796,0.10349170224709926,0.021532158088371823,0.031210380671553947,0.31193302239789533,0.3056724848478674,0.030964785131500628,0.4664775434446062,0.08684261406213649,0.08673077427071534,0.04039199054121966,0.024811247406927094,0.22599994898880627,0.023644089107892608,0.02431123540225369,0.18361362240367352,0.0,0.1398189185482584,0.17052052264712578,0.016380378931801318,0.01821172966276693,0.49785129496173314,0.022199717257516315,0.017949628099524977
8130,0.2889479010581974,0.11392820501943678,0.10386648232113548,0.034036665189238376,0.3688709843684162,0.27017894230054207,0.019012281783724785,0.5314687169921645,0.1763503108812113,0.08347168745862056,0.027026007201022117,0.023685319545382756,0.1890112321205357,0.021162408289867974,0.030161395306466693,0.12297155168712617,0.0,0.16170012708867887,0.08573909382577354,0.02315023421455242,0.01888898190632969,0.3519268663441665,0.04014460800506393,0.018355915521556167
8131,0.11863402379001611,0.08828754058770727,0.024062310636131717,0.04044267943012545,0.37940423940962176,0.12652986767603858,0.11776413531842737,0.46098759051579385,0.08348347109266811,0.0648152745831674,0.010048473568527855,0.028353658067383054,0.1230507711496995,0.035049192721094975,0.024623029626107393,0.06288572147067079,0.0002922775094581822,0.15327649749531636,0.05861679206867515,0.017819766561104095,0.019906887059528658,0.19982870438241743,0.02452954899037287,0.046354031397105054
8133,0.14466766183051954,0.10342153763467302,0.02477936763608988,0.08636001842468936,0.3363254480329576,0.1776838261519885,0.10514630362051863,0.5169709893058172,0.06308318416324084,0.06473530409790533,0.014680391252970154,0.03458261641868112,0.09245966351541565,0.03219732239000801,0.024512596718192434,0.06360479149736435,0.005476128134461341,0.156935908214456,0.060420919855409636,0.015274302001374133,0.01986376664246219,0.2781479133619515,0.03786186228901942,0.017962134816865746
8135,0.1825181839705791,0.09779388975245708,0.022674373738477062,0.025384454154515006,0.3644707316459461,0.1875325675015158,0.015435513986152505,0.4835444173641352,0.0704999159808409,0.06045194695604408,0.01318153909131907,0.08587635738659666,0.11511976029510727,0.03364025062083312,0.023768218560833818,0.0777942342569097,0.0,0.1634410895159106,0.06371941093849397,0.005580324437781372,0.01944583305364663,0.3669447248712411,0.10211403530610214,0.03922662655319265
8150,0.12481562868351995,0.0929315286076606,0.022538806306308178,0.028748784163912196,0.5939457419898727,0.13582737709132575,0.02059401715384834,0.49054573615708036,0.07004569660629091,0.07430542055024228,0.010730422808730811,0.022246276627451014,0.11592791550356056,0.026161344295979418,0.025604597305900742,0.06304338378548975,0.0,0.3005806375204329,0.06069557280674112,0.003868276897803234,0.0193292430453809,0.20646512816234389,0.022365834344790718,0.017746637147205733
8152,0.1868660492019774,0.11746792845257238,0.02332195669320575,0.037149115138193384,0.2975514543201339,0.13302529090934168,0.049188559293387606,0.4427043350095588,0.061680885677458816,0.06383048614595811,0.010482649995350894,0.0300918900710783,0.1351842068829544,0.02834571533074507,0.025647336210172865,0.06400215765648824,0.0,0.13695595178231298,0.07650473934816629,0.007875203433947299,0.03601786405610609,0.2378144070038902,0.04769613124116897,0.02280511619671268
8154,0.10506205507006496,0.10182918149516214,0.027495994668017158,0.08286018521881218,0.33066769523738576,0.12565432948676117,0.03180647182121505,0.5832490998705296,0.062386409136012615,0.06753439355241221,0.013513382191935888,0.02929707292422286,0.09408662655252098,0.033777160883074885,0.024037144958276288,0.07068640377576568,0.0005416259633127103,0.2720282090355081,0.052334470594265194,0.0024196086993529846,0.02869648678435759,0.19764669341829763,0.023208538253774665,0.027542534835512934
8155,0.1257422065462608,0.2276484966709815,0.10440156700150181,0.03538626669790534,0.3338155598617413,0.16274210087781604,0.02381266755193263,0.5453849647028128,0.19689157207275224,0.2628964985546451,0.025071877825728724,0.06937717696606861,0.11331618492804427,0.04353456122257682,0.085885890045426,0.09550850933181053,0.0,0.5300125105800427,0.12842114968321736,0.01295642150416344,0.022588079014690492,0.20631796563829746,0.020520233192345104,0.017798391200358848
8162,0.10585650793902605,0.08648540941645737,0.033846268696755034,0.045437460000852116,0.3457542230275869,0.13139741230160815,0.018637581497134622,0.5243331456135392,0.06430322326762479,0.07796862322899488,0.010967816672829266,0.03252417966676387,0.11551905401398505,0.030491200951554557,0.037920007342344145,0.06250013981898185,0.0,0.2871576391329702,0.04897186721163251,0.021306010257321192,0.016832132933402237,0.2214235001151967,0.02082888618078079,0.02590964616803986
8164,0.14227919631737612,0.11055546129097335,0.022818145100095305,0.034673310254115006,0.38523128004582974,0.12716802334576507,0.06533471344075474,0.45966258410871047,0.06303505518155977,0.0637660803665928,0.011253084931046462,0.02736964820909039,0.09728949595245813,0.040392857097424004,0.024512596718192434,0.06081074893099265,0.00020840054454040834,0.14998116393888056,0.05928211664917609,0.013550897749805413,0.020691628242387947,0.20503865465432625,0.0799949261041452,0.019103617333982355
8172,0.1373216896275999,0.16081056210830125,0.04300702952515812,0.036039849335862864,0.475161426030115,0.1343334192415864,0.03437965163202076,0.5281621595513077,0.07318460827257382,0.09543850226339905,0.01112092356476325,0.0366932780109568,0.10073787032757534,0.19593447679664444,0.03025350414524216,0.11262688925162402,0.0,0.22650255405345082,0.12039217179510205,0.027383349982419935,0.02178660249971095,0.20998512957619578,0.05648484952714596,0.050754170656674175
8173,0.12522308298037949,0.12578979001667123,0.030207383290800426,0.025050530311679656,0.32757543755073976,0.12013544663067773,0.011766813364696743,0.48552761776750847,0.06211764570085644,0.08264837948602141,0.013567866836708086,0.02248419115537326,0.17060781670961617,0.055280198696837826,0.02544348425941872,0.0804479662792781,0.0,0.3832785017420971,0.061754504586990604,0.004233227376083176,0.018729850928333867,0.22407099509499084,0.0351312039314561,0.01690980655415144
8174,0.12246532463916852,0.08872884044724973,0.024455979568629608,0.03812362074033626,0.3777211345267849,0.121527271504103,0.07568608628191091,0.4589961564757891,0.06432028184610228,0.06549084748626523,0.010034063995550046,0.02717904082818748,0.09071291063954283,0.030202653968075966,0.02423401590347495,0.06610092362897166,0.0002496848524920417,0.17105561854171816,0.06202457228849261,0.04181437808853216,0.0201927762715618,0.19955473293039871,0.02764185590055237,0.018197493919549935
8175,0.23805603250148757,0.33363687550245474,0.018757289614448846,0.0843542649917185,0.2870607636993097,0.23884656487475833,0.06504664894492936,0.530280988420773,0.08117180918677384,0.06630197723786228,0.02721440403605641,0.20901202194505136,0.08451362520983045,0.025052477283686203,0.02333491876324318,0.13231090454611394,0.0,0.18086263980677708,0.1059071007121948,0.0023779037821686764,0.019660918487071802,0.30270488481518504,0.20942482123350575,0.028644247580615057
8179,0.10238007591420224,0.08830691576070024,0.027542950999648742,0.0495682891682816,0.38764160337450376,0.1400967179772537,0.02614754127779121,0.633618797828662,0.062429868023928296,0.06471293857160894,0.013560331217995476,0.026605116293340062,0.10039659789651323,0.19431494576703556,0.02462305497588633,0.06548994887113403,0.0,0.332263802264127,0.06609654413964629,0.013238874128733797,0.01909614292569323,0.23129047427117785,0.022877066115151074,0.016991256130526097
8182,0.15333776820932188,0.10878690431023628,0.02772889772830025,0.035641821687399405,0.38114432005539484,0.23201106538911115,0.0585412335070506,0.4569183803554537,0.07430118717515043,0.07327090057447638,0.011237967531140269,0.027463490783050704,0.11664893967475017,0.041145158488947994,0.03172707220559192,0.08347428781859946,0.0,0.18860239558346423,0.07935669316730987,0.011339165718904896,0.020565337831681855,0.2794093019553938,0.025142287141341438,0.03565799895150042
8186,0.19171823980749192,0.10627520901972959,0.02364911084371761,0.024830046090804005,0.4200613027138443,0.3631699661706751,0.013738628576518704,0.4159019111767301,0.05973152847655472,0.06675431174934454,0.01829472635378152,0.02546628828585373,0.10590354272933292,0.02586420395451415,0.02422165196288157,0.10594371684807466,0.0,0.1492886037054545,0.07660270617411433,0.017959411687053214,0.01815039443736138,0.32956383343935886,0.024109517705682995,0.01894162484046822
8189,0.13400432830504067,0.12868216931936172,0.025451934187516137,0.03584973886193444,0.3379094342956374,0.1237048265258924,0.0223143081731122,0.532048633474198,0.08814541858217549,0.08608669183990875,0.01031378523374739,0.03452546389532384,0.09258931556611955,0.026390779145330844,0.02614159778795233,0.06357385591575189,0.0,0.21712789182527137,0.057808813183405555,0.004842444326101745,0.05007040455732092,0.21008197215657898,0.0224467924277987,0.018074661855625628
8190,0.15712696389924233,0.09589420226174195,0.022429095748275358,0.03652468892342544,0.4688930313168175,0.13055074095469774,0.059584239249949184,0.4563067141806501,0.06339225696673378,0.06382790229523501,0.010752148294019818,0.026388247521438698,0.08937837507011183,0.03313040989886747,0.0264268360297896,0.06148264277679369,0.010029509374013907,0.15159251684506747,0.06638566244733848,0.009256314902229886,0.021419438668076152,0.20283098263939,0.03128091745201644,0.018430783758292185
8194,0.1276934467271756,0.08839701737734344,0.021868141481085387,0.039837850934910345,0.38016310970663403,0.1288257470519435,0.05551208429789681,0.481887015608813,0.06333520615438847,0.06385366793985074,0.011252709323884977,0.025098135386278392,0.10265966539764543,0.028692310598311833,0.024512596718192434,0.06267151308006425,7.142703585862929e-05,0.1522343703817685,0.07954763173394552,0.008488214533162636,0.020485124124966968,0.2307963242616861,0.027075554919658854,0.02333773973757268
8195,0.25413356306182305,0.18981009873486304,0.023539347056686828,0.03575266739670421,0.36310975036122445,0.14654482794823243,0.02412312774024153,0.43329405536104987,0.06215228488543453,0.09163439058903317,0.012377910760913633,0.04192688683924851,0.10440020152482354,0.02560459891394808,0.024460042428306968,0.06701941756728531,0.0,0.16624982014235712,0.22800801105482027,0.01021677812865629,0.020592794994289773,0.31023003415158024,0.0441736874865907,0.02037128552247244
8199,0.2621505199637404,0.1897488286719452,0.022693088740671143,0.06277995889298742,0.30263805140590966,0.140493487231268,0.06096250334127278,0.4453401362571761,0.06267803895722747,0.06130619413992501,0.010600388597347072,0.07292583592705604,0.14949259364395728,0.024257005863186375,0.024323593281766316,0.08087984717492366,0.0,0.1505250398028771,0.05932185442592019,0.006313179624325333,0.020810823939164586,0.24592845031591692,0.29261481375196036,0.020444184715174566
8202,0.2684459880125475,0.16999159999012511,0.045335094050258595,0.0384667306956099,0.3137521138827497,0.13685407647879366,0.028129455431366614,0.4959838209249734,0.08812842886045061,0.1105138006154044,0.012177331655497788,0.06915860624740898,0.17017855998100162,0.030680571061901602,0.024155153592833004,0.07493090978770614,1.034126163391934e-05,0.18017648623877588,0.2889938366525337,0.018111353873985932,0.021863775670834223,0.2623980834551424,0.19027908691430756,0.024154738887751742
8205,0.289964862262221,0.2671680298522641,0.0688657115179041,0.030290226637486525,0.30812878014058576,0.13078121436602116,0.0198993979113482,0.26194456803154714,0.08254202415071926,0.10676093970907713,0.01122807821402195,0.031575018504800524,0.2230856005177792,0.052827751686689677,0.043338314804688575,0.08661823197849045,0.0,0.15220678507957072,0.6585285787305669,0.017933098645917758,0.01931606997944609,0.2505387571372305,0.06225479087534867,0.017889134545320994
8208,0.14250168544026007,0.11118846424848094,0.024246952826765075,0.022675163074715593,0.391076224117888,0.1686780828799641,0.006393650245567859,0.49996625793444843,0.07139470606576272,0.07383065718263762,0.012591503648329692,0.02044372489869462,0.12974694086595615,0.07788335064485065,0.05792993074017947,0.0771672630738856,0.0,0.2034548500476665,0.06659385750235361,0.0020809708373034108,0.017439834537855987,0.3339368935336216,0.02120968910260205,0.059771468880050714
8210,0.13074708401591192,0.10281480918150482,0.022333086453962953,0.035712718379238055,0.376475523021269,0.1246062293862129,0.020676070815768943,0.4993993086600821,0.08389045816396579,0.06872504788616349,0.010647652193885422,0.02671221402315062,0.08900988086676331,0.028681747042761316,0.03398323291984723,0.06407413243989339,4.800604506141463e-05,0.31679060425468203,0.06125950154578355,0.008691998244897626,0.18877594990734423,0.20518785468149633,0.023691951689646207,0.02364429949643368
8212,0.18135528981288845,0.19778081421298377,0.037189229804221895,0.031050829966920688,0.4933404304462578,0.1720619584600217,0.0136927056525953,0.4745166542006219,0.15140229619565124,0.06454925836165831,0.01135042574300514,0.02415186113429576,0.08492765669302436,0.024335925958260205,0.024385127027869453,0.06784704406705186,0.0,0.1794873874745035,0.06948487319861243,0.015050529897411015,0.01931344497330148,0.2125375292856657,0.033516814344288666,0.019552925030105063
8213,0.1504293624399639,0.10060073274524298,0.02184643197891542,0.046445197340251286,0.33453134372062343,0.2231008423067015,0.03274579325563119,0.47865404763866876,0.06529625422259164,0.07859065614589776,0.016162703563357365,0.030832128319276283,0.12970817762328504,0.029075123413472216,0.023669008727274163,0.15097129222721364,0.0,0.148181187166095,0.058411446711087535,0.011586969625611208,0.021783843719556745,0.34454609136685577,0.024815876205718155,0.020799076897280427
8215,0.10667116186691811,0.08408559770964624,0.021708313053686937,0.1431430436400634,0.383403675011307,0.1287553505389377,0.10342336142986822,0.5970977575953477,0.06375601499247951,0.06387488136244376,0.010362726522016363,0.03377714260650628,0.08507726477744967,0.03609883979117599,0.027210114703091405,0.06612175052051932,0.0003503304683257704,0.21638817965113893,0.04843217669415506,0.011163743247174998,0.0178065249671998,0.18966687454193631,0.020766154946886477,0.01875232700011927
8219,0.13125226041570126,0.12039534571769214,0.02532871352764412,0.043522445541788315,0.37589078097830486,0.12821447533126507,0.04297625034247753,0.5208472505785131,0.0745761658887375,0.08704518620367327,0.01127254694245009,0.028359708690601577,0.09069493529479104,0.02498526708575009,0.024303428507043142,0.06112334852802022,1.034126163391934e-05,0.26713060983842035,0.06201698296187696,0.011049188242594401,0.020774434710515686,0.19301419862317437,0.03487659192912314,0.018394337983296274
8220,0.16375436836652427,0.25376635858317015,0.021102678970492658,0.04899962825052359,0.5246519616427715,0.1352504297290562,0.22638929422251997,0.28759917425526416,0.11334695194002752,0.1423714278630593,0.013532336757218693,0.044897845411709617,0.14327426629964607,0.048363589174964555,0.033870993529189534,0.09088663355545579,0.01,0.23001074477540862,0.28208463063829387,0.01262454235237564,0.017082449294294064,0.23492022682492864,0.023395974189494777,0.01845167044891636
8226,0.13552641672386107,0.11280665824213214,0.034306671387247946,0.03873555207380344,0.43586053565277516,0.12222238348849769,0.03559218721815862,0.5332486084944094,0.08289403539550819,0.10368723390293479,0.022005520441608955,0.03398327624369938,0.15205951880556973,0.03860428321668464,0.026152806701453854,0.07852019119985097,4.800604506141463e-05,0.23686653245181105,0.0625392302235202,0.015796067155325336,0.03170856747453439,0.20550141121739215,0.02553726935357543,0.018538370780470437
8227,0.1479869066018102,0.12019272330392758,0.02246541007906437,0.03606620611763407,0.3714425299815541,0.12970239169264064,0.03568476300468544,0.4783929723953477,0.0770419505795471,0.06535876833712823,0.011617644471474986,0.02904583214175059,0.09014379530603364,0.02441692804549247,0.023950583407849328,0.08212015742630735,1.447178002894356e-05,0.16350055186576085,0.07119285621168761,0.00750080416981998,0.021198851261555712,0.24792222640481706,0.03690692464450943,0.03674601032487049
8228,0.17423093286627,0.1719456021670923,0.04725555442190675,0.10394547004033602,0.36596857922475073,0.13147790753139335,0.03962247508397095,0.4299707133623457,0.08422717202189357,0.16170559071200766,0.01675520469180692,0.03152695258858779,0.16585919302365365,0.027299011110265427,0.025605945163913024,0.07187991733972372,0.010285714285714285,0.16751955945535538,0.07953454007353791,0.00823814457493912,0.018393028281949098,0.21935163173999214,0.03869619792306499,0.034111965645484806
8230,0.1374130714934562,0.15267381497285246,0.02175312197743308,0.03491779712424521,0.47866089988825267,0.14562387507983265,0.020952234346812492,0.48351511124802393,0.17683814727115402,0.0761713233161694,0.011878816116640465,0.02436421307497787,0.12112517704742201,0.0996813409863768,0.02487115193874732,0.07899326918748374,0.0005263157894736842,0.2965556360588564,0.0783698595108897,0.013737233632119528,0.026157656270062443,0.21724940326758627,0.025693675464830222,0.03020400507025477
8232,0.08321703959341605,0.09626206055750952,0.014173068653581929,0.05186082742677737,0.46238399903507466,0.15346746037649917,0.01356914766145761,0.6529895599292285,0.08617775980839278,0.06623464779078166,0.04662035149974161,0.03804385410270764,0.09299641001208946,0.019914024975414654,0.06033122149383768,0.12191572942091503,0.0,0.6425174222619696,0.060415377071832775,0.012219967170119684,0.036445347391308565,0.18696736894582272,0.01844007345526859,0.02478282068881986
8234,0.15961230633958606,0.1159810023752004,0.01895265499104663,0.059650986677739576,0.4565621001107255,0.12173756854875861,0.03309915591288211,0.5852421368322952,0.06053232756939257,0.07399817841539959,0.02598475985516034,0.04391648665171106,0.07554831165859247,0.04594518393173845,0.05512049815233443,0.08520708795552856,0.0,0.3879034865516594,0.23081213401399364,0.002179613445705903,0.02147788929341564,0.17994984819749,0.058339339485965175,0.0339400337815594
8238,0.19291659481103615,0.12418941824640294,0.020058313666149345,0.027121016995361673,0.4329741518523524,0.3163543278146643,0.017036363764761073,0.5333684398273166,0.13125230650597383,0.07782315669174741,0.013634868033235268,0.026880500233429406,0.0873312715298789,0.024091797996440886,0.02456167469941504,0.07598005064469192,0.0,0.23568285972739403,0.07506637656800244,0.0032453518002671265,0.018949665179253138,0.28930836356872147,0.024747077230912427,0.021524900587340107
8241,0.2167558973960875,0.13215040287905636,0.019085116762063984,0.030063105374150783,0.3880905162269259,0.27840839720673727,0.017076664155358478,0.4873877982425817,0.06469333156196386,0.06644690925525888,0.02249848670334202,0.023338949215201903,0.08920999111573442,0.02322296716553094,0.023892593345126917,0.0683779307091924,0.0,0.21171661582148574,0.09037574351355868,0.0025474398565343832,0.02309847646594774,0.31635728015959613,0.027127150472957343,0.020031600520767228
8245,0.2026245685917014,0.11148363583540821,0.02329189350552139,0.03288734190162575,0.35712237332669255,0.14661410722508605,0.05962109557785073,0.5042910256416913,0.06550100876037718,0.06493362006645326,0.0099519707738608,0.07303134802533884,0.08668319020934474,0.03739589227561828,0.0329653116919927,0.06074667470112271,1.5037593984962407e-05,0.321458444025388,0.06936272054748326,0.011162305756558338,0.02232317505905804,0.209603779955188,0.19075081226765697,0.021306384780084578
8258,0.12790748446184022,0.08548876144794415,0.026001543217696065,0.047296847355864834,0.3358269254008848,0.1250065509929378,0.05057285029305639,0.5860585837908998,0.07422885249648507,0.14551315501872508,0.010166439497140689,0.026189082118990133,0.1114588281920773,0.029477614444140928,0.026177678101830186,0.06607378935425269,6.988788313581287e-05,0.2655987801424344,0.0728688922703375,0.009058230938261936,0.01935572203235828,0.2296870844829472,0.02242921798763224,0.018566880493915826
8259,0.14057169626338503,0.08296866843423338,0.020889933412427918,0.044828298264230855,0.36720754614162743,0.4930512793445046,0.04254138335276944,0.5839779675860517,0.05654732148931342,0.0640366155792196,0.017704022842628227,0.024947795209164247,0.1457986793037114,0.028816866983333897,0.02518510222505413,0.1950371267995142,1.447178002894356e-05,0.23078541017741372,0.04866751257760425,0.010474507886548216,0.017643538927180246,0.4246582025465709,0.020786762593270006,0.02270892313724375
8264,0.12312925863611293,0.09248279991567611,0.02130954998132241,0.06115759310194874,0.4207433627706618,0.1731855234471981,0.01372060376859202,0.5077777688236366,0.06637713362018133,0.06526838592429193,0.022488569035904005,0.02268242523067476,0.09399384349323774,0.020607311762390338,0.056972312682045424,0.0706530729237949,0.0,0.3886953604515159,0.04767522344616931,0.006679384354556297,0.07087212835740728,0.18626314804515792,0.020803787550700656,0.018622958686916973
8266,0.20259149167177198,0.18105053987438516,0.030647236692673073,0.03532714715092521,0.30769083655884044,0.12702013921085842,0.00921669158634611,0.5812660820807798,0.12295598562273892,0.08894912378401608,0.012900040456786704,0.03574884505466837,0.11038089659564614,0.02123978798655178,0.033876519793191624,0.10731429445061039,0.0,0.4412667419721869,0.06093371771357654,0.012402404771446232,0.016386839402636577,0.2140588043949923,0.15456336331790527,0.016887710177612866
8271,0.33331899878571897,0.24843254046280017,0.021342767905385817,0.03779088815855389,0.4266432732241732,0.1431887787846332,0.037883951366518766,0.476921706679582,0.06129980241373006,0.06711980769935061,0.010821425761797517,0.02897257144808031,0.09419350475475145,0.0253500882079592,0.024689155539431528,0.06900679290947638,1.5037593984962407e-05,0.1594464338998244,0.09822268769292844,0.007301986236464464,0.06975403617749955,0.34762932339765934,0.06238526408092686,0.021297349689129535
8286,0.3481804689755929,0.24728985832367364,0.03310466328165997,0.04688161358259456,0.34183301353989676,0.1904701906564452,0.02015267278183437,0.4158157244487555,0.08695760603126201,0.09135977685191989,0.014232588762494948,0.022683729587631353,0.19896971286618154,0.021152107185342946,0.02376895273922086,0.09657699078912717,1.034126163391934e-05,0.20538893129058894,0.3611941540837175,0.002421433120801902,0.03856541848535686,0.33109846856639247,0.07780738925841912,0.02591057058538261
8298,0.2523369284511541,0.11469609514048497,0.022508127910130328,0.03488708846116513,0.2977451250434272,0.44008554232181424,0.020922598027963427,0.5076322813428273,0.07641578496588143,0.06792559246788551,0.05422750193276164,0.035109598038448785,0.18169852729774064,0.01905377272014907,0.02812571497804786,0.22158676643734204,0.0,0.18643736689864793,0.06944553084381204,0.013394451738109481,0.018613519944818486,0.518689864955464,0.040514529335460715,0.01798897141367422
8306,0.17204469059443395,0.09543104115678408,0.022556349589911796,0.06354658435661648,0.428316088880666,0.32233706845907356,0.0609133233799397,0.5337652703257931,0.06338144343660261,0.06072562698651347,0.04474834340021274,0.028430630723531775,0.09381281164403558,0.027802916424502496,0.024843609510637705,0.07326744702825008,0.0,0.27039846064508877,0.046672421530248046,0.005026246097357043,0.021879157507092163,0.3327445704577934,0.029484485642658053,0.06943453448895358
8308,0.13202827112362303,0.0834921004894303,0.021817923325661334,0.031025870333927504,0.4315233684382374,0.16467370463836198,0.020712901510100464,0.4972150224521002,0.06265662197602301,0.06445333569499645,0.011308318757501762,0.038493355896917505,0.09156481468026685,0.026983633158234804,0.025453816236570444,0.08737009183202508,4.800604506141463e-05,0.23166985382367117,0.04832768710341548,0.008362509877094573,0.017256547996286495,0.2974851889657643,0.02088434439369044,0.01794631039907016
8311,0.11680303161123468,0.1504158833301107,0.01754501439637,0.042424446123022284,0.5434902676530785,0.20332730750741643,0.04660873369083499,0.5878074481647865,0.08760003378062269,0.11243344519927632,0.012378913230175585,0.029961825655586524,0.13845832885989423,0.049779191346668965,0.06023431378608805,0.13481758531889151,0.0,0.4565487074121583,0.07031521012555508,0.001010338766834291,0.13433300203885287,0.2126961455463238,0.05829429534707337,0.016677132323087956
8315,0.21481397850779418,0.1684061074393627,0.018167492058316005,0.05734321120205872,0.3532601777091098,0.20246043495345503,0.02840261001377214,0.5432064650010703,0.07102751003577554,0.08502043667279224,0.032365339311238,0.0779929891477051,0.07427354883785077,0.02631663914425331,0.03527550989192765,0.13542644706506038,0.0,0.4062139874979336,0.051658638187989325,0.0040801559026371415,0.021537378567339602,0.27325125067330325,0.16257468593570354,0.01948337422122026
8319,0.17091210667788825,0.15260986222053952,0.023183599795617585,0.03392025213829019,0.3534249589460589,0.12858795305635318,0.019011854535056376,0.5078831912250675,0.06465261784741377,0.06500522776715174,0.013927627975404285,0.0269764407755853,0.10806174370667053,0.024308659200026467,0.024308503313980257,0.06606049185286601,0.0,0.21925721696253697,0.06012374116645902,0.005354726439054159,0.024553777585456703,0.21060347204245317,0.026186020035646004,0.022749774409789317
8320,0.1661349900602962,0.11230562636899552,0.02303319217766921,0.037959282108490554,0.35094747895545586,0.18470575243393164,0.05924030946237944,0.49563656641844633,0.06316476686015098,0.06470781735501635,0.010973058991733706,0.040209164220045945,0.08791831389138707,0.03369648215262455,0.024512596718192434,0.06362150392022749,7.284126163391934e-05,0.1673969423759432,0.05654300918016911,0.06686783146391229,0.021276799381391025,0.20746602461892283,0.11129679250154675,0.025617179353098332
8321,0.19287399180747067,0.14645331727812452,0.029699489218577128,0.06889121215564856,0.38270470978487653,0.15480705137599512,0.05114623625831257,0.5627201111156193,0.061334549466741814,0.07213810983462614,0.012360506734984322,0.09130744097662513,0.09169912521556825,0.02136280063757516,0.03448795808765698,0.0882746406283428,0.0,0.25566213071385063,0.12856805265893154,0.021865753457966264,0.020074960101830647,0.25837065868054043,0.13844275737461254,0.021808330976900873
8322,0.12045182241853974,0.0888167876005425,0.02336205036218693,0.05972658687855801,0.3496566235182368,0.12846022433219553,0.4374337851269847,0.37506738249939175,0.06475855499850774,0.06398236847642207,0.010844580406948433,0.03963624406887461,0.08371709500903604,0.25414465507058703,0.024601371059544092,0.06378819443844293,0.0022557171788243307,0.1488830798214594,0.058129373067199196,0.036140977293083125,0.020247954459763653,0.1951033744273403,0.03020161217120804,0.018679284256983286
8325,0.1321575668766884,0.10427489636943481,0.023661102624016994,0.0736738634056044,0.34143438980205976,0.13106690754783898,0.04749421476412883,0.4946456840624816,0.06528875235665371,0.07822219787961579,0.01188460131881745,0.06280357380378905,0.0860052156602582,0.038874893900925585,0.025310475559146794,0.07874630029292808,0.010056312784213045,0.17920291123274787,0.15498324235104843,0.023928411541315926,0.02380644614782985,0.21993008131223996,0.02496360136456158,0.019409308505424726
8329,0.17062468110608311,0.1065008547837598,0.022064747334108206,0.06328547769970902,0.3783004844375539,0.127495957816102,0.042984037284890586,0.534092967876736,0.06427109891553315,0.08534913104251808,0.012268825259996875,0.03487155259482726,0.10451328281221767,0.03689635556263148,0.02369848432257853,0.08439312930492784,0.01,0.19589453468572432,0.1726390172108193,0.012228364514593061,0.025585027077917384,0.25547365453391885,0.03544231605316681,0.018790828456042706
8333,0.23062709883174431,0.17971619533555327,0.04029558677042302,0.0571991127755155,0.3594038381366111,0.33524090974122805,0.02414582745010896,0.5800415416024168,0.18099593892738672,0.09001886389888564,0.013560852581746264,0.048605598967063714,0.08269483797912537,0.03810156403499615,0.035384418906998866,0.17847293034215897,0.0,0.20503686398669008,0.11689495932502288,0.003031631651647293,0.024636003462816712,0.3307748911924341,0.03603650678013978,0.030232299060818157
8335,0.16164056203233682,0.10507334147840199,0.022479510035668584,0.03421941646334203,0.3357221551364455,0.12096318634236143,0.039095953431019216,0.5082207414103861,0.07152791319186272,0.06590923957611924,0.011594474129121086,0.024953611467661965,0.11958891870876535,0.03243484969002488,0.025499046144035017,0.06833493081673621,3.766478342749529e-05,0.27355105704940375,0.08323342905248313,0.008218508851144241,0.019059305709640505,0.19561314522787135,0.023834460857134823,0.02188598784997964
8338,0.1322136791372898,0.10978300065792582,0.02527425210741821,0.04153880112091974,0.45686345723722055,0.12904657552879953,0.02282380658230816,0.527697268689002,0.08590984935174212,0.08567514933221924,0.021027798657920403,0.022625016038738836,0.09945603674543493,0.03842762036751908,0.0357708129707444,0.08153630594065907,0.0,0.46709894865496293,0.06194890659669148,0.0030823342874184085,0.026684118321720386,0.21382319508444173,0.02657698931771314,0.01769540461360413
8340,0.22301146655628862,0.2361836004548077,0.02296871672110052,0.036294520950226394,0.4455768251792013,0.15807974298451324,0.017089026915415296,0.5024267404710756,0.07414668654546656,0.0642425461680474,0.014001648208367832,0.023941086823593895,0.19802713958238002,0.021942231766285472,0.024584080111662656,0.07300675609402418,0.0,0.23668026577394652,0.0797956037396683,0.0030401909168539256,0.03450380676523362,0.22829584682621434,0.0655871079733131,0.020762446695946624
8346,0.17749364982726437,0.23666571879905096,0.03645144735724063,0.034304857635184136,0.3068010223605965,0.12402017409875883,0.02877412157630691,0.3924830590556233,0.08837052093402901,0.19007434560139516,0.010425186187080935,0.023590112837916566,0.13547967038897604,0.02800955186016851,0.025096373111211018,0.08295993059332779,7.369530957698893e-05,0.22922559119666114,0.23260229905619448,0.004604240247501974,0.017565833091212405,0.2440705641687424,0.02248468674516622,0.03740712621102885
8347,0.1636007448516548,0.10140534761538278,0.022412131952622528,0.033698679859764116,0.4298903316976268,0.16852158074835483,0.035092467156255414,0.549249282847557,0.07357246031253087,0.06464962497100571,0.011803849537107097,0.03692012133333999,0.08952730592321961,0.026909830492448168,0.03306148678990482,0.1399994269932003,1.034126163391934e-05,0.16204630505509837,0.055889996018460744,0.008084756928263121,0.03618810791655536,0.28753370885043283,0.023681102676695827,0.030485100807370283
8352,0.13926640565545495,0.10245457971032991,0.027268395529821732,0.0344436876542843,0.3537810434643227,0.1504474566086984,0.05628455166236365,0.5206133854677012,0.06471991164743429,0.06212779387632472,0.011765466288121175,0.03968391876750028,0.06906514398314584,0.03679085082551764,0.024448290372160196,0.060822221509242276,1.447178002894356e-05,0.16462708421949582,0.060385695881825095,0.00649235024187356,0.023480927674150495,0.19597884203777244,0.16222110114762484,0.03787324785421495
8356,0.10389421307508975,0.08553762483219836,0.022786244334368707,0.06661502603172069,0.39020319805476916,0.12084964485971803,0.11557590863079398,0.6495026650054296,0.061111206219294154,0.0656995900936878,0.010166439497140689,0.030243747201932455,0.07918023576278715,0.04148966727903909,0.025197483130480723,0.06202707105131399,7.662651316545358e-05,0.37995965617531696,0.054161994387346896,0.02103220587332785,0.01996753441993449,0.19194181498087065,0.030898978192421267,0.017856125463486527
8357,0.11854276879261479,0.09914340993673143,0.04366980559208635,0.046065904962088705,0.44858489727361595,0.1243677808257453,0.34410079493595197,0.41688980630602507,0.10935642925635665,0.06945715076140929,0.01014344541522531,0.04747665937490552,0.09818581166488162,0.08944340718023083,0.024973487057882823,0.05866973248960191,0.00018018018018018018,0.1860134223678221,0.0646152237786509,0.012658197462402978,0.044079555913842015,0.19010103601022194,0.02681552001306948,0.02273698580104054
8363,0.0965018515533445,0.07778501587380285,0.03161035595152884,0.038829674447590265,0.4661599453381365,0.1639343745088188,0.009886215178277343,0.5458722818854669,0.0654350715469549,0.06569808753963563,0.015490526921124096,0.023375093948038682,0.15852829990653616,0.022212489767068425,0.03559068126759787,0.08123326806950694,1.034126163391934e-05,0.43086036593475463,0.07474358437980705,0.002209992699627401,0.01697107954474033,0.24460528432167802,0.02029675319934233,0.026354983624467178
8365,0.21739562769942217,0.15564881277086065,0.03454663020914127,0.04750916574214911,0.429182678305598,0.355801903684166,0.03727791236486678,0.602448819908569,0.13433727298383896,0.06411359358841215,0.010844995020744073,0.024657897032298103,0.07692328688018044,0.03431582782886221,0.025818950200466446,0.08413711179715225,0.0,0.23325130339072017,0.08067116035406662,0.02821389827984606,0.056646829475355355,0.24342631424544103,0.03642442889802566,0.02860314094017642
8378,0.14910845042084703,0.11741219050549948,0.023289395061188708,0.03223976230501275,0.3499247942367778,0.19292460251144208,0.023390077630272354,0.5005141423880295,0.07440606893959989,0.06508438144894446,0.011704292288135305,0.025497900093862248,0.10104707777034591,0.02601742983578637,0.02396381378138707,0.07201715451921847,0.0,0.15242477395685358,0.08505655537798279,0.007981553018227781,0.02064058488810094,0.23176024488744212,0.02452212603028914,0.02458565316580164
8381,0.16418224067482826,0.10759028705337247,0.02375456198747681,0.040424356436476246,0.4896450399675368,0.142105669622254,0.01369877515812122,0.456140300084823,0.0695705976585777,0.0691847034056605,0.011520581071373636,0.024850158536301317,0.08896270295437178,0.02609987474528432,0.026432682009566114,0.06675062040263133,0.0,0.15660185318458786,0.06162983406579436,0.005947971332956239,0.021668891293767586,0.2036368482032912,0.024935710002483243,0.018733250105038176
8383,0.1028549862456914,0.08772563347695962,0.020270399032872553,0.04707964451440576,0.36220699679422824,0.18477329971872197,0.09291558529666119,0.494656844955332,0.06488985600905554,0.0643045362590112,0.01253707256118006,0.027373659224612056,0.09494155664703202,0.03961449528725894,0.025453816236570444,0.06058232006966996,0.0,0.2221025693295362,0.04870597992319626,0.00648336795671157,0.017196030728279764,0.27933699766692593,0.02199543740558603,0.01803684043369357
8389,0.22546349066679588,0.11609841457699971,0.03071782246095516,0.04401710221386856,0.2051821155243449,0.5330441587217698,0.020976981675714965,0.5479631292976785,0.08373142220166166,0.0697346935291748,0.10086974993050445,0.02540656514339198,0.12704351580134662,0.020523920744074893,0.02129737842886029,0.2722209875663593,0.0,0.18812859651370112,0.08942070871957589,0.0027521981173811196,0.01951899629182338,0.5854153730486701,0.030426706615816715,0.019644263565634708
8392,0.21128398198115236,0.18377413740348256,0.022533835609777602,0.03895059884102465,0.42543512056901606,0.3412003494133834,0.03781713461687679,0.4505134018700254,0.07552110764168651,0.0805268200197124,0.04857192764517923,0.03440081057441155,0.0897301918713987,0.02671789553705858,0.0357949348415749,0.2627547172792829,0.0009890709953837334,0.1612246887411629,0.07261939219063236,0.004952991250832379,0.019500705568636978,0.35995826152508414,0.031706010038933606,0.018344220115633133
8393,0.4006957931529667,0.3438163220857257,0.04973115610125133,0.01865179751683672,0.32390638105813335,0.1991296505699715,0.026922147877787413,0.3637174281309393,0.11673221109022874,0.13568435068555318,0.02093660749055644,0.05367877043942333,0.1933081106136378,0.020681596702559143,0.06717019449881151,0.1822505439918609,0.0,0.1646669996022442,0.5185124228773053,0.001999966369663848,0.01954880032000312,0.31617488180042846,0.022170095669030384,0.03741671805810406
8402,0.21767174834386746,0.15512516532282042,0.03455994373105263,0.02109975747001744,0.3630865867611245,0.22120511097489814,0.00523666069165511,0.48787769865009295,0.06659184177024385,0.06703398394550943,0.07554437419768535,0.07065942373692129,0.07655052732562546,0.04861527560948042,0.024841827003917252,0.06926435230133625,0.0,0.2573547027680509,0.08421512417728895,0.002732276506448212,0.019761873899634998,0.29079102623259523,0.12830993273086166,0.0761380850295475
8407,0.0987605145149686,0.1089336742873474,0.02303428211525349,0.03438414826008231,0.37801180188989086,0.13546410830179648,0.01252835573785096,0.5742067241403312,0.063167749748243,0.07270014206643942,0.0643232956365494,0.033047941694691156,0.10463711075472672,0.02216342786905756,0.049240788535564246,0.09144625987419981,0.0,0.4014231547803895,0.05270744800045237,0.007849589296468255,0.04792795594169832,0.19198215036945698,0.034823086959810706,0.0854219532658299
8408,0.18778255441881236,0.10383575261892761,0.023562664679496793,0.026233039570315593,0.4165122998738693,0.15476392626997315,0.02759048544403696,0.4882163445384584,0.06583932600510424,0.06805066294535163,0.01200296515919198,0.024996370511429045,0.24758821534546788,0.022495035232769064,0.028295710722073274,0.14226982005964367,0.0,0.16736014735213614,0.09646862749265747,0.00494288957425281,0.020170049114316274,0.254074263087123,0.02285992787109594,0.018991664593874847
8415,0.29463281861439206,0.33029165719834597,0.05089616177560648,0.0249339858037851,0.3107981774169459,0.14687287382320305,0.025318439711427408,0.30889920979791896,0.10006505655005382,0.22870611312177913,0.0107865226230569,0.036095220058766773,0.2354907312784798,0.02078983203465168,0.023825794144261093,0.09274309440447133,0.0,0.14735251028452473,0.15374692702220857,0.012128020588980794,0.019486196934909807,0.27745517987149054,0.04933288192310417,0.017097036864142913
8427,0.15231098168020615,0.10403839159107763,0.02132398913330952,0.09462457751282606,0.3630699039185716,0.14718318149483275,0.06873406624222021,0.5764927689204008,0.07755198236305726,0.07621079496703119,0.022437461267087688,0.031924966507399996,0.09719278393711915,0.0327145782117932,0.03190694761942989,0.0849442772931723,0.0,0.18656385178656149,0.05719651550174592,0.005842686581786041,0.03139090409425003,0.25118067644399245,0.03684286011605414,0.0196112317655616
8428,0.2565752137299262,0.1085624716384706,0.022692039502678667,0.029897774215785322,0.4383675631400113,0.4191905087404057,0.0375783817514546,0.46554033580105325,0.08865056181785702,0.10465487961335147,0.026993239299821475,0.026985908397177617,0.1157834438645582,0.0371063579846172,0.025117787155248456,0.06656987685321028,0.0,0.17055880207345575,0.061794132834337025,0.019804147900166685,0.04158715722789433,0.40072665336394264,0.024040231700999032,0.020732854301740364
8429,0.1271631408549996,0.10033904064038776,0.022175213476974168,0.0373786148262019,0.3950596448234649,0.12745503498690808,0.06342464160553594,0.4831817464716893,0.06469166635423228,0.06780512087790737,0.016193413948770167,0.027005722832984413,0.09151267005951405,0.029099969102741704,0.024512596718192434,0.06434124181230287,2.4813041662862895e-05,0.18681456121830817,0.05641693309477677,0.011820502843461938,0.019976664661823917,0.2040103460714186,0.02460509902032382,0.01891753730164576
8433,0.12454591138038675,0.09192110237601943,0.019697819134290133,0.03183987039997051,0.36120481238495067,0.2291512768308797,0.01556636311088378,0.549932857103268,0.05995760565064135,0.06498151786381051,0.010928444617240853,0.02253569524914105,0.08932658064457823,0.024022388809060397,0.02688305710990189,0.08526655966836007,0.0,0.3790956466801931,0.05319529153036247,0.004553451299084309,0.017427608480726137,0.21298211014527177,0.021736937532674777,0.017095711274822532
8434,0.16181472366358793,0.11627505248049504,0.02040466361747506,0.02845948682396536,0.3117146364647685,0.16044854938176079,0.010603069991018555,0.5949844581060235,0.07709598033969624,0.09307702151918854,0.012538704754191363,0.020426118834765625,0.08462142390256762,0.02195584329176351,0.025322164019776813,0.09471981336873452,0.0,0.317259413364437,0.05819377944133828,0.012503566041337266,0.016158524892498926,0.41212168154977197,0.020350112941428012,0.019693019278387392
8435,0.2672048484134248,0.10048261654716387,0.0369361865048759,0.040447662153444836,0.41992329371352505,0.23686353687085368,0.07141430035878198,0.4693397832528031,0.06930741788163826,0.059849614393931605,0.011474676216428897,0.028256577560452925,0.09373016977100457,0.026752968502362716,0.026497037942819667,0.06748998540489609,0.0,0.1613917260226647,0.057841011171766106,0.007745328083787151,0.03174834301386931,0.2880365350217151,0.07899317563501336,0.028076572312993694
8436,0.28478035935422075,0.10180802603358434,0.0238770567928966,0.036899917159450506,0.3679152132571896,0.17808643619572487,0.027617151427182934,0.4978340580726365,0.06280797522079261,0.07081903440996616,0.012223590932492666,0.027268174062853277,0.08828585014782332,0.02610061018766439,0.02405277827016137,0.06853477393131782,0.010021881838074398,0.16777833943340123,0.06169247724425717,0.005879820651207869,0.05989626300212042,0.4141412300806049,0.024142090328700617,0.018912865690407128
8437,0.11542672286057751,0.10033864335711862,0.023094965600877707,0.04002400449647652,0.38623377519610075,0.13117769835938786,0.03932002176332305,0.5494543421513605,0.06739098857457249,0.06499995923819255,0.010637959280681184,0.027155113254478058,0.08161646603303653,0.02689750049730105,0.02651378938843851,0.06696001722574932,4.636476580079393e-05,0.2492605510900009,0.05604028791919888,0.012468860439287542,0.020396912261601282,0.1887568644500039,0.02229760742965707,0.020118618977643728
8438,0.33541609651731474,0.1876112388809486,0.07227161920975728,0.040525285440260565,0.37227029584775534,0.530186120784994,0.01899574080077346,0.5475584375622539,0.16247759841734538,0.12881326095178067,0.19121263373729477,0.040165742505579145,0.13809480702203675,0.12496016778830443,0.02446087421890161,0.2829556006121773,0.0,0.2733618455915702,0.22984884544177261,0.021712939678715733,0.11802623858638685,0.5630591539617439,0.07457976754086745,0.07436598246639209
8442,0.13457413641787114,0.09187000286771266,0.02341586122447365,0.035112418986459,0.3290600689246946,0.38484034506014664,0.0816265374508919,0.44203812092434697,0.06196130290918794,0.06477073539963348,0.010482967335656967,0.027073639892791976,0.16698092960761943,0.029981597444571403,0.024825279772532,0.22051748509060284,1.5037593984962407e-05,0.14901909887657397,0.061467679245089925,0.011465121715982123,0.018900166018758723,0.4549172083601916,0.023731752605323356,0.018319097214839056
8445,0.10222556402978572,0.0812330049419497,0.02025401911233808,0.037444610479620985,0.4001986599257977,0.1642119257115682,0.022825037063582042,0.5065105250425826,0.06185170503423924,0.06481792262215362,0.027723832906835045,0.02412574654195786,0.08884947746513616,0.026749326453190964,0.03431093016232776,0.06402337372084185,9.167416733215698e-05,0.3060725229630875,0.046443868163118705,0.00705164603837989,0.016791277840102564,0.20865084250674865,0.021362970916134025,0.01925957980186753
8453,0.16761984191459284,0.09625523169880061,0.02418710329549647,0.09245934931808572,0.36357928560864927,0.32497392669941244,0.09870470084274555,0.4453697855186127,0.0648623869121465,0.06453046500949279,0.010060383876676474,0.025905106048683763,0.09085884959613474,0.03306817816657922,0.024512596718192434,0.07819494737473405,6.140235978575634e-05,0.14858499773047565,0.05903945626266724,0.015451902791332033,0.020495111546224458,0.225599409503242,0.09412397710302611,0.02093417453639347
8461,0.17093749270696437,0.10286553661506137,0.03686030255014628,0.03917111345558922,0.42413725350511194,0.17191470130993017,0.06784168660079323,0.4890002405939085,0.08487941020244547,0.06653744745545348,0.012893393003792348,0.025933037271448425,0.07728954608756107,0.025529105288642325,0.02620581356660987,0.07941928302069219,0.0,0.15995637273172741,0.06987183010055716,0.011921828246636052,0.021351786427265727,0.28207093743269385,0.0273765940405213,0.06903738605516745
8462,0.11556362865749606,0.09628239660431077,0.02300329291634902,0.0341566793766042,0.3747303141752791,0.20350923192157921,0.028774193410346725,0.48338417748633583,0.06975279794347763,0.06853932820633814,0.010711309689060235,0.02616862858796052,0.10286689307419766,0.049810034495766174,0.02480897246559942,0.06860809928943631,1.447178002894356e-05,0.21275538760984594,0.05201425330365729,0.02040664158016389,0.016314313156101285,0.20754396747344916,0.022688238647624388,0.024107577326988122
8465,0.07689550141129964,0.07801871212810568,0.018284124179055748,0.032487711569367375,0.44127946569596715,0.11175293336067392,0.010355807189844584,0.5995198691488558,0.06678166093455658,0.06523748470329276,0.011761839452718031,0.024913517335007965,0.09348422727389781,0.027626629156159134,0.03145075973219986,0.0659205820151303,0.0,0.5897047577442406,0.05979822724451548,0.0046231008112636906,0.02960770694148651,0.16928386903012232,0.019556227498138692,0.0257627801109673
8467,0.2748315250042539,0.12248291652548252,0.035307726448110914,0.0332030575992624,0.30824398612934,0.3272278038944593,0.014253700412884446,0.4796239285253904,0.062039831768300885,0.06593372692591842,0.05799129299052627,0.05334264125580058,0.11625576614418405,0.03021138806729884,0.02384493808536765,0.17226855092079088,0.0,0.16055157677053927,0.08933570798103371,0.0030210851599964143,0.028386985071285863,0.4092828784414379,0.023249154046372872,0.019041484085457236
8472,0.23041391457305851,0.27976130829244367,0.06338555104181318,0.033429652683565625,0.29340727203097566,0.12323173274031253,0.03387323368487255,0.4738010965180596,0.13328826470031113,0.23325058785226802,0.012305572842002122,0.05497615768825848,0.14140963517201777,0.027873308591627587,0.04420576990348221,0.0762830359592578,0.0,0.21049285104634685,0.23847254033239806,0.013417176504636148,0.02319445957702413,0.23639426847878198,0.1625984295870569,0.032042753131877016
8474,0.20610305128667683,0.09933732972301865,0.021095470325650702,0.04988134353396775,0.3351544983092042,0.17706468417764826,0.22384534287805147,0.4844973764487143,0.061750982708299915,0.06402074145520802,0.010720781250900995,0.030562616380747608,0.12353606286860103,0.032925261365757595,0.026928795231816283,0.07507315928459782,0.010526315789473684,0.18772647400718342,0.07680156529237374,0.006492424757713424,0.023161875936569314,0.38095187176528555,0.0234431392617042,0.0339659936788326
8476,0.10801198598405998,0.09765380528290538,0.03767353186588434,0.03990600592413647,0.4374826321046086,0.13261965262664652,0.004092780182127389,0.609836011659971,0.09635374029204159,0.09573808080250207,0.036493941440410654,0.03948301180183848,0.09163651284959246,0.14642158345087344,0.06569474559381844,0.11113383175157905,0.0,0.47295184267861407,0.10036160804433131,0.013610393488548858,0.03248348547264854,0.19260966317547257,0.09886781008409302,0.017924203749805186
8477,0.14690123891899845,0.10073173838036062,0.023052359764731477,0.04370974337904959,0.37484087393228854,0.13983288204356087,0.04955862106683053,0.470395167449839,0.06334617169204303,0.06813674793758963,0.010236385693999768,0.02733991999041796,0.08917724088438417,0.0997294388702504,0.024512596718192434,0.06169911077731403,0.00019336295055544594,0.15731153572831202,0.06689767563950202,0.013351702223813653,0.020604889180805684,0.2009480193031427,0.027849504408414445,0.07447332528812732
8489,0.14797200744609448,0.10288892455140114,0.020865110211706422,0.035378751962735475,0.3196751107540862,0.24283102242394025,0.01837371712342033,0.5509817418179052,0.05893299994227078,0.06354382983928283,0.018543258319694497,0.058823565684205964,0.07942062241435438,0.03826271789163984,0.025421883404472937,0.09846183924105074,1.034126163391934e-05,0.18798699031390279,0.05552035343288574,0.008712027000460124,0.019933549176600836,0.32958394958843473,0.20526314815132168,0.021029659624045502
8502,0.11660399981141328,0.0889612161898778,0.02912766943434656,0.10573523904313378,0.3693590600381544,0.12327018191488576,0.05823912064250506,0.559325287410599,0.06317633576942008,0.061676999993601475,0.011570187136195998,0.03216712812621489,0.08846165787235014,0.04890464870160336,0.04704976304104454,0.06288843418791142,0.0016666666666666666,0.20329406870004266,0.05887403827799445,0.01739012424670604,0.1878859368265176,0.20417953931569321,0.02934505057002504,0.019137460716985424
8503,0.15260753474409897,0.09554189389952862,0.024446257061919253,0.036289308780557264,0.43188863336140654,0.1282786232014075,0.07363685259644308,0.4819108573533057,0.0649618044640167,0.06352719769528993,0.010023103295626605,0.02490688435231668,0.158999787998373,0.02583818120595754,0.025122743794949914,0.06505668978699493,3.222309970831759e-05,0.1772988782419253,0.0855615507944197,0.006172397114715304,0.020265640514230666,0.2164549404231992,0.02471647060557385,0.11569269347960973
8505,0.16456357976099467,0.08937599413795722,0.02229992711626495,0.14455972535774975,0.4090830070860641,0.15113776719384256,0.048302440725853775,0.542972021176678,0.06469577101168382,0.06547667026624032,0.011482325905954403,0.030426395007465495,0.07685930910720179,0.2062274576164259,0.031915117951993845,0.0659537531206383,0.0,0.16541769622249528,0.05771879784541139,0.008509441989601007,0.02284354460009417,0.22970180041197508,0.023356219695668656,0.018518534126270747
8508,0.139596961071934,0.11245273578849106,0.03436273555167941,0.06688018890640807,0.35378700343073455,0.1376964561896163,0.06595738051067404,0.48565170906917776,0.09115541013328389,0.06792103286974913,0.022434476031492515,0.033865908109204985,0.0914757379351544,0.04507732346331404,0.0239684284780368,0.0686965203539807,0.0,0.1544646334118431,0.06449988524489914,0.007384544206760085,0.02020675433432314,0.23195625546595205,0.029093675000099697,0.029307876982179074
8512,0.11507150854629092,0.09103491196439585,0.022403243986919195,0.05404156252516159,0.3593965776814829,0.12552674044836867,0.09246185472611369,0.6265057337950808,0.06810794644444984,0.064065871515822,0.010822160901529418,0.028306291625309177,0.08902729615082106,0.03221897972580912,0.024623029626107393,0.07018943877262913,0.0,0.22942955569639886,0.07603632764808714,0.009303821389324682,0.02013095280694378,0.19042699044358488,0.024306789827857122,0.01687882734308678
8514,0.1340434746052366,0.1102644990683152,0.02362353270746869,0.03355670136042096,0.3774964134940473,0.14768347990188377,0.09698360902216327,0.426780558719878,0.06406561896015395,0.06453046500949279,0.012380117968971285,0.02790255584510388,0.11095984265722342,0.05032627002322263,0.024512596718192434,0.06933513797907817,6.491290570566066e-05,0.15120198058555043,0.058129373067199196,0.024413520895408606,0.020130520856950773,0.20446450495440632,0.024228963705287317,0.02078125911741642
8519,0.15171962760728336,0.12254257680986162,0.02358573157524517,0.03156102028028446,0.34640178108734915,0.13918177602471227,0.013789511023369942,0.48850314650911125,0.07365937236859504,0.07319218803486587,0.011236158361907455,0.029539079128763957,0.10058708538737729,0.22689560519794388,0.025055198961532806,0.06907913579306187,0.0,0.19507169083915998,0.05869887381544352,0.011895460088171845,0.022417548185375415,0.21071060312291962,0.05300606384894382,0.025324222405644387
8526,0.12373257003156347,0.10577645260053302,0.014969880362117112,0.057770862000971944,0.39252263332702547,0.14672880260744856,0.017705445436911726,0.6173844860700249,0.05790237655166775,0.07372112457975417,0.012733644103996683,0.0266861034340151,0.1352321489946446,0.019922790873039487,0.024702353635928896,0.19499568931653535,0.0,0.4288400117501201,0.0997308581159216,0.0037043671875914785,0.04474767927545381,0.29691897635592074,0.02486435721005604,0.015276162867151026
8527,0.1593305142419973,0.14645512209409164,0.02751579873538679,0.04579701627526203,0.31963587812372973,0.12217665732915464,0.053943007906236934,0.41069734644134503,0.08273164978274743,0.07613902959041803,0.012022000459346944,0.025920485130392752,0.19007085290434783,0.025094387328178414,0.023365190469255004,0.06406465368451109,0.0,0.15420236829968328,0.21177742503988262,0.014310547558103973,0.07371680556852173,0.20793319265387977,0.05494989872292085,0.018371851332998762
8529,0.12529546229026306,0.08963708408997295,0.030404912567210993,0.04271314841518815,0.4723750036297733,0.16834473003670958,0.02835536272802859,0.5024641790996938,0.08334332656864658,0.07021612005832525,0.010528272314384985,0.040059807963977845,0.09562656045191463,0.04011051012191343,0.028791594182620638,0.0629254753980846,0.0,0.2049039715873373,0.0836610980286809,0.005737671825585589,0.01944891064997573,0.2099128337438074,0.023982639612860953,0.01868949437361352
8533,0.1023579023012466,0.0814302958842236,0.020509842485760536,0.03536764378595184,0.42472446895550997,0.13172666920600004,0.044244325781746724,0.4920358547384279,0.06504853702567057,0.07166550764762115,0.010024713781738796,0.024801201011217428,0.09531971017685749,0.031086137452925114,0.0367754379866888,0.06135951296193232,7.142703585862929e-05,0.23016800211412428,0.04930168529072368,0.0070111090925178265,0.018464308966162378,0.20074672589867706,0.019909827486980627,0.018141032238928042
8535,0.1305262318136194,0.09491157027755685,0.023747999188022423,0.03442113981385157,0.4141810139537004,0.16881752415244422,0.05800935196571326,0.4468217481702268,0.0639828866850032,0.06376276639529671,0.010325535137355638,0.025510787785465304,0.08978534362341631,0.03089431922142437,0.024512596718192434,0.060613122321114495,7.17571497950965e-05,0.15199970334422497,0.05928211664917609,0.013525944817805103,0.020154403891136007,0.19727598479276653,0.032435187310428465,0.05637357756868761
8549,0.19371313685319363,0.13010105856040263,0.03397914888061835,0.03203099312476495,0.3853713115466455,0.4216496436218474,0.03143375083556448,0.42740682193464813,0.05988770887933921,0.08553722876511578,0.013110118113578541,0.024382544285239945,0.09193976823997091,0.028511662969965334,0.025006867773731477,0.07367824686966301,0.0,0.14829546092652443,0.06126598137076995,0.008325186645329052,0.032118402473856,0.21529806540416693,0.02330804475313434,0.022413186233857334
8551,0.15080312546932415,0.1280948764303619,0.025976865940444176,0.03982814120126116,0.42230818145608645,0.131744534807606,0.059348492263470234,0.48625728772634325,0.06271521565251886,0.12323487907333291,0.010513408424630485,0.02634298771256089,0.1209537253107933,0.026595220220171013,0.02387657277811553,0.0805773892236522,0.0,0.15789401041157727,0.08552339262230521,0.017936449049952213,0.02356562903964194,0.2160243522252285,0.026325339291327216,0.017940811722476843
8553,0.23871339117170012,0.16556279857324374,0.05590482863562424,0.10146183563433307,0.41914036016313827,0.1911814485283368,0.028563814436694566,0.5838899600449308,0.10147546511324744,0.08735000794881141,0.011617785489188287,0.03989103936144897,0.08397441765324945,0.03694009073343536,0.023749103087792548,0.07708712505033008,0.0,0.1576994665768454,0.09974565495593027,0.008236280405007542,0.04469147101850899,0.26913971588761926,0.031599184439199936,0.017317526630890954
8554,0.13186381836062203,0.09903812477470712,0.022841494888615435,0.055473091356891595,0.4096877883247312,0.13904300278999585,0.027347809759328427,0.47029439795933714,0.0663538646797865,0.0654644929076794,0.01390620941985054,0.024684970533377978,0.08922591177493448,0.026677714908599427,0.02692262289951809,0.06136684404386033,0.0,0.1592768726744502,0.06039458389833155,0.0073016167322138515,0.05058243457990162,0.20615373178527832,0.02473520294058532,0.019100797503027126
8555,0.14684821601600256,0.09299990151782568,0.021942933184329324,0.036737707929703566,0.4043655857597637,0.1312815017134414,0.10986021141978836,0.47673448853674494,0.06349044689346238,0.06390454916272703,0.01091671782651354,0.027265089268958452,0.11759061819705462,0.033469164750116034,0.024512596718192434,0.061484673320202125,0.00011542527206583885,0.18137711985406013,0.08070335535541355,0.019650548304157245,0.01959838321306423,0.21244930962994144,0.03321085506416168,0.01835695106750933
8561,0.12906051369117924,0.08772054851989954,0.02304707160673793,0.0395445583714941,0.414610459517648,0.13715180499903862,0.12251181295679146,0.481789254489792,0.06406561896015395,0.06453046500949279,0.010413265844651411,0.027540730937851907,0.09328654138032098,0.03770336030682822,0.024854746638506443,0.059770013681607316,0.00012094898128764989,0.22016235106620183,0.05759544414185655,0.014997406889291187,0.020841164823913193,0.19844348507698442,0.024045930509366292,0.018679284256983286
8562,0.11709908453769131,0.08083234959821115,0.02655070438340368,0.039600416937899535,0.384617426112537,0.3616943285788966,0.008510016228737032,0.6147103007329795,0.05997190101861988,0.06344905506727415,0.11044820866628884,0.020556615475711606,0.08593175956892163,0.02235978660094009,0.03141160530620862,0.15450755187598372,0.0,0.4323000003713814,0.08289446232247086,0.004418941672708578,0.02749832345277505,0.33951653115747604,0.060158700848313214,0.01725630628084499
8564,0.10738366370988046,0.09773541351516085,0.019520075771473026,0.04699060247299056,0.3784728764700293,0.25273818100669454,0.008625510824166712,0.5470801808812404,0.05580246650971097,0.06739163077854146,0.01800198705703856,0.020478369235743043,0.0894999329523269,0.02453145528330937,0.029099071510170417,0.14120504385335866,0.0,0.3902393918021509,0.05081224323280236,0.008103429539329039,0.0170461554338793,0.26657029182601755,0.030937366807172517,0.020629851514714092
8567,0.15960975026571936,0.10343355480325235,0.025347860940704722,0.039138430176605225,0.34345874216084854,0.12787182152433357,0.05886939140809352,0.5552908509048086,0.06278221871564243,0.06625533970526645,0.011304537006715337,0.027446012858142885,0.07147757665077448,0.027237510433049714,0.02442470412107746,0.06396781505136806,0.0,0.16131425278844783,0.05912375442414453,0.011163931576111912,0.020745583414633225,0.20916177432629254,0.1453322625666956,0.01862157930695119
8569,0.11652904486292522,0.08938674076364003,0.02274821823592626,0.030471936770139752,0.4632748555634783,0.12572769428138608,0.025067697706704143,0.586049127150593,0.0625738779876112,0.0655467516153014,0.011356621294054665,0.02459933416281802,0.08455980844262644,0.02362628323612976,0.023872214403643822,0.06767283334782308,0.0,0.2503319177523414,0.06333417590859765,0.004502525772919556,0.019489222136120348,0.21156826626234387,0.022388970651976633,0.019201701159480288
8571,0.1692375708003256,0.15965544819640134,0.037771098258323345,0.04134730937047986,0.4243132304962949,0.14791107932704808,0.009520989447221564,0.4131589360829473,0.09979997904805575,0.15521659214527672,0.01235442705890948,0.02473335692838901,0.15001955791256574,0.19766672139024588,0.031041404140215178,0.06255595485672712,0.0,0.20217642487635296,0.07278922606769435,0.0029987799489175765,0.02027475221043383,0.2536636391515077,0.02186706231490413,0.01791270927693499
8577,0.33714157880178725,0.3120060054827075,0.027673466884618275,0.029856492291233692,0.3412338484145671,0.276204977818313,0.04750670762947216,0.4051705752010919,0.11720331176810611,0.09852319292098423,0.0229650137238793,0.024062544391258756,0.20750512573011004,0.025202960365033836,0.023194863947279626,0.14287483751031954,0.0,0.1506362091251421,0.2809288436300924,0.01931569011666665,0.11046973624189807,0.44757418551851236,0.045441110953501306,0.06699283136913994
8580,0.1653665410275317,0.09355779906434006,0.01893115803610517,0.0720637658028761,0.3454653744304099,0.21822864881032772,0.0314089734553942,0.5999149607617403,0.1241818616915386,0.06324225528943407,0.012270191028878757,0.02387344734723012,0.15385575307253035,0.11034047868956767,0.07332059372267329,0.10302189560572896,0.0,0.27365769245238386,0.07583708518370243,0.004732766290099198,0.023907604883779854,0.26006226827134815,0.019345059394488023,0.019122326466252743
8586,0.15416211682184622,0.10576401037997993,0.037856019081087634,0.021678236626657497,0.4090295110449527,0.31293973729691515,0.04126706342527811,0.5593841484995299,0.0939782063847349,0.1282448172425042,0.012690642592618494,0.039125297554912675,0.08783182698266327,0.14025915116134638,0.08502070258016223,0.0804498530202202,0.0,0.46652809867395834,0.0631486751112747,0.031455996004893745,0.021352708437146876,0.3638097788582624,0.03761195883895559,0.0872732999752613
8590,0.1412671223675692,0.10766916295038934,0.023062649552356707,0.07253651154555406,0.4037494970441054,0.12603027819082388,0.054514768936730705,0.5203414464920462,0.07468482128681693,0.08255725468389745,0.012540801012360594,0.027835100146860362,0.10167322592611719,0.055780164416770826,0.03883106086273391,0.07695168205439491,0.0,0.16052531160238476,0.11782051656933432,0.005274763596148687,0.031067387702173942,0.23452041036732246,0.022764421536345517,0.018826504344524556
8591,0.1294855563281736,0.08828754058770727,0.02410517299563446,0.04903969173501374,0.38164627858561073,0.1294012048642487,0.10679865994433373,0.44031139539257713,0.06406561896015395,0.06453046500949279,0.01014344541522531,0.02783195580618585,0.09216406253179402,0.03092735398652273,0.024512596718192434,0.06044160486302376,0.00023881225077418696,0.14841053923211817,0.05853208688747022,0.01556357462287331,0.020841164823913193,0.20706422687122245,0.024405933017664753,0.01880978628292469
8592,0.21883939196441624,0.17094233025617134,0.02503264614893008,0.04768509075508029,0.3271855972871942,0.1738370745766912,0.09663446122721872,0.3695945014605062,0.08696312909333942,0.1695083091798264,0.012208553310798325,0.03362122987823471,0.24415202560269594,0.035360768513821104,0.022998065947989522,0.10786966243825867,0.0,0.13937208219000005,0.16805025218627012,0.008001252825442822,0.0201272928128328,0.29657782064656646,0.0244462327712934,0.020057003332280506
8595,0.12037192813373856,0.11066111042507265,0.022171656353265054,0.04899043089953818,0.3727275922652547,0.12946233351539196,0.030277194070217464,0.5206488885012917,0.06406425312289345,0.08805542626960745,0.011409121499352508,0.024866634146257623,0.10767090599946416,0.025383895087798005,0.03515936491354424,0.08019010881077553,0.00018018018018018018,0.27010018663792157,0.054405594018637586,0.005119725704951169,0.01660771879544305,0.21831929988104865,0.02270096696955272,0.021036909426055024
8597,0.10558621806909063,0.08265257672942243,0.022912993001575028,0.03969424408700098,0.38397798017503554,0.1202347231594781,0.049865961647867725,0.5339750396315776,0.0643032264701215,0.06445333569499645,0.010403314870423041,0.02543753001925221,0.09309476091270344,0.03320732441375763,0.029141424582817287,0.062162553844761846,0.0001809792891775138,0.37065803250993024,0.051920831804339256,0.012781040406165067,0.032452209588694055,0.17522282281035512,0.023094515147234377,0.01725061994749783
8599,0.12790255978563894,0.09458220323212384,0.024209917077166444,0.05240966528576901,0.3955044631689573,0.12813033119799067,0.12246423207022439,0.48691752603929844,0.06662712701723104,0.06558334376663807,0.010061462825289986,0.02917456910513183,0.10117826737522194,0.03139153194580173,0.02466594643933968,0.061232250261789536,6.904697788962411e-05,0.14662835437670935,0.07611843281894405,0.01266372448828167,0.020794899352681088,0.18963947414996535,0.02584159222464697,0.018823392612301343
8601,0.10292828136776577,0.09730339414083558,0.08017644654698258,0.05692440959904709,0.4101510284276625,0.12645455223322766,0.054242821545225375,0.5879380791373613,0.08416228405992149,0.0838914936667618,0.010472821579151602,0.023821437334979857,0.15487798558078347,0.02570463974064268,0.025204408863870008,0.06431281473599831,0.0006172839506172839,0.2830199479149923,0.05787077839168352,0.0183030649357048,0.017516478439428752,0.20828457323398544,0.026054016347835187,0.017455190739920783
8602,0.11813062870117402,0.1535624885449482,0.01621913473420943,0.028913908431213456,0.32247172652995476,0.1666593744922114,0.0224504287001688,0.5010086244823451,0.05858843124278267,0.07831143399466041,0.01407808137761452,0.021261359652199652,0.2274754260742208,0.022930690242946694,0.03739714099764882,0.1901863647090212,0.0,0.4539852949258003,0.1155254142225822,0.0032154923314384252,0.025674291919804967,0.2876489192803585,0.03574423639848852,0.054907591618568195
8609,0.14167461846464918,0.09432884833764163,0.02713751207881825,0.037592947193062554,0.3662646642382834,0.13343755762949294,0.019671557249970738,0.4787785928068922,0.06252936151325189,0.0649930645185411,0.011146268714398824,0.02362444803411452,0.09048550867627021,0.029476820571631968,0.024512596718192434,0.06415519617286844,4.800604506141463e-05,0.21180011028101767,0.0657768761071083,0.006862998314778598,0.020807543400134382,0.23093001277145284,0.023513695689986024,0.01862144624600323
8611,0.13630357610756275,0.0959436403017447,0.025033233003649173,0.03982430885037863,0.29394902879337625,0.3714056170741848,0.08140833050322513,0.45657198702425583,0.06708596541175908,0.06362396125886931,0.016214180275117306,0.0271286570957218,0.14127495445424854,0.02537725214765947,0.024612581632960873,0.22314476512994597,1.447178002894356e-05,0.1515101971779586,0.07090802008030185,0.013841684268999904,0.03001271309072384,0.4617079173593971,0.02339706453662709,0.019834577975182833
8616,0.10147226555606459,0.09789345873648864,0.019324129031623453,0.06651620426274327,0.44917301492092965,0.13168972247523503,0.034880579070406335,0.5941832580461809,0.09931843996179986,0.06518914711355124,0.011712747302237387,0.03800082958201088,0.0723101953682894,0.1595034985984911,0.024247631696368455,0.07978732613275494,1.034126163391934e-05,0.32397600151408235,0.0492022503877379,0.005439816691103689,0.0766613611822939,0.1838716116795866,0.06146892151311987,0.029337031303945035
8619,0.21528743233277567,0.11648132428114795,0.023896291798632646,0.03155819398596575,0.29461113542992917,0.17527618816452192,0.029245800597954553,0.4701980255810603,0.09244658560235756,0.08688776689105827,0.01276210564757409,0.028461645532465118,0.19069569230707203,0.024887323303255663,0.02467430971162446,0.07308476561095527,0.0,0.1957344984594338,0.16225329554402834,0.009745670657815663,0.021646556474584182,0.2771267448992533,0.03314655980276463,0.02024884416768643
8622,0.1278430392326355,0.11700901787269592,0.022731327139596566,0.034636328396976564,0.3593048521214682,0.12557310253270554,0.04718078150121608,0.4663410605403035,0.064016999174203,0.07000553932568106,0.010222403948772758,0.025805105399707057,0.097231561808676,0.030891092126004632,0.024512596718192434,0.06198918555489746,8.754009514819354e-05,0.20145771168040086,0.05759116194693921,0.008779033878487228,0.019867525184173576,0.20269091056507413,0.02292580891711122,0.023086777589268675
8623,0.11823930529311298,0.09220565148483251,0.017501408933447295,0.02936117683946108,0.42540944868554315,0.17070454377920477,0.008140126804293608,0.535815524855008,0.06383075956300786,0.06533246993600553,0.012875502219576652,0.021425715499150063,0.12743678067319686,0.03818405051491169,0.036482666823806444,0.09047147955865437,0.0,0.44107984914312376,0.047971660386657185,0.003458078667381379,0.01665894084089716,0.27859675283721463,0.020745927282789966,0.01717947972928251
8631,0.31756569150599734,0.1127496407643228,0.025118882581900186,0.028811755179870367,0.3657844250761788,0.32556990138937614,0.02490610294762501,0.4992389268665356,0.09911411653909048,0.11872283375304175,0.10302201310923013,0.0235674480584481,0.15508645255590142,0.021604953751389284,0.0489513444571404,0.10225120138823054,0.0,0.22967223684979754,0.16120691736470874,0.014187322351947638,0.01828416834248743,0.4106990655460171,0.022388598216100113,0.04420271105561357
8632,0.1866502747135429,0.1074382331301772,0.019676503274430986,0.02702354481401622,0.3705773325343314,0.34503962198014065,0.011772987721652237,0.515394789896938,0.061846424845083584,0.06897097835104617,0.01273183348860281,0.023445484842353113,0.0894580883618397,0.022940403314896753,0.024721412664270703,0.07413786326753175,0.0,0.24341793904561992,0.05705383015762535,0.004323810804703419,0.016651000367597854,0.3487151462370877,0.022424831043124916,0.01703849742203728
8633,0.11119458176146291,0.0794130623380414,0.024131230477488937,0.03913557194639913,0.46134499966070025,0.12815890536625965,0.07004020630284705,0.4639720574893611,0.07078869338320459,0.06453046500949279,0.010469726320551978,0.025743005971662934,0.09339064474900854,0.03227680768129009,0.027069278422412704,0.0607100969887861,0.0001557866990233857,0.23927389158429008,0.05289464141517418,0.013629682052096416,0.019517196056727016,0.19763791524408383,0.022635750478866224,0.01906419644112394
8636,0.12145282182327412,0.14211105890073553,0.02351491328551279,0.02207394973287697,0.40329573411063224,0.14403185334283874,0.0030447541223708476,0.5276348935661628,0.06033681782804187,0.08156748020689676,0.0322531209536714,0.03725018924415085,0.08336638730561947,0.0282485238468172,0.0389348356751844,0.10400440407889318,0.0,0.3116314493635512,0.06986188967122062,0.0011583664495222997,0.04884637275128819,0.226433308169608,0.043139688760708304,0.020294904527372135
8638,0.17941674394047222,0.10585609966247646,0.021145513760820175,0.03295145429960169,0.42737307316195716,0.17311618606342222,0.017062518840801098,0.5659065902711933,0.06278095421820376,0.0856417482162585,0.01368511412216691,0.02610556445698525,0.08893818428565181,0.021030118623786773,0.03589355225912407,0.08659620205291002,0.0,0.18328432582168808,0.056981459708575315,0.00554043810744767,0.01990364080621801,0.2398929186858405,0.022932489865404894,0.019038514675800453
8645,0.16907941573841204,0.24359953840484055,0.04001014496510043,0.08696285272044735,0.34523498099568234,0.12176581881412922,0.03186244220512591,0.49898896470890486,0.14587679337278525,0.09040829072013686,0.011110154570134019,0.02574802514215039,0.09290447947930446,0.028957173177514874,0.023253785671337082,0.0614839143188896,0.0,0.1921595684311975,0.07552729796993693,0.006705893044157663,0.022255659509954676,0.1777305887820259,0.025495022860296188,0.08347803227976412
8646,0.2413815570402469,0.22442612168595605,0.06816611939024418,0.03640827681962187,0.33381789193618794,0.13541181228397542,0.016137512915532035,0.4934541792441734,0.09066728259783942,0.0632693436182978,0.014566212025433763,0.028230430316246106,0.1321309834136255,0.04352365084959662,0.04452339113385493,0.10633821555133166,1.034126163391934e-05,0.2332906581854417,0.11984511983042231,0.012025563499550784,0.027643020612965287,0.2653975956382969,0.223049840080502,0.03064327638055946
8647,0.1622580766001541,0.11486691886458548,0.03268407766443548,0.05515633638284092,0.36006179353948503,0.12501106293470854,0.065924771608308,0.4313980123683879,0.09686552057355648,0.17251735632468002,0.009880388543384095,0.025462241046426422,0.28298174604750304,0.03066941557644036,0.02510215703360879,0.07617596113918407,2.1551724137931033e-05,0.23082092616126573,0.08435737554544635,0.0069640405819486675,0.017927256401299874,0.22590182585793664,0.020382491756963494,0.016501927214310277
8648,0.17312909213152355,0.10798496911787446,0.027528831701816903,0.03355942099815805,0.30764347835869144,0.1513617443206504,0.021018216400561986,0.5020219344981911,0.06406425312289345,0.07436377115739792,0.013243212537839714,0.026267841854145303,0.2112281282118892,0.02259926780537662,0.024301082760124552,0.0924023185796553,0.0,0.20872692872648763,0.11145413476926633,0.006374210292942999,0.022046485154328322,0.32178523760184646,0.023588365627581268,0.03066994204107687
8652,0.12545946376484465,0.09237369479108017,0.020728635155390668,0.045245776603512436,0.43518481999599523,0.13081232652483005,0.023059471400959063,0.5785049333777313,0.06350816387199483,0.06302925091032274,0.012027145073681425,0.02443359101669537,0.09387440061536788,0.02465099166409958,0.024786070290055986,0.06690993957890339,0.0,0.23162816972321465,0.058146995792641265,0.006617944080169298,0.01991608470607072,0.2048573113521532,0.029131913235964743,0.019191943933172112
8654,0.13481224025818472,0.09368440744788493,0.021910676988638876,0.051403190729540624,0.4355529770543679,0.14296449083156848,0.01350567631778674,0.5405393845100985,0.06437410323044773,0.06488858476876884,0.013887731886784367,0.026113653027413752,0.08032331244527154,0.02269923911144123,0.0235757435403156,0.07047421772814023,0.0,0.17248967226705608,0.05523800782433587,0.016805263625717163,0.23100770652594083,0.21263724892551003,0.023461517886622762,0.018842569132915783
8656,0.21798975139788757,0.20603410231081487,0.037113860879765974,0.02839022641832262,0.31171738667612464,0.1258651489892065,0.05004703704724502,0.3611140944067543,0.10612853698008667,0.23559366526534564,0.010656081325767215,0.042592569886709584,0.2882163595646742,0.023270681490486386,0.025407202346678773,0.10194095164721363,0.0,0.23915556670409802,0.13405126062331552,0.0020808974342465163,0.017222058603151534,0.2674474796010461,0.04263333196198264,0.01864728770250726
8659,0.14109003145342652,0.10514459748456031,0.020443006556523657,0.04082668599420965,0.3063084635049601,0.1806687177258772,0.013413822820852763,0.5105673171014966,0.06221223533846023,0.0678421862508853,0.010304934151988602,0.02429124847615012,0.11321704921218018,0.02212805712579802,0.025577178305561766,0.08069836559519024,0.0,0.2862620116959378,0.08230986607535488,0.0030448140921944455,0.016932909478690722,0.2591830162135282,0.02027857316655963,0.016925150886279168
8662,0.14745907239978426,0.09801981140739796,0.025898188937510308,0.04090546704210097,0.3539600462347072,0.17113088433177825,0.0767367627461425,0.45759914075206126,0.06806872434859929,0.06347474957346975,0.0194496549379345,0.02739970549000069,0.0979693395949734,0.029388408326968634,0.026259557916000785,0.06244481412924767,3.635361810334181e-05,0.17068882278722503,0.05966574372438331,0.08306139536127014,0.02081818267585897,0.24296787622300023,0.02356599672491995,0.02067506950158391
8665,0.14341268269204913,0.10620194148651561,0.02288618505365059,0.03042538816751247,0.31533742070226023,0.27900384756269314,0.03119734888160969,0.5134238241731128,0.06100541471151638,0.09757626951908252,0.025523089105731506,0.024906809285666576,0.20482605158287787,0.025666450280226783,0.024107689909475337,0.1548728976378827,0.0009309727471653073,0.20849208920404527,0.06568542391127491,0.005646558250264433,0.029274524440444538,0.401056073722395,0.021883501605556334,0.01649309463781863
8666,0.2871148493638623,0.19190041887160372,0.01899518646581277,0.03140510520192193,0.34686295767341724,0.24494747383906007,0.011510252992199974,0.4882644699548296,0.12503824713332068,0.08931052316824753,0.014561978343416134,0.03528868667710763,0.12956203860390908,0.038470526482946035,0.022899360554682825,0.0784869628401106,0.0,0.1615470847398719,0.10228037006448443,0.0018616295187592572,0.029254967639004634,0.3285779509367074,0.09044879342732572,0.05262943494701819
8667,0.10438592540755495,0.10848209101840174,0.0211294897111708,0.03144666266086814,0.47071806595085164,0.1959676219843334,0.027538426300981297,0.5608187308347947,0.07747120540144382,0.09941718229110169,0.010874487851560144,0.022947344642826904,0.08751054377326634,0.024136863576465942,0.026246918409359235,0.09599619017605,0.0,0.28773974593342283,0.048262877954581375,0.009364353828897866,0.015511855016358204,0.20131018902496833,0.019421240093617235,0.020103892684072693
8669,0.15009993518357911,0.10009113940938372,0.02179239009104653,0.020622646168122025,0.40632823672645296,0.15275558866128336,0.022818756025479527,0.4458881659492359,0.06416256054315887,0.10713982147869043,0.01195789693591353,0.024015715025557546,0.2661881780809267,0.024383839660970557,0.023627795339119455,0.10886123310340587,0.0,0.2564433626580405,0.13392031572144927,0.012665497297830173,0.022188691941212094,0.2542816862510532,0.02565488994347719,0.017184347180099462
8676,0.13973986248716946,0.10147814688261256,0.02432757429079835,0.04231936486361916,0.350786826901441,0.172020173725262,0.1167930748483702,0.48176694916650686,0.0641167654620716,0.06736084509170798,0.01015834868055673,0.03293523431166953,0.10258791539262355,0.030386592322809207,0.02401938191092666,0.062138672172955406,8.132284551649664e-05,0.15766308980784813,0.06085920744184727,0.023810572200343147,0.020950841660765437,0.20525860283150105,0.0244903692010562,0.018705314434099733
8680,0.13652446710571925,0.08751816564556661,0.02246479095974466,0.07573266779352061,0.3653293238227815,0.26282030917637744,0.05928362229591569,0.46914431726845945,0.0569847972819981,0.06376276639529671,0.028633782693267933,0.032176101713504324,0.09755658245596567,0.0288260346441975,0.024243882706676118,0.12710344684113115,6.304363904637704e-05,0.14735866837517736,0.06978559768414912,0.013080002659861669,0.019761049381685047,0.3472592904567898,0.02356695360492724,0.01880978628292469
8682,0.12434108337131686,0.10240278468626379,0.02299344419154437,0.0402725617230246,0.4625667901591905,0.13118481705183183,0.05860894946936454,0.4911909981724765,0.07705655992763487,0.07667259289276775,0.010978999954810125,0.02636809568375135,0.09824783898126892,0.02823003541059009,0.024535547271396126,0.06638462249242309,0.0,0.22515752665720917,0.06153715328701666,0.018325367012028186,0.01913190187574329,0.20273753635509778,0.027046566950456475,0.017987235445452186
8684,0.13084539329576014,0.10075487440609018,0.024475330445831958,0.033982319876195356,0.41347030255657047,0.12626487143776996,0.06878470376309481,0.473832902007916,0.06406561896015395,0.06456485946387003,0.011961738374812155,0.02706030936094184,0.11173542822699671,0.029105478904552715,0.024825279772532,0.06783266121740979,2.5378855618881745e-05,0.16025485062952488,0.05906069099783282,0.025686365848598097,0.019273903928613077,0.20953496894002016,0.024610939735483357,0.028384896987584028
8685,0.17690743899193845,0.20510484598762488,0.02530439016961837,0.04508251781382354,0.3118794333311633,0.1528759496163698,0.0571964491444978,0.49007360780338804,0.08770179341007621,0.0700328792453521,0.011718152569688653,0.030588286424015787,0.1008535882888063,0.028144005142882466,0.023669696134328247,0.06343587865167351,1.447178002894356e-05,0.14995207713522088,0.08823472481339463,0.007008351692411861,0.024200401293357668,0.22999675909309275,0.057484403914429744,0.019003263477618975
8687,0.10682801721060926,0.11921614441716684,0.019060107744077914,0.02577083673029261,0.44214616519261285,0.17584415545881973,0.009391323544409517,0.5363608357637343,0.06142917815059751,0.08128689576095663,0.021083051170927968,0.01953903489633653,0.09223533768598294,0.031741000005523975,0.024121128792351832,0.08252332336336886,1.034126163391934e-05,0.27227424761722663,0.09807872270750329,0.002923301180989935,0.016681887706017605,0.237233424359317,0.019969648062656623,0.015824139234058753
8691,0.2370729075855515,0.19205284307897322,0.019254532304441956,0.033160957165852156,0.444234941946468,0.20495637806691794,0.023997304849319577,0.5412254107548898,0.09147016917428077,0.10097152342590865,0.02232401671433616,0.09030905447896478,0.14817422213131642,0.02157945460217068,0.0230598692096886,0.20246701995073743,0.0,0.2819571731291683,0.14801266835485014,0.0026422435056343784,0.02781899066427496,0.34827468237771286,0.044752678047236066,0.027994151667315385
8700,0.1376703557158362,0.08192693522251701,0.04950662190280244,0.02955287947017791,0.3449599950189761,0.13712759078055636,0.02328318020952122,0.6723162269528123,0.09389801762599927,0.07659659808281026,0.012637590579563809,0.031101585135984808,0.09030589964288817,0.022353572485568282,0.02565933646941129,0.09898168778927006,0.0,0.2868177709240639,0.05967571367291747,0.00345599195926451,0.018824839583127286,0.23728825982139007,0.022447543411940277,0.017624751543049544
8702,0.13129245956750846,0.10665630972025236,0.02651421044307058,0.04270650163951848,0.42960882002973866,0.1466232547937553,0.10037473938800186,0.43909764299801096,0.0655861676333494,0.07558510991853733,0.020134319154878552,0.026404907153369264,0.14732129893931684,0.046767544243103976,0.02424707465790096,0.11810333639256586,0.0002496996213243505,0.1582362338431737,0.0630120274764348,0.01582139101986502,0.020840676245019795,0.2818757291782812,0.024421867492339797,0.019396179774838578
8703,0.12812871137598109,0.08772054851989954,0.024115749869840303,0.04274596721090654,0.3724288617082363,0.12814804560054235,0.11872730108717651,0.4587490514454257,0.06365502445241553,0.06376276639529671,0.01003925072746217,0.027865341517920816,0.0923871904102202,0.03503713167927523,0.024512596718192434,0.06074667470112271,0.0003861551141526243,0.14985628244552152,0.05861679206867515,0.016857715013230558,0.020514569166751803,0.21064193302663092,0.02380072169481218,0.01922599708632923
8705,0.1027173247462599,0.08503799822257331,0.021260744157355117,0.049046134353553324,0.3688742607389576,0.1340159108362257,0.017945291854912112,0.581624803833477,0.06354701878995327,0.07167803456091143,0.012317398324819411,0.025233514129814057,0.07767632740821344,0.026067475159335263,0.024689750133400877,0.06554364511808859,0.0007407407407407407,0.2387503993159233,0.052536970788584075,0.008393406030944418,0.01770604256629372,0.20870233669618554,0.02199916387162961,0.018111237570591396
8706,0.17223001794667353,0.09788965798150162,0.0211646470507766,0.042795672168040186,0.359779492038082,0.4063444702038306,0.05153719834985698,0.49609401929503183,0.07051534049930136,0.062488004936320604,0.015268345583792222,0.026145679567873885,0.11198324777903697,0.05088380808232205,0.026588754234650333,0.13755591628581695,0.0005263157894736842,0.24450574328662156,0.06685452075861467,0.03784334446933239,0.04238237610894391,0.3447462217291885,0.023007766934666343,0.02790097664312679
8707,0.12033808632301658,0.09269850002366407,0.038521914779272526,0.05661055278692774,0.48664647497302627,0.12829143332832385,0.005956440514755384,0.6276485849750586,0.11191612524065031,0.07485079526172418,0.01294282149004264,0.03102870744863771,0.08390637207064573,0.020565828999719038,0.026912187548574922,0.06937386107099479,0.0,0.4092629220645057,0.0628398070304668,0.0023630810429792746,0.020124676524983433,0.18018797733755218,0.021013329633797206,0.017454452433981697
8708,0.15117950496592567,0.09695298478078829,0.02462734597629805,0.07644100405233246,0.38836232862654113,0.1230911783905025,0.47099837757136365,0.32249729772216723,0.06481943372870952,0.0659072929545612,0.012429515881154747,0.03398192569759698,0.08710999336612728,0.04178555109533044,0.024512596718192434,0.061168176031919576,0.0022073527242025453,0.1491585381772051,0.06837970951959654,0.01929170716140151,0.020844703989694867,0.18262306286281146,0.028532959963817515,0.01720682906204022
8711,0.12947272019046807,0.12608611082219093,0.02511668294555767,0.024983343792454846,0.4084442986512799,0.2539962069735029,0.0054372899467835,0.5163794570001988,0.08183826499811123,0.1376105608350236,0.012100748574958546,0.021437498890459882,0.14035881021111205,0.021473892930394697,0.024541154467307355,0.11908265975089867,0.0,0.24544907328584345,0.06450958491976647,0.0027068926986498344,0.01688366627951176,0.27612795708070864,0.031228456060193432,0.0341115566447393
8712,0.13050507888029908,0.09090270125994147,0.022548950514266326,0.039327759592971134,0.32932375173579176,0.4024020323588458,0.10853345602124681,0.46131916886722185,0.06336681312202924,0.06450903588862904,0.016060356298169987,0.02782766139582813,0.09550874388587902,0.039937109561917976,0.02496667867757234,0.11322227980749554,0.00042349680562627146,0.16696790691204172,0.05905473117508939,0.012526779868183527,0.021829402727755232,0.34184025182915784,0.023588029327330333,0.018244314756794926
8714,0.1499300845324598,0.19206404298262014,0.025327721095628957,0.025333004930498584,0.37707035231841807,0.13077892452041393,0.019386501404384124,0.4658371916230979,0.10638351845970515,0.07684417524068195,0.01244777684948104,0.025314417369611042,0.14128872712392065,0.03346210256624756,0.02701364527487181,0.0929701157240954,0.0,0.22851658096518995,0.1501173330067865,0.012582748657753726,0.019759236424109906,0.21364353594888955,0.03222197936392406,0.020139824082534546
8716,0.15901345402451963,0.22101496031689194,0.02470028349567542,0.036300298256052556,0.31577179141556666,0.1289920589646845,0.1261476830931761,0.45528046072054507,0.0613703641906693,0.0800748166657737,0.010424418529939193,0.027461898832081402,0.21061588954519944,0.029949519804648866,0.025964576386464232,0.07829410313034296,6.491290570566066e-05,0.16433404577407834,0.08619182443374336,0.017382477079571915,0.020506688676556365,0.24624269006152338,0.025345152940047272,0.021274830082719087
8717,0.1048640697065744,0.09382495730866458,0.02276425705630582,0.03700898575513009,0.3989919370656078,0.11378873333224306,0.053160299800478705,0.5367345335855249,0.06304875406025745,0.06376343192040818,0.01022157041522531,0.025129786842739203,0.10715491503963989,0.028399653787272054,0.028183606346001536,0.07133797912601075,0.0005632352215330449,0.35465892756543416,0.07207437463644195,0.029235913782308942,0.017438406021710727,0.17356526121202223,0.0225898433148133,0.016804472346489227
8725,0.25728297973071745,0.15510070287838174,0.03384470676465613,0.03664082103432084,0.39694467797825306,0.1472331850799832,0.08066879349838339,0.46572658940865963,0.06429854578226175,0.06867707219510973,0.010333585631926068,0.03865248279033415,0.09259398014594838,0.042235249800764915,0.024512596718192434,0.06056725341515255,8.058755433010303e-05,0.17664493437950202,0.06340972170215509,0.02064557814338376,0.020076474056857037,0.20337740575414892,0.15473444460574007,0.01904907284893385
8734,0.19706471470801162,0.10427414170922958,0.022761442413336427,0.043184688967486305,0.3702511372234181,0.13571669575482342,0.038164007948025144,0.49046692569129424,0.06386844219702223,0.06888040236759119,0.011133692862490559,0.040494051370023924,0.10400131573537368,0.03712048942370747,0.03776629193809941,0.06901616933692764,0.0,0.15902621438889855,0.06888017079617659,0.006119623411971786,0.020163429207163266,0.22767755677339774,0.14739967221378814,0.021758295434730294
8735,0.3726966494320952,0.2540998438860836,0.05714718411703516,0.04483790863689917,0.3413377662276005,0.13192302438371117,0.04145032053213526,0.44628919318785315,0.07972829193637969,0.09026965958134339,0.011467090138215692,0.04266333536760948,0.18424525650458967,0.06388368052397007,0.047797504362240006,0.0944572547824479,4.1841004184100415e-05,0.1638142889637566,0.12838784986543872,0.005248580578057141,0.018373239712346504,0.27396485955705424,0.13911420415435857,0.01987757443468341
8736,0.2600868322554749,0.2021693940953138,0.07152010077823918,0.0880903762905684,0.3983932054157425,0.3148863814345529,0.1467627754964106,0.48344008640243014,0.15148311604633347,0.25045981094754216,0.06664195175609364,0.0653739677502339,0.3443638803875382,0.10843845052513162,0.11286795021708379,0.23831385418221537,0.0,0.44126466359240973,0.20167881615332972,0.023061827031660598,0.12579410150722012,0.45260226893302075,0.052288376508662845,0.07690413035645671
8737,0.197382189110272,0.09880310734991715,0.018535344256243064,0.024502749735797347,0.45825037388901535,0.3169139983959192,0.01682036585926573,0.5244767081326107,0.060291066887502104,0.06477842678505327,0.035500669866258806,0.020242337528868493,0.09429659125584192,0.03004252325776521,0.0270026555761031,0.09611555814365978,0.0,0.43233833504081415,0.044103381574705364,0.0037986736050595105,0.029994161788365954,0.26946508036193906,0.04069738234609213,0.016624291420101488
8738,0.16069974708972268,0.13512278849242595,0.02411792217282098,0.03268131227803919,0.38481784104449246,0.12723328672995107,0.03160385456340103,0.32164424559236177,0.0784007132511088,0.15472850534174548,0.009972390262345893,0.02348951181815692,0.15673516139043475,0.030794505226890433,0.02527811016341425,0.0625920171365891,0.00012170135463840356,0.20806003457748834,0.09194112117020806,0.008903948671928839,0.01762081421978197,0.21065533209096413,0.02435006030931154,0.01704225587880171
8742,0.10462187652110036,0.08173709233268013,0.023133280163002302,0.03770678087933701,0.397470124254229,0.13664906468620797,0.05733587112246624,0.5263003268344559,0.062541296805424,0.06408269544025996,0.010562582327663484,0.024352318056961492,0.10862117435151404,0.028867519688788045,0.026383878919803365,0.07586114800391898,1.034126163391934e-05,0.24479711443432858,0.05483204843817991,0.011394596285977488,0.017777051069279303,0.2177298064705967,0.021373533118178897,0.01802850480087532
8752,0.18082909539937783,0.09496876457025305,0.022952938031254262,0.03995452328971629,0.3930198223082914,0.1789331311086513,0.07544213621401404,0.44933990199380447,0.07100144470647272,0.06427955018676537,0.010254528532639697,0.026394576351727914,0.20187621204699732,0.10609875659899679,0.024512596718192434,0.09742295601659448,1.5037593984962407e-05,0.1442798160538506,0.06902962142716905,0.010359351443649086,0.020284633491291594,0.29050746428555646,0.023712521794118237,0.01754221280206604
8754,0.15079397581133164,0.14424697783338533,0.029155381742754862,0.06679890150017835,0.3732261593498554,0.11547308800253521,0.055936886943442315,0.5846930049882068,0.1173565666357318,0.08714108366616859,0.014832176057048792,0.06430935114957055,0.06716724842269206,0.03953916382776374,0.03633706514877892,0.11206897051160723,0.0,0.3345910494463385,0.10383419924878468,0.002982143834435192,0.03982236357522883,0.2022230792594895,0.13662181510952148,0.018016906126919408
8755,0.1599949489109006,0.138800611651566,0.020906051106024216,0.1369104641156408,0.37443617718611866,0.13060665946701852,0.02699760606435764,0.5398944235466014,0.08304712504108061,0.06385078794204524,0.014520332494432029,0.09767280972334134,0.09465653476372159,0.027266266926850476,0.035138923508654066,0.0655494535619493,1.034126163391934e-05,0.30085804153012863,0.09049324714124257,0.00324645791440683,0.08041421048607347,0.20024602494951116,0.03383607975245037,0.02591725331556724
8766,0.13385035320547012,0.09376416161928798,0.022401362152282802,0.034986710654478954,0.3351540361092031,0.310821974921308,0.04626316018523277,0.5101321759175846,0.0635392186984914,0.07433311464297158,0.01573239600072086,0.025289211404930394,0.07909932652135039,0.025186672110495835,0.024029016670080866,0.12605409936530523,0.0,0.1860854304552268,0.0703430412796013,0.005216860467907421,0.021204306214141794,0.3306059657912388,0.024284065032114343,0.018428503126493224
8778,0.14866627381981476,0.09383956499988132,0.040684456389872725,0.03732293680164945,0.41115406454462067,0.1304243332781032,0.012197464843625393,0.5298484542936925,0.06429926181217578,0.07401690210672913,0.017276231651978644,0.02213198523484905,0.12349915782447313,0.02355945618689135,0.02381752479544151,0.08917488211619774,0.0,0.2215621753455971,0.07906263333777847,0.008400474306725766,0.03649862623649011,0.23543220061837972,0.03405502713369864,0.018323781000013525
8780,0.12115393468237556,0.08846443200376897,0.032149182167957265,0.03966350125218285,0.31695826468458554,0.3459032333391332,0.08012072015173949,0.543864473349,0.060815857527634146,0.0640828387764438,0.02560542488541306,0.026498032476381522,0.09299337620659694,0.04015961795525243,0.025107565057065937,0.1693295001580198,5.2136563456438846e-05,0.22338052570708314,0.05076217933636969,0.014731725347609463,0.018763979935384877,0.31665741070116443,0.021856785226840897,0.019213886362984902
8782,0.16231310265051843,0.105056544049728,0.024952290080315683,0.04036273772083767,0.38380161150288283,0.12951475812252902,0.03966273684379815,0.527248189089409,0.06628024542052936,0.05989851865201598,0.011065598701767125,0.025795101524300583,0.08152197770515458,0.025962678435206457,0.024211228417333114,0.06236913124312395,0.0,0.17932627333509102,0.05964324898380841,0.125947711419789,0.11826914113084701,0.21434969886978078,0.03031056547088952,0.01885997416525752
8783,0.18630192015380093,0.12152896894028034,0.020261496734836067,0.04129009452759894,0.348676272583149,0.15626563258454054,0.01148760588570526,0.5344440968201573,0.07541272480593966,0.06506305496568318,0.04530946366246378,0.03478307358903532,0.11207461958180426,0.03140017812833884,0.024180062525226993,0.12734208233161287,0.0,0.20902761994181188,0.09016726234397514,0.0035231256575869196,0.016641552410844494,0.3065520370555927,0.09187778106858248,0.027481456089606372
8785,0.09798649686962906,0.10437269754437625,0.02054124915240357,0.07250870085892108,0.3868912203082325,0.13320365995857752,0.00689485360726122,0.5779881705474673,0.0711423048026771,0.0724500743911274,0.013457547477571488,0.04022674498674896,0.12946613174668947,0.021393264106715222,0.025475476732291814,0.08017911371865791,0.0,0.509892480581876,0.08579075589336695,0.001499645641403643,0.0676264044057872,0.19937854885674153,0.02082579932094984,0.016533382556812026
8787,0.12551329366411315,0.09051109213476555,0.025269149764208167,0.044460862626481405,0.38731975203579877,0.12095753719095464,0.14077506232085768,0.4791214571788304,0.06432028184610228,0.06625854610046128,0.01014344541522531,0.027365588093181365,0.0816303821194912,0.03541390251060764,0.024512596718192434,0.06052535247925379,0.00016422803528733101,0.1519675126469983,0.06416922015501358,0.015906021214071926,0.026706455270873987,0.20211527157544146,0.027565088114031907,0.01830363477442649
8789,0.12834177537470057,0.11269759936204878,0.022115326911617567,0.035463373448617046,0.38809317232185725,0.12719989340736626,0.0826480095611411,0.5379581163983801,0.07444183121521217,0.07541969957913416,0.011115635104787762,0.024781455565294576,0.09130659787365562,0.028820206131428886,0.024487257944201046,0.0779976451170065,0.0,0.1931872150272746,0.058227340855318756,0.006197567524680076,0.018351734853818823,0.2031326692940505,0.02381830720067251,0.05733208190587891
8792,0.1480119381505073,0.08886401251552187,0.024784463167797956,0.051620480997956214,0.36794977803516393,0.1276669475066693,0.1041503218141302,0.47204370653947764,0.06291147654618114,0.061774864420737235,0.014127214190793247,0.06968511089020389,0.08883047796605124,0.03386751939313326,0.024512596718192434,0.06052535247925379,0.00013390486094898746,0.14842321972127842,0.05846493153429889,0.016231766237153902,0.020747607925028742,0.21425383004734957,0.10188483272710103,0.020044869921036677
8795,0.20586864961878104,0.13641530954536601,0.03429878516262875,0.09873163170663644,0.3301574797336344,0.11951096255103774,0.09072737651078784,0.5381626009220377,0.08629392741670049,0.1010138823294202,0.021164791800874244,0.043351334520499864,0.07561727785391617,0.043298969189143374,0.024680273534437948,0.06263728469024615,0.0004695562435500516,0.20955092264462344,0.1709874894864606,0.00932835579764682,0.032746608364671505,0.19824089057589883,0.13069484807770712,0.043554110977064235
8800,0.13577753095093759,0.1317045421235939,0.02056220454104067,0.028651377474205594,0.39223616880285184,0.1990706717756912,0.015182673538832948,0.50229201880486,0.06254428755694473,0.063478693837378,0.010458518176747682,0.023648703512146773,0.10924178730314636,0.02527105890744555,0.02482969785258639,0.08031549966206035,5.1813471502590674e-05,0.23786462623214188,0.05515687534366176,0.004468065112260752,0.016365719668657467,0.2075894593683417,0.03539630554425934,0.032156967689851455
8801,0.20466841689448248,0.1348899787467732,0.02297644116510026,0.03298407139589028,0.3536621662894013,0.14006410912847347,0.010400868619678998,0.5254414113427517,0.08287137489951511,0.07725153115215365,0.011895585971060114,0.05615904743541839,0.08846944053669109,0.020613052565707567,0.03746343393320239,0.06841471200606247,0.0,0.3114657094470816,0.07017209550811426,0.001719914622444667,0.021404671206927336,0.19898568033816605,0.08549625881392582,0.041417633244878654
8808,0.18348628179746448,0.09163625089998029,0.06092341324051467,0.05562609087950864,0.4177314107346255,0.14140800939936174,0.031109058021113998,0.4654812534315546,0.0747663684026208,0.06531254316557797,0.02341248178359434,0.026605715466835555,0.0822487031980293,0.025503603791013213,0.02471867437327075,0.0771230853561316,0.0,0.23317416748687136,0.07104827758397253,0.030697498187724284,0.02095924125201734,0.20964457205125714,0.025972183154248853,0.027688104655960822
8813,0.15058707114419545,0.11598100015651665,0.02360705520982482,0.024759240907972352,0.3828063472417553,0.20136426001080887,0.021878380880823896,0.4912249243246455,0.06308659235321036,0.06418666394757251,0.023989726939431143,0.02851075975765141,0.18148136875666354,0.025267909390630495,0.036692444793963885,0.1461696224414012,0.0,0.1982677287170616,0.07682448281377165,0.006363866822969511,0.017374627021955934,0.42136196397385556,0.11207671425088012,0.017921087504512
8815,0.10653604749950991,0.10258158289048862,0.028020424783108552,0.02402454007638014,0.5049867530793999,0.13368271085545871,0.017391469178434107,0.5605961857518192,0.10722253352625734,0.07843686499758754,0.012589123128646572,0.019041289061308767,0.10556647485065401,0.022194275411937213,0.025451848483293724,0.08447691505871387,0.0,0.32764499588429497,0.04511440129885374,0.0037953495661638688,0.01767048212368342,0.23054720236604065,0.03639264371849554,0.019361452170358198
8820,0.23591369779045032,0.20858154346627844,0.03818104873571447,0.0708181809889894,0.2618270162031701,0.26017293059511865,0.03140353839744408,0.5532310651867293,0.10969710895803322,0.0810949088825291,0.009980668031398686,0.0678053454686166,0.17297081459832167,0.02848223091025716,0.0383083735600514,0.13715475660066562,0.0,0.1794007715372565,0.17258562554184145,0.005168867396415389,0.01904654012786753,0.29603377301033157,0.20617438123510212,0.02379727673652781
8822,0.14527430760493934,0.12013028008013733,0.027522701772702645,0.027991397391554665,0.3086026801775802,0.32392525817133994,0.007127858892527522,0.5591039351890548,0.08726906591740059,0.09842735818803225,0.06301130672814614,0.020738489809059072,0.1073251305665353,0.026307282448972437,0.028294374571345603,0.15253049538968813,0.00029605554734820505,0.42133496853809116,0.08114312072709792,0.011790878299063027,0.027258139569586032,0.40898975259179815,0.01926726719467139,0.01714911867657082
8827,0.15843738130044108,0.1627907200346524,0.029380183284735916,0.03190672681491208,0.32981031868392774,0.1374829798876971,0.07119657982933389,0.4731518164939655,0.08278142491630862,0.08126462062152,0.032243579978944496,0.040555568495761675,0.18915935330076752,0.0311296611849843,0.025847498305252264,0.14633266986198,0.0,0.23907795622438502,0.1679411435768345,0.0014430191874015125,0.020531821309748108,0.29530174797156106,0.04594883382685979,0.01979645815687213
8836,0.12955101326229257,0.10126252128660002,0.023187539036850856,0.07643809490667985,0.4224402906489689,0.28734629871370765,0.03860536091061932,0.6158126953225714,0.06445874876372365,0.06877793880686885,0.01199467048200503,0.028773222555751498,0.0818631798134768,0.02467334339922592,0.024204130540886257,0.06780145525933914,0.0,0.2693536459698473,0.05537892285392223,0.006289714966029395,0.02945440047063395,0.2009990547557775,0.053503110658914776,0.017901750843797245
8837,0.19306930481824344,0.19395865527912712,0.019132238087751087,0.020148815583116004,0.3909720135632389,0.14967824378496886,0.025728697451304513,0.5659958002136986,0.06300373286710782,0.06890290931386207,0.015617494800547518,0.0431525689969209,0.0851080391325453,0.023089847508050557,0.024386459795440293,0.06938976655208835,0.0,0.23489215535303587,0.08426958359186258,0.0018723156365171429,0.04087495047520687,0.21767725044257044,0.2232478498169722,0.05144806760004579
8838,0.20551487810583746,0.10638822519049429,0.0236481297682111,0.030312703313538483,0.406405790000762,0.1881593312905414,0.02467402550259304,0.5038960745676144,0.06417113966940546,0.06945464957477224,0.011633286655258417,0.023793619218542547,0.08578532892602071,0.022430363532319874,0.025078036654961045,0.0762458555195761,0.0,0.1616220197076515,0.06913156155557892,0.00553856277353172,0.019895190610589208,0.22524444902718543,0.02412796189851517,0.05911439751749493
8841,0.23261373520402034,0.11497223571093289,0.034490441300767956,0.039637929463825446,0.30331093139047516,0.1277557047760356,0.06274315210118457,0.5433287597078196,0.077267007504231,0.08204439904800198,0.010677489720883693,0.02642618757077429,0.1312106254007784,0.028008188452034913,0.024874760022069124,0.07119807184809317,0.0,0.2198012940883795,0.07505870633893148,0.0100969880687373,0.017319860743417285,0.21991177878006532,0.02389200643763806,0.01767704391456271
8843,0.17163815002801872,0.11315349961423828,0.026514495922405065,0.040992858265068446,0.45945648077056084,0.13211317048121562,0.033911413121896834,0.4599315634328084,0.06670005488243123,0.07503864020221787,0.014914249899183336,0.02704977031766725,0.1320403240603141,0.025894898817452713,0.02451774770591469,0.0654219941049693,0.0,0.18254164286430352,0.1369084877634689,0.008232637836415275,0.01765115662145196,0.22368760977258012,0.024306831581404707,0.01731931374728754
8851,0.2712574987968553,0.3111538543936969,0.060298829369210605,0.037946333711965624,0.30885599989414136,0.12689888465309054,0.08493530253983123,0.29768597744094893,0.11056477229453412,0.2069802511966884,0.010955537563012496,0.02917409220366047,0.22469856620949696,0.029254994152528614,0.03352918152883568,0.1369245210688096,7.369530957698893e-05,0.1453388536065159,0.2885717454623501,0.009034776345782623,0.023708090632397066,0.27394593389596456,0.024174119966697508,0.01867762954723964
8853,0.14031841360135855,0.13871933789617327,0.019940557068452273,0.0591993739293997,0.4088185145793725,0.14762662181819394,0.02517609611007226,0.5318734251991537,0.06336410722945351,0.1322991742194291,0.015402360321083696,0.020772799451699027,0.09338919798519144,0.019333201331647724,0.034566839610982586,0.07862451031237427,0.0,0.1939924995604099,0.07804550370880244,0.006874702428321806,0.02240482465822917,0.2265277798759268,0.031343850488890296,0.018730338463655495
8856,0.1302435521259248,0.1290190305630043,0.0406762525133259,0.035114487610574445,0.36245224422184785,0.12897290756552665,0.01835543437378508,0.573278678565557,0.11271227433183258,0.15340686559371136,0.012847798568819317,0.02916730318090406,0.10189685914935595,0.02528899316892038,0.06803380632261573,0.06328720754937166,0.0,0.23965257250168645,0.048338910740047265,0.014421298076386153,0.017022189242299424,0.25279931480416085,0.02187026053482805,0.11036450016385474
8859,0.13715399811758766,0.08701033901851331,0.019625540122238008,0.024971692087080992,0.3941803628337236,0.17306460101010393,0.021284721895568893,0.5643540015965692,0.05891070679175323,0.06505491213185001,0.013721384742979298,0.02274829951609369,0.0884162886258823,0.03935259853571575,0.025360103106842037,0.15379422949121302,0.0,0.2681830359960879,0.04968126476580161,0.0055439139260356355,0.018868083132290808,0.3014843174112532,0.021709714154434324,0.018453511113926003
8865,0.12975239766463992,0.09026585832833245,0.024115749869840303,0.06021173401768003,0.3506757137551629,0.12623991282838923,0.10027020883076947,0.4841599858151888,0.06453098185298516,0.07527161961344785,0.01011442886929289,0.03306468284247522,0.14007694999421821,0.033048149896589524,0.024512596718192434,0.0744214090977237,0.001912081051695247,0.14803986003378986,0.05720160758017607,0.014743414030341991,0.020535088038091617,0.22186742333492343,0.02435990289215463,0.01962897119155616
8867,0.16766271647501496,0.11939991476066256,0.022047530664345626,0.04721902365008331,0.346770105478382,0.2272139518965253,0.01599964720010238,0.5238437631225671,0.06406425312289345,0.06628953837415696,0.011398545661936616,0.03864600602465998,0.1530267399290549,0.022876943612596227,0.02471576979381453,0.14999617315036962,0.0,0.18221875265603876,0.11089825135704241,0.004035473759470112,0.02944767833179411,0.32552325612367516,0.05382611081823857,0.06787144117381329
8868,0.14429226577829835,0.12403464702797398,0.02415058692047289,0.03539121921773248,0.3564809583414975,0.2068403169988051,0.03847227261694146,0.5091082767040155,0.06872300863159567,0.06703674960503332,0.011885844545185946,0.04137080000311048,0.11385386064838325,0.024252748775483318,0.025974777537654568,0.0819679149734516,1.447178002894356e-05,0.2231868987263056,0.07638122324613439,0.008754217265476205,0.018059242672513073,0.25535781798839596,0.04131043974380737,0.018925059510063125
8875,0.13945020297944993,0.10287818779200217,0.024273271786761197,0.08174939882537645,0.3232914500521869,0.1255191479310547,0.1450716820284426,0.48254645771379434,0.06799768757214164,0.06645958896825647,0.010931304725283017,0.03982330441272216,0.08930137716055107,0.04472725359526542,0.02379130750011284,0.061465621847683935,7.135037819800639e-05,0.14994000237921423,0.05948891369618771,0.010502828512259752,0.020989628532256565,0.1945131652901669,0.07689696938322696,0.01916721486370595
8877,0.2105789098170327,0.14267990705909656,0.02954787301305637,0.05806554141432842,0.4102594222650737,0.27362463460710806,0.014778276786551657,0.6732955770345687,0.081430972837547,0.082820037400742,0.01525356019560366,0.03911812903579384,0.14214238974445,0.03872607675810804,0.05884975979481172,0.24952509092500205,0.0,0.44092837297405985,0.06636844662072512,0.0028366688397515384,0.17729989231662238,0.3438244357222212,0.09873506253305538,0.03711823436141703
8884,0.13680237370242299,0.14231515538779152,0.024118203194780485,0.054075810393807204,0.3656373838582832,0.1321124451884897,0.06282998260755547,0.49441375223852524,0.07445924423272397,0.10011603823586787,0.011532749665975133,0.029401490127992688,0.134954751518498,0.030869910892140067,0.02453123908240358,0.06638920655607451,8.435966316475642e-05,0.18366531449948253,0.05766258620003686,0.01028146778575981,0.02138565660473793,0.2148384404819102,0.025703955072991492,0.029598112934712643
8890,0.14181586272988778,0.10938776806191232,0.0242830966668564,0.03457425028557244,0.3777621975351193,0.16120038420015148,0.012621527101690034,0.5092052840947278,0.11844951368763519,0.06887723911482867,0.03798900180664977,0.026643462891722463,0.09526604809868244,0.036046066292076434,0.02664088034728151,0.07989145679261815,3.766478342749529e-05,0.2621161173817897,0.0746679772428783,0.005712113583710453,0.06313359619536554,0.24241286232077536,0.037216164725319516,0.019374314758091656
8891,0.1021517058993599,0.07824409059320354,0.018947649945823975,0.05737813834088459,0.4037149227180559,0.12785069645265687,0.0707674357845164,0.6125292028559559,0.0619848389363816,0.06414920555072205,0.01088732960533962,0.023486515385967462,0.10590215447914555,0.04368481552192794,0.03620036235280019,0.0903554746353044,0.01,0.27317052128148644,0.05786493867065633,0.002840755658374193,0.028034336197840813,0.21868875806716406,0.02332810863855967,0.017233665654350815
8894,0.13047488921655293,0.09254428402225161,0.02480535334876824,0.04564131478397771,0.32108628622357244,0.12171598541680055,0.15489645768766136,0.5386966546044772,0.09479378788581902,0.06658765607063423,0.010270634184903826,0.04389872081589834,0.07909763885360695,0.0397753908361935,0.02537629300256372,0.06905886823601241,0.0005479365717348286,0.15179318460859367,0.06363529122967095,0.01399265344599116,0.021587924557379193,0.19833877455354842,0.13363339061030136,0.021033182590823887
8896,0.12516110692717763,0.09227162236672097,0.025880002117916495,0.04596811594371777,0.38662296100329074,0.1274344600647084,0.09883554366409462,0.48018045126332765,0.08987129477656623,0.06882042235532092,0.010566697000983146,0.028471855769711816,0.08509163732462025,0.04097244401567835,0.034200698373949075,0.06237339286871883,3.98506356478253e-05,0.1476561161111363,0.057704158746418155,0.015039089366148261,0.020269184368782046,0.19110093598388248,0.022483002773670567,0.021690077714536522
8897,0.16948626994568922,0.10835592565985731,0.023324196165712133,0.03825534585832733,0.3337623032523988,0.4646952899236453,0.02803491985490106,0.46038270798530884,0.06301082952066156,0.06428750037142343,0.020316432315970315,0.02532047605559236,0.09908634627356165,0.024812743499590194,0.025208237736688174,0.17258475573466125,1.447178002894356e-05,0.1567278606409464,0.060973830663629845,0.018857432652490517,0.019506930444243578,0.46503028756613923,0.023861783727826373,0.07569982409079139
8898,0.16803239029252182,0.12961474325955286,0.035957660341777185,0.0378614391941642,0.3608328976235296,0.1514490581311721,0.07700431300384843,0.4942447923345956,0.11208707169269912,0.07432200991488994,0.01039887556477069,0.03511633426326495,0.09014081512622163,0.03881235384398736,0.05607352390056893,0.0740738200487694,0.01003691943205936,0.1766161387132529,0.06610862551567787,0.010615690351832567,0.029318029444695904,0.19912445018413336,0.08964647144870722,0.026952779882933934
8899,0.2599700591286356,0.11624154182740946,0.023727947964754907,0.02876105831674233,0.2698352581643175,0.3192905042503647,0.018361882742479844,0.4835861999182692,0.067069099875735,0.06552279386993273,0.013686435771299365,0.03549626273721696,0.0898868528857161,0.02223631182060564,0.02493280826982605,0.18687044513113268,0.0,0.15376524541405248,0.058888008115922236,0.0041314130533281115,0.020828605928845226,0.5059516391662708,0.025339350714719013,0.02099090653976219
8901,0.22212749477796095,0.19163119484020083,0.028807773678029922,0.03469032541411567,0.35973450251357897,0.11848176349825533,0.0694606989743982,0.40498041738624324,0.07509847519327777,0.1460565330846479,0.010173867085717549,0.029650460236316217,0.18245440427256476,0.02860378115597379,0.02487521466568308,0.06496625482346716,0.0,0.19582590841020164,0.21430258330035687,0.01930913378714476,0.020496972734372634,0.22368207967057646,0.04087887963324401,0.01864634000585791
8905,0.10870520899245188,0.09370371301294109,0.029710456140233807,0.045564982547884485,0.44916187673416386,0.14404207906521704,0.048288758069150485,0.6112099765084114,0.14979995920619027,0.06776017920414469,0.011388787789209652,0.030762723021530772,0.07071771059844498,0.027270589298866988,0.02490421788645569,0.06822987160710028,0.0,0.24076432924298666,0.05676094461453207,0.02582917425176082,0.019374352922751102,0.232415720100418,0.022953032082381718,0.01882401569090875
8906,0.15414560958824042,0.14730077855553972,0.026948005260528915,0.042509106977893875,0.4847055852243182,0.1732969911797545,0.0713413906899058,0.5158661550788276,0.0918370345055644,0.076120163389921,0.01284698250597157,0.051912954995891436,0.17427959281670552,0.03757302109889394,0.025645657589400947,0.10605900273532447,0.0,0.2780266075640533,0.07423094317172406,0.014637859990440311,0.01883105286645714,0.25965715715223076,0.05586356964937744,0.05374213304764501
8907,0.25655931198052323,0.1727715894337364,0.02003795171201993,0.0623251236052534,0.2951352824044371,0.3969848102922648,0.02089145239939438,0.5376101689748816,0.06738486845917309,0.13795541338344358,0.03767048199365975,0.021033416560727002,0.25429468528263977,0.033722894478000615,0.04649993226648449,0.23312999742645032,0.0,0.21883962129000728,0.13513694030540596,0.0014291934401335054,0.02409970812505594,0.47189350736226227,0.11719955582354678,0.030367070935297554
8914,0.11799809275279442,0.10689961744766828,0.03149445672531725,0.022034508893775166,0.45893217931736513,0.1331976931178411,0.008134598132521889,0.5773654773581127,0.1024259899089377,0.0755722353030722,0.016453314815620523,0.027190752772284662,0.1458290682237891,0.022729763173685393,0.02667357627027067,0.11413747655535374,0.0,0.3289665236645466,0.05787781021731567,0.0026835853053429463,0.01667645998533019,0.23156725394681138,0.019145208358475937,0.019228913601804457
8915,0.09773239872552444,0.0788311317854289,0.033413493292523785,0.03030469419721757,0.4267737301379397,0.12622784661644362,0.025267134762898193,0.5452265550477925,0.0609403136710786,0.06434178409362447,0.010355601731441328,0.02275962491731907,0.08808545820445937,0.02655775380084938,0.026238448211666,0.07930434129163569,3.766478342749529e-05,0.3048898802130888,0.046285633282764485,0.02249252138488377,0.01900748440094826,0.209452904354098,0.0248206439370637,0.01906405758732297
8920,0.15646217469893123,0.10592763346905879,0.022004687906102136,0.04763871964620188,0.4259950562322601,0.15073783220553072,0.03879449625609516,0.5182738523216773,0.059333606959767894,0.06546056783806463,0.02323548914831938,0.041784259059661044,0.08765311086226667,0.024851825189526607,0.026632194463502137,0.07140154926048808,0.0,0.20918250865825844,0.05533202776666957,0.01711112826421675,0.021345946211148156,0.20655455344796197,0.09658925252060087,0.020419593152805064
8921,0.13916445918770567,0.11317764229785093,0.02785660985384843,0.028614575073061567,0.35035672135280493,0.1971919046856906,0.05572920256200549,0.646607760761017,0.10960879199182559,0.06629318219495353,0.022716302703937673,0.022984172119301687,0.09323631471948397,0.023136282131044062,0.05398601029822596,0.07905995634859025,0.0,0.21891520711715595,0.07369123016287497,0.0020675189410648814,0.021292758023293275,0.23059948668714905,0.028183850613647147,0.06527424281083463
8924,0.17004109924959276,0.11651401295834163,0.022748103017673892,0.03851747652230912,0.44054109638793654,0.1357619375608256,0.04071013477654858,0.46432484045595174,0.07465221280963102,0.0777873711724261,0.01039066057122623,0.02796252564218758,0.09633031260861602,0.24018529102448535,0.024832860156901164,0.06615098545821958,1.5037593984962407e-05,0.27132056093804047,0.07614507490114945,0.008557239588130188,0.04198234179694081,0.19760760017135034,0.027085041938400282,0.017722369043677844
8927,0.12732149878639798,0.12161344947884312,0.023912817964591306,0.03361647211257478,0.4069951822864064,0.1294175977787851,0.04950561416219319,0.448511323666526,0.06493757729408962,0.15951211814076735,0.009851661740676362,0.02562647462682592,0.14688932656398004,0.029247682154396867,0.024512596718192434,0.06749422409795418,3.6589318122893444e-05,0.16017397114890333,0.07394080774108734,0.011448551359200981,0.020347279126724356,0.22023677673326103,0.02389205515392241,0.018166642319812857
8929,0.11688459373481493,0.10668236716494718,0.023785760465859118,0.03731178088525408,0.3203572478112757,0.12365595760838824,0.02593389791525941,0.529267689361861,0.06675961683851937,0.06761156646878692,0.011229545053845748,0.03156680441137519,0.288871139837323,0.03368706618846587,0.035051063232351104,0.11809824871398324,0.0,0.31881830836862196,0.09160521703912393,0.008235305057993778,0.02809505100214675,0.267233652330301,0.023389573293725083,0.018681388102572454
8930,0.1545905777083253,0.10234504597242702,0.021812743489172573,0.02972114863558728,0.40775127176379455,0.21683380516319517,0.022937591036892156,0.46837146377121114,0.06304824492957446,0.08151808513324324,0.010928438531304274,0.02205546051550359,0.10451146597774098,0.025270843232596776,0.024088897057898566,0.06366365926844128,0.0,0.17191427978795965,0.06067483580995896,0.005108921282150324,0.019943214605490225,0.2426740786005466,0.023224027624465057,0.019799609851035488
8932,0.2455775481658778,0.1050421982859145,0.019635089833958123,0.030268081732738338,0.3825881263329983,0.44493696400118404,0.027666727103643235,0.4765970346830647,0.06425570788510246,0.06470552848302594,0.01946439939764061,0.02320089772291486,0.09065037026969756,0.08707158829452015,0.043828573958073914,0.18323843210672439,2.188183807439825e-05,0.2925997928586197,0.059761035936451455,0.004254484123813303,0.01713965536087283,0.3605228814386259,0.023679557170829618,0.028401991518493847
8938,0.14198508626644213,0.12906543179316038,0.035701095797037896,0.10944020192919902,0.3570171126674617,0.17006170271327178,0.03148242099482689,0.4962404989966754,0.19077985958685098,0.12832903090016465,0.011462552106078341,0.04183309837106326,0.09885465114756736,0.03467301265775811,0.026810672611923,0.0634374324030378,1.447178002894356e-05,0.2551962712710476,0.060633444244936455,0.010961619902400972,0.020618291978228585,0.17190119863543585,0.02459822069427509,0.022470396295199396
8941,0.11216999229882939,0.08679447396206533,0.021241562721784398,0.04759972605207743,0.5045034904194237,0.13987756743728874,0.01699077830515442,0.5502591744593535,0.07719421344928197,0.07220058620762143,0.013855514167374277,0.03230466220951948,0.10311599779436896,0.05874643798654831,0.046837705275846166,0.06662786087191769,0.0,0.2811464932235004,0.05131048182219499,0.015255913229077591,0.018237532078602042,0.21548392530689317,0.02022935747179836,0.019639868321844514
8942,0.17228703375976756,0.1568277794543661,0.029695343457290434,0.04801353404555802,0.3781724098123512,0.218095474600748,0.027494405832754202,0.6027012880035492,0.12366607088402955,0.11274615600567453,0.04728163758487924,0.0386727957735052,0.2253733284165321,0.09274740694920727,0.06639426289034889,0.2306072389526982,0.0,0.4819232762545639,0.16284187467055322,0.031023508001139743,0.0795195771979325,0.35632595150614743,0.02587260827274914,0.09089132708341222
8945,0.1674969959216542,0.12175751081687615,0.020337414357353464,0.029677004929074446,0.3487203756006969,0.13284242374903382,0.029489157051911175,0.4697272430815078,0.06291010817027586,0.06844008456799065,0.012042335559443127,0.026647839865868463,0.21797571554174447,0.052964885486545786,0.04550182059098951,0.09287320992732821,0.0,0.21399919143670224,0.08325143665582774,0.02883063737802957,0.018313396111065982,0.2686329773059405,0.023169572054181978,0.019383368400062318
8946,0.1254984646517962,0.11012244415087645,0.019721241216874102,0.032309986585057134,0.35701599620131264,0.14327620284001427,0.017444069397801854,0.5502898020648154,0.06291187046139704,0.06730770886716038,0.021250288302663272,0.024518554031612544,0.0846938929410393,0.022568549657913294,0.024654350391538165,0.08585077248508252,0.0,0.21612505810688273,0.058990408170500046,0.004063759686318868,0.01816049162340606,0.2189373309493623,0.02325655014328884,0.019450627686657545
8954,0.3089572958521914,0.17540948799496556,0.027693554643666914,0.03243544108557056,0.3535222969533431,0.17094132559953581,0.027507131082189325,0.4556726604245667,0.10763592833993149,0.088870906280868,0.020539572125171622,0.023757156264281362,0.11046076272248843,0.026413535014257673,0.025735164415077682,0.09569735838962395,0.0,0.19491665744224743,0.0991212023687585,0.004469075071540255,0.020027470780441935,0.2865214083246049,0.024383146896072974,0.017259290328743418
8957,0.16399506843273748,0.12842319366035182,0.07560650767889386,0.03856163851156553,0.31469491332023614,0.3070076156163064,0.06234497325424459,0.4530711304176116,0.0785825825949195,0.09538138221186596,0.020827665973356217,0.02982465254276379,0.10772922285882154,0.028601387336759886,0.03509571662649831,0.17686947244312518,0.0,0.1724534444929783,0.06234015101723502,0.0111036886302326,0.02373374995635471,0.3823713851160896,0.023458875577738243,0.07415562238999972
8958,0.13038436678340548,0.09569415850363912,0.02437338428049137,0.059514973684186526,0.3471055894924845,0.12432593518746497,0.1234874111033043,0.4610138004175544,0.06432028184610228,0.06945902157698555,0.010270634184903826,0.031105045602148905,0.0878651126007934,0.0337611431241272,0.024512596718192434,0.061168176031919576,0.006198398477684762,0.14915933200195305,0.06416922015501358,0.01490651941980645,0.020684624619616863,0.20372702776262275,0.02787029176706165,0.01825578788447434
8964,0.1269993227345174,0.09097191351452553,0.03666179331571318,0.03815535844039263,0.3923779355407357,0.13559010884248837,0.05424614925001852,0.4484492410227406,0.09464890617522642,0.07557326218141039,0.011678559487693828,0.02613362447583421,0.08840558914676432,0.03136367250433215,0.024575970349428412,0.060569287564143544,2.9509374013905968e-05,0.1560192296814657,0.05806738161357458,0.026403939692851944,0.022635794862118083,0.19502316029981767,0.023512606004336942,0.021756785206558386
8966,0.11437096824833974,0.08948909167139142,0.022399428363939343,0.03985576961944354,0.36688437294163256,0.12886430210821767,0.08306727397287289,0.5499910162476374,0.061436704176341665,0.06641517668498866,0.01003925072746217,0.03696631320750435,0.09177593145948679,0.04604073007393367,0.025543106125546333,0.061245497665090826,0.0007759420416895261,0.17890803657570595,0.05353710499146521,0.017653152271987927,0.020667516686097946,0.2011620933564506,0.02731952991019405,0.030345942660014277
8967,0.18830768989812197,0.10536951832257563,0.023786100988806222,0.037029156268932654,0.32602741383489325,0.4418415284538122,0.03875021756336776,0.43995763718528486,0.06252345541088461,0.06330010098040419,0.015443384809957944,0.026377408567748326,0.0965952342532863,0.027738002300173824,0.024512596718192434,0.1337471360933779,7.525416733958e-05,0.14091174411434068,0.06045178238652505,0.00992291667910334,0.019525439747411173,0.4135063327659203,0.027362370288284196,0.021706512851925583
8980,0.13113976096929156,0.09966649667001695,0.023575012913200754,0.03820261791786468,0.3551349502199044,0.12801721838649271,0.11272517163036017,0.47790845910373553,0.06405157378505602,0.06453046500949279,0.010362959218486217,0.08862984050436505,0.08143610805552123,0.03368249626361978,0.024612581632960873,0.060348654237605485,7.753759398496241e-05,0.1662359293462426,0.05763907429121533,0.012646041459434291,0.02034963013543133,0.19491745159716536,0.13943099006162538,0.023023259980097563
8984,0.09749123202768752,0.09788925448323776,0.0247614734005155,0.037066476149077786,0.40886788583727063,0.2640699026403123,0.05407584581385269,0.5499753023738763,0.06140736976943671,0.06653932138412534,0.028555726261540227,0.021472622359829274,0.18109722153485275,0.021254091187286116,0.024384288905128438,0.13451464425367526,0.01,0.3357057714929531,0.09026560740613548,0.012160505041691767,0.01602730530391942,0.3277160011175701,0.022893547044918826,0.019747820988038105
8987,0.2579705325988581,0.27163073428719486,0.01830652133974009,0.04537814735695189,0.4105980125896651,0.13385539498068336,0.09692775421934764,0.4910244310870894,0.08097837379104408,0.06647784172187954,0.03798063836444357,0.0943524648625696,0.10365530027715965,0.046433521066729384,0.04507624644122113,0.09653952275215756,0.0,0.22216367954449714,0.28921772397731826,0.013230679639094054,0.03753062696456287,0.2609296962546165,0.08518994657773632,0.020279566098080914
8988,0.13244729044495476,0.11158515443933663,0.02851160115245266,0.029645323305931445,0.4042705455208264,0.119906779043315,0.03052102544524523,0.4837019066397443,0.06541296081939285,0.06448179403789829,0.010940370292771427,0.0239170733488531,0.0976107108624511,0.02473729300555963,0.02721723935549718,0.0694408189819386,0.0,0.31295481156349675,0.088721517910752,0.008212928509866364,0.019544431104936734,0.2340400625797015,0.025706226781171303,0.020642161268503652
8989,0.1422967307026573,0.10989851868695101,0.024832291549564754,0.02942629708381843,0.37560662202772677,0.13396893132507054,0.010840207132209154,0.5319966650781383,0.0778569481242662,0.07872968364914851,0.010986160755182535,0.025096299895820642,0.09308854852968246,0.023724167927745586,0.024643506245895334,0.07274342521344253,0.0,0.2107780501384394,0.06457947589252017,0.00807477418860983,0.020173157828321867,0.2724710243851515,0.022489216869151073,0.02005360155516147
8993,0.09815244756286866,0.08833373303208708,0.0312747551280129,0.04493087375800828,0.4145305411744326,0.2602645698355534,0.032055326343935826,0.49009058090147556,0.06103147120446118,0.07346278105277436,0.019172835415261956,0.023670055462709866,0.1672268774740309,0.028066271535526658,0.026964372403627746,0.19832727654009524,9.171631590479866e-05,0.24284455764019794,0.053682550304780266,0.009076801954943417,0.01595767818671211,0.4158409778539538,0.030831304623550063,0.019197238977125178
8996,0.19065071373509102,0.12221753741599028,0.032275811002463003,0.042283940029049144,0.3106158261752647,0.2738455844624688,0.020098040613883268,0.5173366068598331,0.0675286496483149,0.0790730618145855,0.015478914676920192,0.039319982525511415,0.18366732110613174,0.03453987147152211,0.024819560368255077,0.18204543566445114,4.1841004184100415e-05,0.17576337817595203,0.08910109675331394,0.0058065664727532836,0.021763627959790047,0.3307928932603366,0.15031051311739002,0.03248515223791857
9004,0.37066169860421405,0.13615729861337164,0.05911517455685604,0.031235851095792216,0.34317186130836047,0.3387283099480647,0.016361036626347893,0.4731841313417837,0.10788129493554223,0.1455191932220415,0.03409960510497952,0.016203239925597537,0.14834679223779668,0.06817860629955887,0.08323272494802313,0.12527434126173775,0.0,0.3546513918520246,0.20227885589379002,0.012102868161541254,0.01594222456776321,0.43570064971893013,0.035347784740430696,0.052544693124000744
9005,0.1418876747378629,0.09737335740426634,0.023569065361666558,0.03852947527349896,0.3645517781367711,0.36069237300733986,0.03592669266425429,0.5668202118878224,0.062136868051785796,0.0651547320738597,0.013574376175934641,0.027013620655520657,0.10097484115231961,0.03786112743616206,0.02401642059578629,0.1564205497903662,0.0005263157894736842,0.16321121425209786,0.057762193735389815,0.0057612279597317765,0.030018882641150872,0.35258674227396214,0.023380281068073234,0.03649381542097148
9007,0.1400731125019218,0.10978033598353928,0.030648461771557417,0.04861556817980956,0.3570670142280261,0.13670395672781,0.23922978877862658,0.4197634572006266,0.09362580171703745,0.07579366625140235,0.0112746070897956,0.025933120993315843,0.17340128047918107,0.07440399454376846,0.04567925377207209,0.11177263979898379,0.0,0.15110751003171083,0.08169822419581896,0.003274193229967344,0.019145320403002142,0.22428986291798506,0.022796726766905556,0.027046727406305128
9011,0.1286805009123435,0.09305681849159109,0.023681459200355855,0.03639495521330344,0.37390582143066675,0.11722368495786313,0.05327105447572282,0.507343121985061,0.06796493072599526,0.07483097776016667,0.01098258630693405,0.03673126468545398,0.09534256529793807,0.028561485758828994,0.025677188948143127,0.06391806648970942,0.00030858942708776707,0.34530055357154466,0.05720779308717569,0.016602109587599813,0.018405074180309917,0.18739918072079104,0.024589565392575216,0.01873485028968034
9012,0.13473582986406848,0.10865500097510941,0.024667739833004975,0.03086691186070229,0.4475430393876879,0.12828204365204848,0.02282211938027764,0.4815130120840657,0.07343274721347734,0.06862516403283568,0.012052259640145432,0.023989243258858903,0.08821880833209873,0.023746960714426692,0.033955100358321826,0.06257098313677525,1.034126163391934e-05,0.18797641145962685,0.05885585524958589,0.025895544422502262,0.072606681454398,0.2063231458964564,0.03188374115899753,0.022163787372825886
9013,0.20554103474926547,0.20882046340320082,0.023518371072329076,0.08787926289897202,0.39887250266068575,0.1699496819701685,0.023065065303056295,0.5047512803466092,0.07462343554065871,0.078727910467975,0.022820697026001865,0.05314532515623958,0.11974572669908415,0.036694446476307,0.03497091647076402,0.12137705043459443,0.01,0.2859520409372135,0.10321376232650356,0.0012042755331351477,0.02020498989335147,0.27028510321956195,0.07589450007620126,0.033471661714881674
9016,0.36436359003894436,0.2543927604182186,0.09772102965706084,0.027054412493389267,0.31493975701282995,0.16936752028461657,0.04769691125542334,0.38103675184404684,0.10765808693925961,0.22410605524312419,0.02108878703835071,0.052500382195105236,0.1541973323600506,0.022378231977927057,0.03493215110999112,0.11735310566943992,0.0,0.2705553447610387,0.10136067393134583,0.0032840288177406526,0.027068138459564798,0.33106632010147,0.1377358283434509,0.02150080378679594
9017,0.29218247348972937,0.1784551629070724,0.02896786867995595,0.026737697863695238,0.33075939854777886,0.21217854370633799,0.007875633524338926,0.4694842758653379,0.062114914369710277,0.07996469703223072,0.03774581554379947,0.11564373120260145,0.16263175307475883,0.025628564655078977,0.03294332922829949,0.15399062277631012,0.0,0.2753881160119982,0.09690976056538442,0.011665995100518009,0.03889554028724109,0.26732557233508103,0.20132370481533962,0.0990140394167992
9018,0.12433291463047853,0.08245326315452964,0.02219423824698212,0.040200945210601705,0.38502778230904483,0.1295442331339002,0.05458324051178206,0.5097150289414644,0.06363138592086505,0.07634656277956886,0.010279534046555341,0.027282044471248035,0.08355011507066354,0.027353321210171838,0.02518257384688767,0.06192691276817611,9.624007752149218e-05,0.20159377280684793,0.05262704062453895,0.008301339274747039,0.07550649910195496,0.20845568107618184,0.03738120091535964,0.017172819225850296
9041,0.1851912523653589,0.10818644203070599,0.021970412313659562,0.027585929899193826,0.39100270944162685,0.17004220328531058,0.029531853809564735,0.49937892230464376,0.0645025564673138,0.0762562833246871,0.011557519525031635,0.02571859794390878,0.1009772692891083,0.048244662387471916,0.03519844957573281,0.06230415324391534,0.0,0.253199715894175,0.06336512670631317,0.008867525129382778,0.041271890313470457,0.24971698014618937,0.023892834846733314,0.02055805788516564
9042,0.20194428158034458,0.14171098135499188,0.023783699079326676,0.03401149518726076,0.36374425964396084,0.1364225074219568,0.046301741379357095,0.4612664482516614,0.07605494247993173,0.08495007956716462,0.011134694758821402,0.035643319362253054,0.1132625257443997,0.026118288450519556,0.024155153592833004,0.06213526281886061,2.188183807439825e-05,0.14289927629220667,0.1716354800897268,0.004886826700329187,0.031818137915065645,0.21266910497358743,0.02815218658362874,0.018477475366704854
9045,0.1470135937658496,0.12454909266680382,0.031210050302535847,0.03367493790570699,0.36740015069623544,0.19146157415333317,0.03926650763539389,0.48685123380264955,0.06388108344737282,0.06650635646765309,0.010449337320293938,0.0586875186679178,0.08702481066502153,0.027368434935005768,0.023731157267004664,0.12058100589475887,2.5378855618881745e-05,0.167167013219873,0.07519570615554533,0.009453187483849225,0.019972309799819808,0.3234790786398339,0.23665073230643738,0.01928799671056999
9047,0.09189595708918728,0.09295175062096186,0.017753771563741975,0.03826177813587879,0.37200824549644773,0.1598618337093898,0.020022595669641086,0.6103419083061701,0.07288331285630557,0.06851861761598271,0.012359763247108293,0.031134641900097373,0.15145912496357392,0.0535690025281404,0.031194578536557837,0.08463407054913633,0.0,0.43136196434301377,0.07851054570190433,0.013742650027522734,0.031137955656909147,0.18855179506576566,0.021612442518487044,0.01766971635742644
9055,0.12426294585886913,0.088973278542752,0.02410517299563446,0.04815012188882775,0.3449979454811192,0.12664753172592777,0.4394734534576962,0.30637097815725856,0.06267854972407336,0.061774864420737235,0.01014344541522531,0.030938215283446934,0.08975101565093847,0.05162410380176539,0.02435228010935834,0.06074667470112271,0.0024063143393289067,0.1409015509988072,0.06001978304098023,0.01666930469496309,0.020684624619616863,0.1927360746921522,0.037218958351034365,0.01873955531033345
9062,0.12972596195322797,0.09007670358089373,0.022552750215082552,0.05204874285204439,0.3852501910777113,0.12779362366264332,0.10353573495783061,0.4314486061799505,0.0639406121935784,0.06453046500949279,0.01042401989384509,0.028517965443290688,0.10527726345575607,0.03302612359888689,0.024254424742344006,0.0609703191224272,0.0002383200824798661,0.15373242305391976,0.1841317504359301,0.012255294533074532,0.033056202742014394,0.19934605541690462,0.02406538142185705,0.0190377655010263
9064,0.17071995498842576,0.12057732813592492,0.025538368490577983,0.02565266643636751,0.3745609166323852,0.19252777989344852,0.027282776830617972,0.4956062900804106,0.06824495263231134,0.06495372216229012,0.011649888995683375,0.02174222533859886,0.09393431709177585,0.022664432631068553,0.025233825332856726,0.06263905718747466,0.0,0.16899008372013966,0.08317460522849589,0.0024339286551758126,0.02300866382292361,0.21561363377489118,0.022612857116972883,0.044436648824235474
9067,0.1867713869652376,0.10341863091133317,0.0219439909725366,0.20254388323237124,0.3116026785206474,0.13275878691745757,0.15899691684676087,0.5043047913853449,0.06255218214460144,0.06734128738714258,0.010648757952640338,0.06646339121080955,0.10125868051900902,0.035663590399783625,0.026040414174159716,0.07662160491456944,0.010063722842258498,0.17265671324306642,0.08369435708635979,0.008365812301030827,0.020178751187673552,0.2090221169735516,0.02556981491882109,0.018714548545466527
9068,0.23348214647167528,0.09425554520229007,0.02389044775654142,0.03631343649255223,0.3225651741909596,0.30362991646487797,0.07250187233463222,0.4975028263534787,0.06368575115121784,0.06461895856198287,0.015838709946314915,0.031093844684874937,0.1377668471687522,0.028642810775275106,0.024155153592833004,0.1170156969599378,5.139121208830422e-05,0.14584703226782675,0.06311891338776805,0.011864607691844846,0.19819782801362965,0.31307346027768085,0.025119508575249326,0.04269153688151034
9069,0.15342254582699366,0.10952569432753535,0.022061956144471352,0.08654381349234239,0.3659211023194867,0.14352938864733045,0.03500668203041103,0.5137468994299228,0.06320682168067815,0.06555536052944014,0.011422382295830823,0.04088599955337505,0.10606725043612748,0.02352685895153869,0.024702561309343323,0.11075692069510114,0.0,0.18730224149777647,0.05865956148056232,0.0054810486657030835,0.016821450920227382,0.23365100174561185,0.023564993788956178,0.0194539921329173
9072,0.1681660270235869,0.1706323153639927,0.022244436404506712,0.03042993079455862,0.366160414833223,0.22191039936340765,0.06436648503720453,0.3957694750489859,0.0564125853077682,0.07626088672108594,0.01835044673525842,0.03862742360363646,0.27180316749009764,0.03649155681481319,0.02338185062501852,0.1066739019701715,0.0,0.1963277560622348,0.2627394868039677,0.007398592571539234,0.030860216354118702,0.31811306208904694,0.12036945840130601,0.06111768819151573
9074,0.14919563861829754,0.11338984884791815,0.0295324719167821,0.034196415984273594,0.49112537845506643,0.13449992744584166,0.06631278083308521,0.4574602345329551,0.06504404121956378,0.0669722127468938,0.01124046143703031,0.02572898839934402,0.12160753473292642,0.030801587399226157,0.02811453566376767,0.06300353210005082,0.0016817042606516288,0.26059899495302724,0.0725638058680279,0.007000401999286615,0.026128579735009438,0.19936480785173086,0.024819891942252897,0.020603826603692567
9076,0.15493596883185456,0.09662380022791671,0.022028848623734543,0.0348037024543942,0.3824900685227023,0.13863351628715107,0.027282723723759176,0.4664745009310753,0.06384316630820701,0.06711703424445649,0.010725792641198093,0.049167524720832974,0.09004576980988138,0.0257939461022032,0.025404917109426255,0.06105108577874993,0.0,0.15228038085900086,0.062263114487936,0.007674009764432379,0.020333669353191423,0.20109281284687136,0.23969796156064138,0.019589908720509305
9077,0.19547782298191035,0.11483698566954763,0.0324521575337584,0.10121019973822078,0.3156797237266197,0.12777764104488093,0.09364411212010483,0.336420522577235,0.06410525185732469,0.06832156005564981,0.010989190959189644,0.041996204430664416,0.16877308906861443,0.030900608968905924,0.024613546570587896,0.07988616530369591,1.034126163391934e-05,0.14961355728041267,0.40289562313310917,0.037118913595475804,0.02123058228240279,0.21357081543911316,0.04220044343650997,0.023079359115538396
9078,0.36487372388326716,0.22602667422711162,0.03021428462511985,0.024005193518717393,0.296313319060391,0.20366892763668992,0.015073772661931053,0.4128202796515615,0.06568177920370677,0.08292655368514197,0.01175928927368152,0.06154796578347961,0.17333639427444608,0.022130625264743523,0.023359611543949096,0.10492674076276097,0.0,0.14563520791345505,0.16477152723188546,0.011832604445552487,0.017886260151238283,0.35684901174210226,0.07278187484171438,0.022313391028059765
9081,0.10006479930100856,0.07922455709064906,0.029146011210132862,0.0634131548357748,0.3664369013202471,0.1288212295381343,0.044870646577918755,0.6474350893219762,0.06208147709669651,0.06412601910300213,0.011648817521863726,0.02638729728254005,0.07840943347645256,0.027392018531842997,0.02647778433870264,0.06182348210451499,0.0,0.3898634057540816,0.04506265577534819,0.006198485529273696,0.017369619628659003,0.1965743147417257,0.025674257017220876,0.01807857216271895
9086,0.5197072543255536,0.3142805619119667,0.0888646694134732,0.024752764509204734,0.3684624783894628,0.3320577042004223,0.0464781609853536,0.48079235470722276,0.14764309634044395,0.15736579701130984,0.04661564059337514,0.023780241458528976,0.17205079169054763,0.1464970240511354,0.04916186223308641,0.10244085218659299,0.0,0.21724187842839943,0.11071895820058097,0.020847220996772563,0.030064642381654606,0.5389772609124307,0.12940270601873108,0.05538094510413554
9087,0.12254260476628444,0.11443226523325391,0.02456485046262181,0.04415177738937703,0.35675833536746526,0.1309667176884637,0.06289800951613464,0.514662931498041,0.06164765142965227,0.06521696833917652,0.010443986949224954,0.03112126986626692,0.09330220310761521,0.029627521633906462,0.024214031336922327,0.06147772196879693,0.0,0.18975156404245597,0.16530729498079824,0.010474455235354133,0.019323123628287708,0.19917598022838554,0.03772234665248212,0.02984679882473935
9089,0.12917063678950588,0.08365273432567809,0.023581525431639525,0.035027511292466534,0.4109321376656655,0.1282910738701939,0.02905663124923944,0.48171748158889677,0.06456696979909603,0.06408604748890592,0.011739256937416146,0.024967965946398527,0.1034852789400214,0.02755743331040847,0.0242989122804631,0.06131076821280588,6.955776919934567e-05,0.1618497503475908,0.06792388738154548,0.010215250420916278,0.020197728385269106,0.2109737053600959,0.03236686524064744,0.018895116255839464
9091,0.11425313026285146,0.09000238256944931,0.020050998724353196,0.024398529562883495,0.3251503706818285,0.36199918841391854,0.044108237310862934,0.4782306319819181,0.07614441863086653,0.0666344777945156,0.017800388822117475,0.024370419641993653,0.13101418813879012,0.030540271237311175,0.023710756724204626,0.210009123072537,0.0,0.25836228052152604,0.04946529595760597,0.0022013300494270736,0.030173203118234616,0.29427940413374143,0.020736830555160693,0.02958482888737917
9092,0.1166334839205578,0.08913242261172667,0.022122477998991183,0.03854175234917049,0.3156597162428602,0.25868693266889037,0.0474729076019473,0.4935994779180155,0.0626685495735446,0.08415422288758023,0.011173009948510589,0.029656752922603457,0.2301257941438209,0.02850810919996911,0.025247183220079086,0.19585814478974545,0.0,0.2776261133208727,0.05740262107365502,0.010997822417466704,0.0179154198889764,0.47618959096302715,0.02343008816371168,0.05234284278728319
9093,0.18114925551619876,0.20394589204482705,0.0216561549466649,0.030113662017982795,0.3743393232029134,0.26346797895018803,0.04645103563446749,0.5168354107448193,0.06238815949315978,0.06487831567696882,0.01317495105310075,0.025905938905313744,0.14723179755971416,0.08609142888809558,0.042787724494565985,0.13292151557820772,0.00018018018018018018,0.15859100307989046,0.13298507797535736,0.01814576527642402,0.03073802854440361,0.29474149091008245,0.026161150015640434,0.017579766770500306
9094,0.28974273885318863,0.16304759310564101,0.022078139532598948,0.02996860497071211,0.31793119748961973,0.19990003338472376,0.010098045216188078,0.49511099045796164,0.08085377801880102,0.0754313052549682,0.016389051772842514,0.06622896077942729,0.11152678401362341,0.021588130080327873,0.03685773805645037,0.07197752973491381,0.0,0.18580005329323013,0.061733167171535604,0.004045632508818149,0.01906581508882694,0.26931676323015785,0.1647091174171929,0.04281076989129845
9095,0.17206144322584874,0.09156677970460611,0.020190596416943027,0.03680308572235175,0.4105805687921001,0.3949969913763095,0.029234838849310982,0.528216463750357,0.06269089016151519,0.0662837082149744,0.03857114620921162,0.02674981791759874,0.14828285990662635,0.03908067726102738,0.044650110607334766,0.1903140384580294,0.0,0.273105415209888,0.06386295614810436,0.004207668571883189,0.034867268072132175,0.2834772727158195,0.03288655234201888,0.06650023275147103
9098,0.19092821371390334,0.11198886874778598,0.024425336027491862,0.04537704436641698,0.42149243257419755,0.204180722945446,0.08903142615211757,0.48236556605412384,0.06376098568159337,0.0629070887894413,0.021116016670092906,0.027190368057322157,0.09254971214262696,0.04162818399924288,0.04621176388369569,0.06386992414998623,1.5037593984962407e-05,0.24737914947329956,0.05873568417117507,0.011443317406841721,0.16363075952415518,0.2003268323484672,0.02581620037309532,0.020570734773270507
9103,0.1083908102659944,0.09137233464915175,0.024203663198602544,0.05530666713980912,0.3769496890408445,0.12840900867214908,0.04749219545977616,0.5503314740066855,0.06471983858514249,0.06452875147912296,0.010270634184903826,0.03720095939314989,0.08808597739445188,0.043949091013747436,0.02673710223819648,0.06822849889453822,1.447178002894356e-05,0.25620377970615205,0.05051505517672433,0.007427461877201297,0.016268530853702234,0.20167685051913373,0.023312940723776158,0.01644709128819681
9105,0.1250595478584093,0.0878190642579792,0.023809543175583047,0.036407908340521045,0.37653287860442924,0.12531166037732766,0.08411451776475247,0.44543020881407125,0.06406561896015395,0.06461502148581989,0.010398437405944448,0.027775218010206024,0.09019366386282346,0.02880441843740468,0.024512596718192434,0.07031765390450959,0.0001492725688704171,0.15443491471271809,0.06034045181165203,0.016540263946922647,0.020837074533569522,0.20231995182562304,0.024434789306050333,0.017328400515830535
9106,0.22680124193798204,0.1620258481771936,0.04435102271236933,0.029276274211913002,0.2936490639162144,0.40880479694991867,0.015185814265004548,0.5264096054373446,0.08148116232936553,0.13826451139310655,0.08142465802072314,0.055366096701989324,0.31416749626926044,0.08216201913244728,0.05299319559368386,0.20843415869543352,0.0,0.3254988382477561,0.12678305054701006,0.011073714608169687,0.023404892584623967,0.4802046548398785,0.07384000101774585,0.02979217515475828
9108,0.11913575858009541,0.10299184590251206,0.021877232697334922,0.17365633932772334,0.3065944450034278,0.24164254663378956,0.2789269004728048,0.5288383577334262,0.12025565818306394,0.06734216760565617,0.027888125083035065,0.054593444281710424,0.08007093213273617,0.10362237582959308,0.04498214781208594,0.12577920838989004,0.02,0.24904136175176056,0.0650103027451612,0.024754541756684834,0.03357093046308946,0.2644253293438044,0.028972561365672035,0.018788632563444964
9109,0.16346767641008828,0.10119367164902277,0.021472331137067938,0.03953144003991929,0.38221328302749485,0.12823564994624095,0.0386671081789327,0.5163081715945105,0.11063571908187145,0.09568183770718995,0.011731480846204845,0.025863224224552277,0.12171963347345534,0.02643829370896321,0.026734396759822837,0.06864506954257334,0.0,0.23059810977178113,0.06858830446050407,0.005545115832467541,0.19528960503125364,0.21134201291410626,0.0370717448247024,0.030124502935264256
9110,0.12542004020030517,0.08712630460613136,0.02361859373578525,0.04080898647733437,0.5228106249678547,0.13310100068715663,0.08901807722364063,0.45515260128725826,0.06406561896015395,0.06376276639529671,0.01044635959726814,0.027225595888599186,0.09332173772157529,0.03071296375794533,0.024512596718192434,0.06093452017730744,0.0002458921948831745,0.151781334507881,0.05853208688747022,0.013640450423814376,0.020403700488991268,0.19573694903764693,0.02425033669015337,0.017519717660790066
9111,0.2374607423414585,0.13620943074597064,0.021168255678778895,0.03723650513870171,0.33279781261366786,0.3536720557252776,0.02373406817001083,0.5463865131068751,0.0568519692047697,0.06312691799791259,0.05961928392855289,0.032687707332967476,0.11426500100268872,0.12640156516694653,0.034863647910339954,0.10207405244673431,0.0,0.2050760043134692,0.0680007636251073,0.008622289031464066,0.018906347080002474,0.3974462863357098,0.07462409933319299,0.021500534019554714
9112,0.15820038429065697,0.1497482321689009,0.023405040394833408,0.04417519943267385,0.3215446452308164,0.16884016680047564,0.00993368498047418,0.5117548017714456,0.07071988675748812,0.08604009234098024,0.06257870557303033,0.03281239197113429,0.17201660298690785,0.020871808237674275,0.024468743712275632,0.12397360261964029,4.1841004184100415e-05,0.2278912549703622,0.1159874198334152,0.012079586598651593,0.021125741119167235,0.3269160872499448,0.1067147582997472,0.018574797074608015
9120,0.18180145517822047,0.1324368468931586,0.027772324208143018,0.042204529480208114,0.5224433853639094,0.16703305523455725,0.015334673022641705,0.5862675138115823,0.07157547990929064,0.11002261872197124,0.02557620784767692,0.03608552082289701,0.1467794452400606,0.04166436414774243,0.06614525393222098,0.08365699499636435,0.0,0.33987078666258924,0.11314097452976618,0.002586426038585536,0.03741710200822169,0.2602226085444234,0.05537954652566927,0.03649768588258675
9121,0.3100323174098109,0.1746941942471917,0.027813915149565428,0.02562020270417544,0.269789399977707,0.2503865785367806,0.012529213206457564,0.48384049926997574,0.06786664960202658,0.07813154114036867,0.02990423176949488,0.05503833730200958,0.12344326556789322,0.0191028281723547,0.02639664595339449,0.12181203687023205,0.0,0.2372064184764033,0.07723342112269477,0.002345490165497013,0.02790861838245361,0.4026310316292436,0.1733228056370207,0.03232116974631626
9122,0.11113690403067686,0.11045932311154875,0.056906238840581116,0.054865448501126915,0.3709351736202893,0.13219559160496863,0.04428080366457146,0.554762556120926,0.11326938776708065,0.07627779106187521,0.014440168128730078,0.04050565710700098,0.12358403200731433,0.024320937586607957,0.024924863061756574,0.11221512981964066,0.0,0.39684048205353617,0.06350368944160141,0.0017054406743884953,0.016591738286129084,0.2576103992660934,0.027604026016597817,0.016608258607339173
9126,0.1272150198198545,0.11867146199986302,0.03110230423947313,0.04135066646852522,0.3672827581203123,0.12555625012755528,0.04970061692387553,0.4798514421088979,0.07056733253203729,0.07150874439033429,0.011877545084500053,0.02838199023149858,0.08883440553910503,0.03006147591432104,0.024623029626107393,0.06137637999971892,0.0002699819780877862,0.15087419406272598,0.059498800441969084,0.008110292929822375,0.020589067286265764,0.19355204474078216,0.02448087520365056,0.0899775185552578
9127,0.16026792976334345,0.11818543938574796,0.02227918824061759,0.033479622884646544,0.4019665998501069,0.27392511471440995,0.031226925087826832,0.4898993357765212,0.12720456164054791,0.12234998145991213,0.023306776715868685,0.025294424387202915,0.12988455910594643,0.02545761401235131,0.025417661137637753,0.0985472015756435,1.5037593984962407e-05,0.15463254986640307,0.07128655057401134,0.011270630464920389,0.020873329633736712,0.30414734792554693,0.02354020997000888,0.02031237271529314
9130,0.24708109504288295,0.1252112158001971,0.025629329748680832,0.0389407651994465,0.3018268214726751,0.12290746336179062,0.044167091787866736,0.49864805873631957,0.06307938797167441,0.06611125748492223,0.010168741163365412,0.04753370682465171,0.09378475861814488,0.02745776654373468,0.024569840626522982,0.06265142282683507,0.0,0.14330441862084586,0.08777676949107475,0.013044613937768061,0.021554485926972886,0.2154317559349333,0.17148205626374102,0.020778255548355867
9131,0.1272577280011866,0.17342723678114133,0.026496277142660774,0.04839301514914331,0.36041947817846653,0.12658811517675994,0.08786127476652034,0.46140492795337507,0.07291636100316908,0.09806723608600615,0.01003925072746217,0.0577335190712955,0.11422988902928656,0.03157552066618323,0.02449982225213748,0.06228366506026473,0.0001557866990233857,0.19018918589744999,0.05671790626302422,0.015157393086282995,0.02327050761628324,0.2095682982669796,0.023422369678527923,0.018703645428048133
9132,0.1646667410325664,0.10198008823509074,0.021018226265812307,0.057612780818661946,0.362524839110403,0.21761990190734273,0.12892201835494954,0.5357693711035932,0.06306328955022437,0.06873571977642992,0.022215070999067207,0.024655889611241433,0.14735955347111962,0.036857109875385416,0.03384682593111068,0.11693890529740254,0.0,0.20521907501073972,0.06208201262752373,0.004215716062466763,0.0214850396860075,0.31109170690889587,0.02420886403073566,0.02917050242460424
9135,0.12337233239917436,0.0862407913207195,0.022158105260656803,0.029358350082164936,0.45350904531844327,0.1275315850533629,0.022017632202955793,0.5034126081066808,0.11535955563514333,0.06842022319663273,0.01095767450314033,0.030553357874509995,0.12738864233860062,0.02515975662118334,0.027112616261839907,0.06405668968535735,1.034126163391934e-05,0.2239886711492462,0.055566459452696754,0.0060350652180870224,0.019031102896215738,0.20043389788057892,0.022874114767274897,0.018624295151143198
9138,0.37941088966404524,0.23096663450560342,0.08662543882284712,0.02865210318686678,0.40472850032970575,0.1712764226990161,0.008087136990342398,0.39306807239705827,0.07837486612159737,0.21223680619194524,0.012974285785700637,0.023458155195997383,0.22835518599476118,0.024469910917674333,0.022931476387671602,0.08336018528786468,0.0,0.17361681234140133,0.2515329684781325,0.003895659784246676,0.02125466227673141,0.4067468807146131,0.036513720891430124,0.01717060927833183
9146,0.14521830955947573,0.09190827706450536,0.022948433119962083,0.08061162801843881,0.5069010670659485,0.14067422297043725,0.04832857986853572,0.5099124796241875,0.13106194947619,0.06474321460725545,0.010493836618442599,0.030801866862192308,0.08525672382593222,0.21200710952779148,0.04511776545293895,0.061168176031919576,0.0009787297337498142,0.28039282089935547,0.056100753908118514,0.010440346442556769,0.020899004492137288,0.17659576164105623,0.023125461832739433,0.019005733227149043
9148,0.10746878691621271,0.08260632772745331,0.03184369299361019,0.02782505604562916,0.5022588678268481,0.13828437486423945,0.01982047559624458,0.5076433631477159,0.06370053735806269,0.0648826077446521,0.010420330825787907,0.021743955985747,0.0878697376596789,0.02443850296692562,0.025097928312966956,0.07699213668521762,0.0,0.30314496759511234,0.05235251205787276,0.006607010247195908,0.015608969987190746,0.2118232213805847,0.021200479567634756,0.019836828923676893
9151,0.13191535567934204,0.10609860783911268,0.025534798669362056,0.060778789436947527,0.35169208356414067,0.12671975387620382,0.11628740808468759,0.46693719273584455,0.06368621436207957,0.06610491993645151,0.010166439497140689,0.064126810604557,0.09729237132111455,0.03882497567282772,0.023872214403643822,0.06377000107502177,0.0005628337111603653,0.15609039833330018,0.0605387791996709,0.02800260074805299,0.02208933764454522,0.2115550613778466,0.03358553480863436,0.01691435291395628
9153,0.13524264867023186,0.10240388325237937,0.023588089283230192,0.03768319973539255,0.40528830135338595,0.12896870373582572,0.08821750199688311,0.4675601270497316,0.06297616579345866,0.06100716580654117,0.010102202174484414,0.02996062998005217,0.08788807203945549,0.030983845675128453,0.025654173359493226,0.06074667470112271,5.790534224127285e-05,0.1777777312068866,0.05883719920299203,0.023283336754588317,0.020238477678299976,0.20095752789636984,0.10067735240318312,0.01873955531033345
9155,0.1843075436177373,0.21025581287792466,0.03119992304643591,0.039178982714973776,0.3740390726288538,0.15055616339323555,0.03314968248268182,0.5860426356945838,0.08085346323132152,0.07430658974663241,0.01710983407225713,0.061744104825976184,0.09707944548498477,0.03302432639665984,0.081433113238247,0.07783894362183034,0.0,0.23007166655436273,0.06268789504129757,0.011830795539634467,0.03218429009690151,0.21467960221060245,0.11572502183113974,0.028694647732597497
9158,0.1696887422340601,0.1165760111306427,0.026623417039257472,0.03807908054290403,0.40918596095245535,0.32075714550471157,0.08034143497389165,0.4634735070121585,0.07677638898617543,0.08001393842932353,0.010161068500115982,0.027091502224137,0.09214164968913639,0.02925935648750427,0.024512596718192434,0.06122594860931823,0.00025302144181409955,0.15215990608572963,0.0652735689198275,0.010378524353044998,0.0306785082522589,0.21421545546626766,0.024619699672282454,0.019189602290950836
9160,0.1279009930433669,0.12037439196201438,0.025999616001528145,0.042714146339093005,0.43856104412865216,0.12296763508982965,0.03076586029680962,0.5207061143455958,0.08160758746014997,0.06632122298133367,0.012225329329404485,0.03129730944941977,0.0836396659584164,0.026276224256791957,0.024623029626107393,0.06300351549903667,0.0,0.15634552044920652,0.060112226636474295,0.022804529926458098,0.020867560619942115,0.1912710765530339,0.02987802493559881,0.028880231803199846
9163,0.19766558197917877,0.16083686175687006,0.04439769163219562,0.04193783846977917,0.3641448077417309,0.13002767569427454,0.10586060339411331,0.26766082443056516,0.08784351148840865,0.1594244417808737,0.01028768600353324,0.030137431497306248,0.3509459547756788,0.03072941905058782,0.023913366357069168,0.07656193722825282,1.5037593984962407e-05,0.13184124318185744,0.07851958902950144,0.0068333138569988214,0.020564951075691663,0.25146419817408533,0.03470701259941767,0.02201373099529362
9167,0.15118604157711532,0.0996829278653346,0.023231166995671085,0.032659729069168315,0.37406381321095794,0.1763194487182551,0.04801045448479366,0.4574195564399162,0.06771736079166138,0.1505695139657669,0.010206396862247552,0.02402919226300733,0.10160393932097873,0.02599624335138855,0.02476197309981494,0.06584142562198578,4.1841004184100415e-05,0.15426471476115172,0.07608344029060271,0.011596048287484824,0.019797338119923145,0.23702025844282157,0.028351563030957424,0.0177308892505923
9170,0.1261194035320969,0.08813019974266006,0.02211212803505698,0.04410438775748246,0.3684490133309916,0.12741849038254052,0.05881272347845277,0.5579131386434946,0.06377037187302982,0.06397922727967824,0.011972454520733294,0.026531744194415265,0.08683691996082026,0.028721146123856595,0.024791489469208738,0.06424125105921161,0.0,0.19280948310203438,0.05529858489998804,0.014838664446912994,0.019654107748225857,0.22575708106659612,0.022164705241678066,0.01866279353194867
9175,0.12385253370990704,0.12637168158792683,0.024185714168391798,0.03774231744562689,0.397419464856379,0.18331363280673785,0.03046525482760481,0.49676943994356515,0.06426578893611537,0.07410433243596799,0.011239053086789286,0.040768081074267964,0.1004158985295577,0.023143815291160594,0.026274980617981312,0.06261201387160784,1.447178002894356e-05,0.33640513689425844,0.05725978665509802,0.006627038636784076,0.020334051997493826,0.19633529097923502,0.031636593835422284,0.026410919376414026
9179,0.09227847113347312,0.08854875359172959,0.02083442348107916,0.0344808697190247,0.37758089823956564,0.12994486128354235,0.015109857667913111,0.5292785854875014,0.06460983496905706,0.06390735673334054,0.011068609929929196,0.0265486783374805,0.09446048033863733,0.025660359881461304,0.026920199254522756,0.06932236665854367,0.0,0.4245220025469545,0.04642580928367912,0.00859441000459046,0.01729996397981461,0.20188784584858507,0.020862806181735333,0.01768547033528646
9181,0.18405483934937106,0.10221070266384556,0.02212649198245567,0.03696363252253236,0.4126428487866317,0.2529870972941253,0.05781536565571338,0.555043862539728,0.06421565809989639,0.06873254732312219,0.025846695365934175,0.029018093933435157,0.08926414622448817,0.02962497788501826,0.03746253497070017,0.06328023466665844,6.329113924050633e-05,0.3101303708519704,0.05067126847041485,0.007497016604679761,0.018898867137403796,0.28894470840340614,0.03281855322117226,0.018139077522359718
9183,0.09576176929895475,0.10969284574588699,0.020842700641987635,0.041431544303550324,0.3913030571794781,0.12705236362662997,0.017327242831395633,0.5720525732348309,0.06811898449424454,0.06503666308068466,0.011200064596305894,0.022624405637880658,0.12152900626954835,0.028554134880971412,0.03129839984217863,0.06543646455166907,0.0,0.3120877401707769,0.05656905296308855,0.0052710168689613845,0.018971916241653473,0.21510141854597628,0.03225078134500015,0.017564527710124095
9184,0.19340274675800923,0.17442140584093463,0.03268708114093426,0.04752892409918391,0.3430356504278308,0.1778571949861122,0.0418127255221074,0.4846078397537527,0.07142211029446373,0.08097393280234291,0.020554901067638905,0.09168739793224855,0.08560623471181471,0.025703549340397466,0.024973487057882823,0.11188922779446876,0.0,0.14821652291026674,0.07371326100980387,0.017565485272858842,0.02110517041129365,0.29673711759703664,0.28590268553911746,0.022729966230720048
9196,0.18933591484748769,0.08923033958100024,0.024115749869840303,0.0414681041575608,0.37429523468478193,0.16806940027492,0.15018479379075922,0.4390626113890729,0.06406561896015395,0.06453046500949279,0.009876682395894155,0.032144742512020735,0.10718623012449738,0.03566210106425149,0.024456738965370296,0.09907836946318428,0.00018893693905348873,0.1467544141834444,0.06099265253508073,0.019161879469066213,0.020684624619616863,0.30310529023575883,0.027785824956749285,0.018679284256983286
9198,0.12906051369117924,0.0884587077832776,0.023638785277856608,0.04211427583265858,0.38021742289249244,0.12814804560054235,0.09723858645681098,0.50284039289458,0.06475855499850774,0.06453046500949279,0.010989775245658593,0.027138619394397483,0.08868883172999309,0.13979586395825952,0.026890714564719045,0.06074667470112271,8.87258815793323e-05,0.15243099825422446,0.0580828631433325,0.014264633467348615,0.02095786534555384,0.20682596996676103,0.023701181133090495,0.018973115308040953
9200,0.16101379080486533,0.11109105257770914,0.02266783459267943,0.08430466708878838,0.30661824485394207,0.28729802938310894,0.05784335773401124,0.519694222965224,0.05760413636635023,0.12095184954225342,0.06948898729722106,0.039888524722771365,0.16063653660486688,0.02254977070751407,0.025604799739462118,0.16018493433570657,0.0,0.2017313631912138,0.20250165276333934,0.008668455347693083,0.027865966750248942,0.36124290721861224,0.05953908624178121,0.0289015815074864
9201,0.0981795325038356,0.08326860667698038,0.02451771144847475,0.03964732084151182,0.4348524255797851,0.148509098026678,0.06192247002616365,0.5105331199114737,0.12347477600777011,0.06431281227892371,0.010513724485875222,0.02600557855112776,0.08964112422529416,0.04219220131247383,0.024927652731638817,0.0629394203185584,4.587155963302752e-05,0.27324246540144875,0.05306876148864933,0.012913951571418926,0.017185683460730468,0.19839752610283867,0.02702571956018516,0.018174258801834896
9204,0.13207136458647237,0.10267755282815912,0.021129823305355594,0.034280767128154935,0.28030392403372806,0.3855923572385545,0.040622416836426554,0.45416931675706373,0.06241980537410629,0.08335334310560928,0.014753512879198842,0.02456158325439044,0.2018567980705404,0.028365450625351212,0.024315031745367047,0.30296288552824047,6.215473313651003e-05,0.22899553444541054,0.08577246636993353,0.006549623811864257,0.018839366566876615,0.535576620581925,0.02230790369887889,0.01847204281052077
9206,0.28218068304007254,0.1285815736029497,0.04069568484259148,0.04110576648745894,0.3753268853157475,0.2566194558418933,0.019912927799470802,0.5021302909184027,0.07520416732384434,0.09313833896276334,0.012677748315210102,0.11686123100219203,0.13356786115287284,0.06965873281767358,0.06143455447262599,0.10934098488154735,0.0,0.23066399306023894,0.09195467738496334,0.012239670896029332,0.03381234683114234,0.34384225458722156,0.0684061935727743,0.03639037744643548
9207,0.14366772454637342,0.09728606265502714,0.02245332093257023,0.035701688869757664,0.31734067109685954,0.14499957134763022,0.04524763055316686,0.4806787749823885,0.06419155608469705,0.0669561653435231,0.010761451171332133,0.04283521537931614,0.12731652667229645,0.02777735330823388,0.024616043932523396,0.08266444450949656,5.218226581801976e-05,0.15090149718134374,0.062379377430565694,0.0055944462547282406,0.019612250438446877,0.3068343560788918,0.10684664221034199,0.01977149533994345
9208,0.1749582073963994,0.1191046102386876,0.023408596127027205,0.035681306325311496,0.292431873376095,0.3114596147919715,0.03649926499788069,0.48775333907654306,0.06337234986316685,0.062188665389246466,0.061680263755031745,0.026038084714635777,0.14329320116265737,0.028199951493479404,0.024155153592833004,0.1381951074837755,0.0005263157894736842,0.2670844130886111,0.1294229599847857,0.010235310682485706,0.02453830749909471,0.2992161097310114,0.0404985867373714,0.024553756781596006
9218,0.13173525997444852,0.08959130269351681,0.02172106074795285,0.03689792184791691,0.3924237839257982,0.2271319434194333,0.03495610033655987,0.5822507483126114,0.09761944272288757,0.06500831038373969,0.011932835056325735,0.025525834860930758,0.09701936790522751,0.03883823056998558,0.024411515668039514,0.06642938010051369,0.0,0.1788782241279058,0.060543542228933864,0.006726806654744657,0.020381579253561606,0.22370278025619544,0.02256962282281449,0.0197475104605506
9222,0.20771813308406933,0.140235771776646,0.02759720867202569,0.07295949605051874,0.3772314120707836,0.20541967498444624,0.0325530548241454,0.581015821159673,0.07649843968031128,0.08564766767159748,0.02656669313908011,0.054720427615073855,0.13612615515415608,0.05043025056878798,0.041528967236998594,0.1303257607064274,0.0,0.30758780064643376,0.10000391499914617,0.012236995145689336,0.016025435944609735,0.25253318415034237,0.1372010565756008,0.07440920264592324
9223,0.12110950483576693,0.08096997976152874,0.01497864546610255,0.023517378281812933,0.5171208221570676,0.13479695159591723,0.004290224763961814,0.6698503298584858,0.07402371293536075,0.0648682119950113,0.029230680976407655,0.024153877065287713,0.07948548168942268,0.018211435786117548,0.048218626954698474,0.06931193335109369,0.0,0.5468617861039775,0.047048188396025516,0.0019308223811899863,0.01874914070553352,0.20503775679284555,0.02815739945384963,0.016537431164546167
9227,0.16616346272047178,0.14523131279858073,0.10713484101331075,0.022064792058223356,0.45218210504799977,0.14045615630887862,0.017029120072722143,0.5017798920101544,0.2143997006772728,0.17944675317643874,0.023217621252800243,0.045692717932199575,0.07086897035417287,0.029340979519537645,0.048207822427856734,0.10345370470870324,0.0,0.1896098346819956,0.05978847566405244,0.0012058748855181994,0.08517316423471469,0.23470733575023078,0.04680152688354491,0.018996346041941517
9228,0.14928471848804356,0.21760590713423858,0.0407274545233585,0.04386630354902241,0.3282257206795351,0.16844563852586453,0.00718097431248934,0.5006318916458351,0.06803442180951515,0.09173422002393412,0.029943125619023073,0.09386551684488972,0.10692616557242558,0.02056820074308977,0.024938807194623727,0.08810769275440146,0.0,0.3021229148671072,0.07987139310296736,0.0034465586515581483,0.029625629796693535,0.24776448851870458,0.28532373958944396,0.02250011446313735
9233,0.1296728394053178,0.10534854414236713,0.024989792751391047,0.055730836085038836,0.367628757607228,0.2458796901606509,0.004374857206557143,0.6150397278029449,0.08457821108443245,0.12442061882152732,0.05521221628532647,0.054364044730529144,0.10358989404312884,0.049195650842534126,0.03793699522719311,0.12129066603733828,0.0,0.47473505122246523,0.0636709090024536,0.0318757265085812,0.02770045116038734,0.32370612873530236,0.06638577465436907,0.03624043412655894
9235,0.11898870293354082,0.1413301618760247,0.017957612067946396,0.034858605067601245,0.47680472050165695,0.12350160965450081,0.04613573415211329,0.48294501500789283,0.08396923916839999,0.09669089982299538,0.01212205404905821,0.024658505284367704,0.15321974938468458,0.03336738250366208,0.0247811913636713,0.10894649312733763,0.01,0.2787820090770072,0.131067541387894,0.0026749375856344837,0.023281552475488222,0.2600932988339343,0.021524018738296104,0.027151539556126574
9239,0.16584367356854163,0.10046401023972255,0.022961650476746365,0.04503774521206628,0.34560262577556494,0.33329009003104304,0.08425852840638742,0.480796276235075,0.05741263021525594,0.06388312004186329,0.02064524541404262,0.02651236441068462,0.08964999572176445,0.032140194446172485,0.024243882706676118,0.12694849289583124,0.0002840289783814711,0.1466632956261873,0.06707540380092268,0.021047550860280904,0.02009199479022141,0.3621902513674716,0.02326605069975139,0.01974888227591144
9240,0.16708183349534456,0.0907785373162076,0.019349590036809396,0.03282820446105152,0.46095304600437115,0.25605891786684665,0.016312136272080533,0.6014603450686714,0.06077054092237757,0.06458139953032806,0.017995026026783684,0.022763476252127105,0.0865961637310706,0.022730506898295783,0.02342393306831576,0.10103761075899127,4.987531172069825e-05,0.3476460518899868,0.057972295994928515,0.005897102431892855,0.01850850535174879,0.3428990500054658,0.02235524507300563,0.01876148888799495
9244,0.3341177697962759,0.36451819924381673,0.10618348535645891,0.030912539349053983,0.3237805113959049,0.2324490443222177,0.059522150268581535,0.4143255947853508,0.07667558956367243,0.17840834323597357,0.027757985918273054,0.04963349873530226,0.23211291752206517,0.06353925379350696,0.025116370934100685,0.10880900803098349,0.0,0.19823601313348146,0.5436304012119857,0.0071847708127402874,0.022073780656467323,0.2851720249662948,0.07450080614979403,0.01632029262281765
9263,0.13782520913875124,0.09076365851474336,0.024598488360259983,0.04102504099773086,0.4580261518668582,0.12722643173225123,0.05803942880567699,0.4821444307155797,0.12426068187595027,0.06389636681062776,0.01003925072746217,0.026697154755635784,0.08712579765247452,0.031357858613532456,0.024512596718192434,0.060649800786079684,1.5037593984962407e-05,0.14955739506218074,0.061864965845103655,0.013128959904011021,0.02065055293090645,0.21154318045947956,0.023740726856336557,0.019691103868634437
9268,0.22468998493443026,0.1346891729277943,0.028517901014953047,0.039963159440231114,0.36340594916694596,0.3366153647100644,0.03201117759551795,0.472669495584881,0.09161912842865366,0.09668092869057679,0.015865675514146464,0.02465497255512491,0.202692285017726,0.02262223725567125,0.024113958036328365,0.13161408431873622,1.5037593984962407e-05,0.17833415128525648,0.07301099046787503,0.004175262038546696,0.01890077812095315,0.4443929636601489,0.02979037948301913,0.03363628059697687
9269,0.1205254551756726,0.10127176200934253,0.015395163136236921,0.02556800503368819,0.4550296198352219,0.16156685788587283,0.02243841969688156,0.659810883562549,0.07734473309029494,0.06073967643341213,0.0314555649824707,0.02342272482556035,0.08188820131602303,0.022837580384716484,0.027226195058221374,0.07158566209780699,0.0,0.3682448487422758,0.07474474455392499,0.002239920437679576,0.02948236420354968,0.2155337869914117,0.03276765634913536,0.055642927565571744
9270,0.3163839166890466,0.13440262743889575,0.021515616929284324,0.027767685436839374,0.2562930192553453,0.529285171373926,0.025118501532726385,0.5061732462381846,0.07995408751175166,0.08970479739439277,0.08541927046971198,0.02255057953876437,0.10589732169528907,0.0219081860135502,0.02577996996839489,0.27479870339976586,1.034126163391934e-05,0.18912920084233406,0.08446691620802292,0.023554199345584798,0.02688882111954062,0.5909742606899511,0.02348493541768853,0.0287887601176202
9273,0.1459582852181412,0.10678200154438822,0.025617920556103135,0.040394413114787614,0.3533871622020988,0.1273748855456893,0.05112705860166897,0.44937171722205865,0.0781483181966573,0.08717235877394787,0.010343386598733052,0.02689296970740638,0.13277378498111844,0.0276857124084587,0.024512596718192434,0.07022528264516725,8.877158394091318e-05,0.16081875901946296,0.07709174157512634,0.011609838462903872,0.02038645160761702,0.2517625175399972,0.023316971285418858,0.029070918156858677
9274,0.13240665043889557,0.09983948973427889,0.02192873324100546,0.02649383700342702,0.4515448290058044,0.14044634615621976,0.018571316961348817,0.5184230357256224,0.07479548754937715,0.08970025116011389,0.020897258242558298,0.023090591776927162,0.1057181003088208,0.021449596815661262,0.026097382112064926,0.0916752220905922,0.0,0.23215709450733685,0.052286681684388346,0.005181608866475811,0.016937540789835694,0.23238039805580857,0.020548550580018272,0.018359924995303874
9277,0.14109013618881538,0.11900907988612469,0.024521246603560493,0.038406919721609825,0.3315264649880452,0.1288375647387648,0.044402589788565934,0.5345409492288862,0.08247845811817513,0.0664940150095282,0.010339237621963886,0.03294282623013987,0.11428590189268677,0.027477236128559873,0.02345646957775788,0.07145593759208714,1.5037593984962407e-05,0.16039470095924774,0.06168917330444182,0.00900170342614681,0.04514364643822194,0.20463866057431873,0.04491867661615068,0.018990105171834016
9281,0.12971244397424062,0.08712513726545996,0.024094953233532355,0.06156647410493564,0.35237073004196134,0.27145696582554024,0.15499202701066178,0.4459056391007371,0.06336681312202924,0.06305076797473323,0.0149982471592295,0.02940693150066935,0.09221532898558207,0.0349441279988769,0.024512596718192434,0.12066996245911904,0.0005597733269856965,0.14092269546550037,0.05929427509191812,0.0172855670249259,0.021710389324002245,0.2906871583250216,0.025001860269120574,0.01784777180727134
9287,0.19549494468830897,0.25140745006950604,0.03450303264359339,0.04052394304404512,0.34318639455661115,0.11788726474134661,0.04501690166095378,0.5419654286942786,0.07601969004224936,0.07276020282781297,0.01118456667638773,0.047494757178386714,0.09784916303515127,0.03618431611302274,0.023670989738622233,0.06630289488122616,0.0,0.18370111508754122,0.36771435389966967,0.010777971482187437,0.01982723094252084,0.17840470286312804,0.03815155400827394,0.021161119417103275
9289,0.1370029963331744,0.09079471839046682,0.022379312991796598,0.03870192008949785,0.37904785373286104,0.12773412275433363,0.05237212978618179,0.5571474983249538,0.0644936929488483,0.06599611697996323,0.07299929390923382,0.03639508594860545,0.09083530397619709,0.13571102813736904,0.024017237568629782,0.0672349886662876,0.0,0.17987611923523975,0.061656828543734644,0.021577344627901906,0.020520597687026732,0.19916449421276794,0.024662053550972726,0.018301277002392723
9290,0.08998908298044597,0.08645832803652467,0.021411155420908354,0.036943111796174447,0.42299288054720124,0.16790154668377544,0.031268162689173096,0.5952473870075496,0.06503782513356975,0.06411627423404216,0.012406866428376724,0.024954902699201212,0.16159826610584027,0.028320658175251746,0.028303035128499646,0.09092116862276901,0.0,0.36135122211415427,0.04658149815842536,0.005569694759056997,0.1864272245796594,0.3402047017494987,0.021592757785071498,0.017995613800271464
9298,0.35285405248210977,0.22999520977388913,0.051262910887107854,0.02430994153710122,0.3661181720419874,0.3507582584341379,0.024629740304388706,0.32983256430748775,0.0853927653641871,0.21289427756567916,0.02177694250088602,0.02366306509565306,0.17646478549697575,0.02440556014296393,0.023764125379221304,0.1198662913509253,0.0,0.14276897651993348,0.14416650187367197,0.003096704098152502,0.02010252189969414,0.35001360700794765,0.026944142936419987,0.019074856731250773
9299,0.28692468524392806,0.1271571018951514,0.018045339898681477,0.027048954251659957,0.3279823043763673,0.3717851563364127,0.028413337841513342,0.5290345645265297,0.10126706937025844,0.08253079947844602,0.06333856459127736,0.03150370578563648,0.0794926535022882,0.018918213131608283,0.03357741940905584,0.12110629796627029,0.0,0.200874255699147,0.07124684131082865,0.0014967241143212025,0.025704971500953366,0.4162054663438016,0.04158306427258571,0.0499547854656133
9303,0.12406566821412442,0.09210076267872642,0.03256273216095815,0.03333997752927407,0.40827057349331675,0.12582398579604223,0.03670120529847989,0.5325970642097998,0.08096702467697232,0.0658583021683989,0.012029107092812972,0.02491486043459366,0.10969010937398911,0.03523219628243297,0.026210162418479212,0.0652883136485362,4.987531172069825e-05,0.4366033909280829,0.0699003742362414,0.006191807657846039,0.020127384582461848,0.20416991524366102,0.02586878359754108,0.019077573562352308
9304,0.13040178474815442,0.10986264779098397,0.02411294228070001,0.039278180438194574,0.37257596276599186,0.12407910144660633,0.0767907757144915,0.44979216092295926,0.06390968733836386,0.06828321319315059,0.010717391637269915,0.028445780843792998,0.09552163632734166,0.041095190866100015,0.02470796499759135,0.06671373743101254,0.00023279276068010447,0.1513883120277856,0.06444103360414152,0.015464334094346867,0.020701251694540904,0.2007604204864384,0.026976420160307307,0.01817970046241306
9306,0.1342542103198815,0.12172617330744555,0.030807434977204687,0.06388531188139936,0.33484842625869343,0.4115032256723064,0.02586143496839923,0.4829016508945974,0.06625899257674839,0.06423465130854711,0.01978142178359975,0.026197888806680426,0.10943783127076841,0.023670268362525206,0.02399728424653775,0.1367706386836457,1.034126163391934e-05,0.23713173892109002,0.051170315671848446,0.00583399613119318,0.017800791642371062,0.38201783124449906,0.02232365134309397,0.03495485257641309
9310,0.10440608985976187,0.08613438880848698,0.02163060463623207,0.03483183313116355,0.4381319063529212,0.28216378858940383,0.033366017710664116,0.5107805191171731,0.06316462212018384,0.09699950005554597,0.011048536138322367,0.02393537845247695,0.09802271470959513,0.02943160394630021,0.02561876653977472,0.06402485942100766,0.0,0.21951449227612552,0.05177677893541257,0.00957251066765779,0.018121552879450793,0.23614446638701786,0.02884881264289273,0.02949080786647644
9313,0.3252277606509489,0.21474342991588688,0.022718765149375958,0.037475224335680984,0.3963611068390079,0.25548631689412976,0.03992692472230561,0.45543502079591713,0.07072720887293422,0.12461221670481903,0.013164734554202591,0.035622019279214164,0.10051221883311344,0.02107206427368653,0.03311944013755018,0.07831151084892722,4.1841004184100415e-05,0.15505214457451927,0.13994463055702117,0.016233300751914773,0.053952923907033566,0.29356711259171187,0.0665139228546902,0.0754050106829038
9318,0.11542581690245872,0.11783648978719208,0.03282397608586958,0.04279294424314763,0.5275050905608485,0.12571529602319706,0.12362335983950233,0.5156418325858667,0.06242102205454088,0.06373562198998578,0.010986973205994614,0.0283485134429159,0.08023553660582858,0.05988219785430635,0.03188896027210706,0.06664859308155528,0.00010054672043980518,0.23500738001143645,0.056597715437497975,0.012792566763652001,0.03099591341127965,0.1659218512254042,0.02444123513371804,0.018819032672532023
9322,0.11312020189280408,0.08485334713072294,0.02175552604616856,0.039089169995820766,0.36725071180089486,0.12815854163537366,0.05482052795391119,0.5057072316218265,0.06161156082644573,0.06644436111166199,0.010172018899081923,0.026662937252807772,0.10311200928584124,0.028625085322543535,0.02453732099548323,0.06178734327537561,1.034126163391934e-05,0.22991759122936106,0.06408772573438579,0.02046123582871711,0.018711260343810866,0.19559649371835675,0.026921290104097814,0.017509574657330104
9323,0.13511926562779977,0.11807000021493531,0.021844235892329728,0.03181591333666554,0.37085091950956134,0.13110092542902718,0.05454117184529353,0.4427930373026744,0.06378472903688043,0.06756341029148882,0.010844580406948433,0.02487913209247286,0.1572067601059101,0.025207549672074784,0.02494497262595243,0.07098973761351948,0.0,0.16122485482742369,0.07707728362425749,0.0059030012099553246,0.02270336840742434,0.24807707250041375,0.022997852565380974,0.03459290028123921
9328,0.23918221722998623,0.10710511692836969,0.022018465358182363,0.03655504994590585,0.45388031334141876,0.3207161605780305,0.006065375999717218,0.606029485266191,0.07648176387466994,0.08387706500417837,0.06571348154414718,0.0200445176545222,0.11225720724529642,0.01991751797892037,0.1501546946143191,0.1650230809737502,0.0,0.5376312390147925,0.05523172017164974,0.010756666210133969,0.02748594163719846,0.36911980026841784,0.06520873664941629,0.059326173948064075
9331,0.23231913263038415,0.10471581882289631,0.02155360353178849,0.0433064857554992,0.32384402581904653,0.4921420236607757,0.01607984738933055,0.4742320160036039,0.08475781115794591,0.07022438461555158,0.019696115321935173,0.023507147893088054,0.13089918550287297,0.021601428270616,0.023620658589773448,0.23545465017631106,0.0,0.16483567984141037,0.06216908065875329,0.006414137841840889,0.01784345598045096,0.5269867992695807,0.022602908227062787,0.02052656185158281
9333,0.19038299922155683,0.10919135564217786,0.049141847091154815,0.04489800062715545,0.41861754044302446,0.18589985463991585,0.014111432879378159,0.4714578759313077,0.08557061254959727,0.07741471139887017,0.011930638222533556,0.024739090300601473,0.08536307793689046,0.02360541352878629,0.030479195372836453,0.0725152351018472,3.766478342749529e-05,0.17786062550058143,0.07898550825043134,0.025308023989737517,0.02623581568320743,0.20601269848220735,0.02307230640688328,0.01902173215739766
9337,0.1693097533248671,0.1126746417036094,0.019393549465563077,0.024813951679389757,0.4502276645346023,0.1930436965808551,0.010760050829429189,0.5803135045323794,0.06333636370485482,0.06453607175098408,0.011901875318673753,0.019767715183153504,0.08404923872908052,0.03219930559259998,0.027119844795308365,0.08737094423651022,0.0,0.3013120984263539,0.05654229908684049,0.0034816533912856145,0.07590773398155816,0.24066166038064718,0.022450798555479923,0.02101505879745287
9339,0.22196062364686392,0.13027629350831463,0.025826457812737735,0.03077309880834603,0.35274419991446654,0.12636545383401623,0.03458922441967502,0.45289472480993487,0.06406425312289345,0.06481682445028437,0.010166439497140689,0.029261548445099334,0.11015357501065676,0.027316801532211773,0.024512596718192434,0.06567598701313308,0.0,0.15414198682472383,0.07750842877601123,0.01811376204765296,0.019587439127999182,0.23015625256603645,0.13491241787496336,0.02006917129791443
9341,0.2097393970670133,0.11030556712578238,0.028696577354094588,0.031512919829522576,0.34038621252442014,0.28074396820876646,0.022012024235391704,0.5123614952437784,0.061702599811128696,0.06784231503893909,0.03892400851982944,0.02646374484408932,0.10529916636789464,0.024168753219163258,0.03380242731068558,0.07170752086312343,0.0,0.1867595428882978,0.075364503579932,0.0032834058506404367,0.020139722883029443,0.35003391608242695,0.027783586213103506,0.018833757716882327
9342,0.15631178198020743,0.09331178424998908,0.023115228959930453,0.03646821797730533,0.4036564132214713,0.15050550907176768,0.02468129998156285,0.5208600478449109,0.11369817599524758,0.06351839427737219,0.01294229307338408,0.026091669398829436,0.08581453817365584,0.026526223363152527,0.024055928565408172,0.06222919894868783,1.034126163391934e-05,0.16011558956308952,0.0974772852959276,0.02909186853991936,0.02107038947656124,0.21553309569490559,0.023906288963295406,0.01979311426227292
9347,0.12355486256283614,0.13208910146468855,0.021104347417620097,0.07981920680832703,0.31234697939129613,0.1250491704890012,0.05391544880831787,0.49525043747703634,0.06415674435460554,0.06396386321161238,0.010097828141022882,0.025212500602293804,0.09921642555450899,0.37308304491550937,0.06312745463551088,0.07142876821242164,0.0,0.2683036880219414,0.06531376127538997,0.007998687107708508,0.041357632957889565,0.22669417601642988,0.021720733000100738,0.017677289611454414
9348,0.22440981954160402,0.19734865646855723,0.015480274406818201,0.02371262183104959,0.5002768053890483,0.1349185363620119,0.0064783644085102485,0.5109187944188534,0.16114725640189229,0.12114302677762043,0.010768054953117919,0.01740215155649069,0.09568220816479446,0.037106325283374285,0.04020907381080154,0.07888177856601636,0.0,0.2864217237469147,0.07842799030488845,0.0019426633219256162,0.34660087999357714,0.21909761340489425,0.021345036007353463,0.06731709220488055
9350,0.2695895214053205,0.20366597740316564,0.024686342995010574,0.024595476224681244,0.3320471949858435,0.19241552899631098,0.0513872770174088,0.4470047620243839,0.06671640351412578,0.10030078940101543,0.023453654964807516,0.0231658520670415,0.2670876461809801,0.034233699854692275,0.02299338710406529,0.0825359510110021,3.222309970831759e-05,0.22452525674324875,0.14363417380887833,0.002553133111055085,0.027438054913062455,0.27274037485290953,0.02249156563421109,0.05794613532913944
9351,0.15723804066272978,0.11882799138244873,0.02105130134391251,0.026670812088553073,0.36485659161135997,0.1344636401740935,0.019952804811844183,0.5119951081611092,0.09166976684950189,0.08687577169629618,0.017597954754800655,0.03973354067249271,0.09318020491695371,0.05054075853789361,0.052354910052782797,0.06951256485263034,0.0,0.2327195175612456,0.14260442754095362,0.0026498209348721196,0.023453387780762173,0.23245120039718375,0.12914516170064425,0.02611540497930057
9352,0.18216388896906888,0.2122598076027362,0.019967104904029025,0.045168891284721305,0.3301259410648004,0.12366202538282157,0.057576764750623975,0.5223197108264998,0.07049838250543447,0.09683015146226072,0.010192258931415819,0.04328820929366614,0.12974860620574422,0.027254527591706986,0.023318289007198165,0.08772772386170954,1.034126163391934e-05,0.1687773494616441,0.13172579559487338,0.0043683049988422,0.03227997609293556,0.23446410092768175,0.04249798526301664,0.019449348513411072
9358,0.145386671298639,0.13592388989245976,0.02459963325977639,0.030493828933807893,0.37812284488703485,0.12878613914921824,0.06680740518948859,0.4156676442121639,0.06479378949282649,0.06415268665716259,0.009960550675162745,0.026447671055564066,0.12975796229399175,0.02919169849842423,0.024591482428292358,0.06518289359717346,6.491290570566066e-05,0.1537543138775504,0.0778082233245668,0.009594367648523673,0.031137872465558044,0.2135250637303916,0.024303671419106287,0.023534530137386548
9361,0.09569103709598573,0.09277938798779545,0.01832088082504902,0.032504381825044525,0.4621425587014795,0.11902163959315289,0.024117615131813187,0.636296989240809,0.059732588556706115,0.06580462656365295,0.011626153770194986,0.049993212771071355,0.07914448337852678,0.033073383224138726,0.027068034021909448,0.07308372079776117,0.0,0.4016269844245218,0.08571390355634204,0.02171769973321785,0.026491788921871984,0.19700700919714056,0.029553718906598747,0.017996069494319707
9363,0.10798344999098236,0.12521743119153902,0.02982028339279298,0.02335934715632934,0.42655773512453604,0.145340374362608,0.02043233013641699,0.6449700164659538,0.07253813874282172,0.06400133889554019,0.05354273325583418,0.018684124082060678,0.08295421458167855,0.02003088591262512,0.034294056378774786,0.10515659575314587,0.0,0.46967948153760986,0.052508624124526504,0.021535221431610473,0.02772898898668563,0.2274047047291552,0.04486983104597636,0.049600868542318606
9370,0.15597369284239712,0.10545761310594952,0.06116736724973685,0.04311618869807732,0.3683566681950039,0.2714226644876995,0.09857484697162386,0.5251797420491496,0.06690319439255887,0.09689871216944887,0.0379697194622642,0.027817458087456615,0.10249451872670848,0.035328382145128415,0.03608555836044243,0.10852703639889696,0.0007970535249537847,0.1707885209071265,0.08835330804963873,0.027330773108114298,0.02359248826220546,0.33317292179722635,0.026108319801526215,0.019698225109380234
9374,0.2489343752845677,0.1743152001887274,0.022105843175886243,0.029965187819924844,0.29580968719344525,0.14364296981010707,0.05521281293491025,0.5001319537412448,0.06141558668063741,0.065356980919808,0.013188260631679709,0.029055600199301902,0.12259307052852508,0.023918600180336917,0.03775554693137512,0.07284670189684535,0.0,0.1791387442626013,0.06948337742559751,0.009107829273118831,0.019421111607936904,0.209930576203629,0.30427718406185156,0.021406338185793645
9397,0.15368875340009291,0.1133701898059031,0.02381203286223356,0.041549051847276884,0.362765479762765,0.12598426634984158,0.032973959517261474,0.467309001804018,0.08181755564804821,0.08167628215416585,0.010326587674382881,0.02780963899638712,0.10777355365721053,0.029870644288318173,0.024155153592833004,0.06260620149134709,0.0,0.22143647644444595,0.06416869246734935,0.011970072875799882,0.018268164131157116,0.20405393585408138,0.02415638980736204,0.019785455185481256
9399,0.12944333947609776,0.09052469482398545,0.02364082443339111,0.034862722939123264,0.4035096701144495,0.18485521746879796,0.04639780481195903,0.507022144077477,0.08535458591665714,0.07470485476506016,0.010601529591973757,0.02626938165464102,0.11030919706487106,0.024767702566551857,0.028281760864192814,0.06190752307554826,8.132284551649664e-05,0.3053916836000284,0.053272908900543633,0.010940686895440603,0.01823773663987428,0.20915353301202688,0.022948769884797073,0.02558960612134111
9400,0.1343675769404067,0.0884736588984795,0.023759782473558387,0.039339975111108136,0.35749891920645055,0.26101498411903623,0.10881770318958128,0.4430094336769372,0.06336681312202924,0.06305076797473323,0.015580691904903752,0.02744167185451099,0.09137963312297556,0.03256143521080594,0.024228265199741132,0.12543228587769126,0.00041894459376022776,0.14437422478164463,0.05989065720750283,0.017263805891322658,0.04870611005487481,0.29296891692156035,0.02442258032648682,0.018463091922385887
9401,0.14243119970459137,0.09014493012520414,0.02410517299563446,0.03911485925674745,0.3574701738740947,0.17360401424497318,0.12631473227070872,0.44820391205722404,0.06436323502953925,0.06401968763866579,0.010011192855498346,0.02801297184560912,0.0923451346976265,0.0300906354463677,0.024155153592833004,0.05997623377246395,0.00010126652380900247,0.14717895041341605,0.05861679206867515,0.015887435997804164,0.02041312905488476,0.21986234237416905,0.025240530179986998,0.01893369441518254
9408,0.13108469335978712,0.09132626673316174,0.024567122813151196,0.13610038554926088,0.3707370269609854,0.16828821247217945,0.10860872798762003,0.4514770905976142,0.0648623869121465,0.06376276639529671,0.010482967335656967,0.03568841428284394,0.1747453731462211,0.032529931578775255,0.024512596718192434,0.0886212542341834,1.5037593984962407e-05,0.14011776450905541,0.05861679206867515,0.014499805442048026,0.021472641542411616,0.35361402705472256,0.0319123153087214,0.021413852278227896
9409,0.15412779312753794,0.13367150769921324,0.022004861152157402,0.041502028183859334,0.36246541085898615,0.247605339427202,0.05170462451638982,0.49674473649641876,0.07512573696513213,0.09596236735083968,0.015411830451544161,0.048934293288451815,0.09327129500350201,0.030551022401983798,0.02681837425367561,0.11949885965115278,8.754009514819354e-05,0.19968868627749686,0.05965962070345751,0.010170840897560224,0.020827662370083752,0.28088237262963645,0.03725209118499544,0.030488913993416803
9410,0.12378453851137722,0.0866919975155343,0.020394510191740066,0.03152657623859584,0.31647872819623984,0.14423000457556445,0.021885065356190482,0.4849001912566264,0.06235908852185571,0.06868565817423562,0.041667489939460574,0.025871455877574303,0.10083105695237482,0.025534687999448424,0.03381276704133301,0.06987706180052114,1.034126163391934e-05,0.23914275929730786,0.06357233948319763,0.006270828621664134,0.018255512501356482,0.21129271739230696,0.024349346021904986,0.09367581383493319
9411,0.09481717056774405,0.09385573282987832,0.019294616324573844,0.04200971716498019,0.36984639435678834,0.12851140717097662,0.021744571916574792,0.5958823998390261,0.06520388541866985,0.06432758454013249,0.011789352315922055,0.02699565195647911,0.09416120099179252,0.023713085475602545,0.025564249144485407,0.06780301427038841,0.0,0.28077689437025805,0.04784125755168582,0.005048607545992699,0.021448786220622285,0.2017362311124492,0.022433184641556133,0.018480841327290193
9412,0.11102137836562281,0.10473494133456908,0.022667597878004382,0.03955693333403448,0.3926715062220143,0.12580156278684007,0.031530471255895906,0.5296736303151827,0.07055235922980387,0.06722364708042868,0.011098893965156289,0.023565577175549045,0.08436326403974657,0.028895943667144812,0.025259626038953983,0.06686016773470697,0.0,0.19755814526366347,0.05298355925487183,0.014363414198549902,0.028892113195074582,0.20110449152738155,0.02381967110771193,0.06796576217891985
9419,0.12812871137598109,0.08772054851989954,0.024115749869840303,0.0396435682724842,0.38731975203579877,0.12814804560054235,0.1408381660254141,0.43902739340397884,0.06406561896015395,0.06453046500949279,0.00993890461811638,0.02758885572980712,0.09216406253179402,0.036938174413028387,0.024512596718192434,0.06074667470112271,0.0003861551141526243,0.1477728235852735,0.05861679206867515,0.0172855670249259,0.020841164823913193,0.20042543882039154,0.024045930509366292,0.018679284256983286
9421,0.11288729639344196,0.08415180668410242,0.018607895005149578,0.021195750224775864,0.3119835297469374,0.40159815859918874,0.007271845657940121,0.5387194610318431,0.08326443971839122,0.07378217253387724,0.08462734378606562,0.01886784638061766,0.17318477482698064,0.022280130195087445,0.06469681767828576,0.2193655141332288,0.0,0.22955539258921567,0.051765731724846435,0.021354627785566075,0.01752430309434126,0.4424663690294299,0.018243781579835243,0.018062184490130254
9428,0.1507189911390176,0.22088314755444546,0.0794992521470129,0.0846758459972155,0.3207957064249014,0.11689733738738299,0.024752235671642895,0.6265073675984997,0.13916784834181922,0.16499090737055247,0.02668395516869775,0.1024290240760529,0.07882010742897054,0.03280139773292672,0.14448918372891006,0.07023364895367872,0.0,0.5020267091463319,0.07442848511368905,0.017489976878797896,0.05121947760708382,0.16667229702987105,0.10419076817706743,0.02877819133201358
9432,0.1349303298528693,0.13177457022603672,0.022093083048048266,0.031300806335389356,0.47303230332546436,0.16595945327535502,0.040253360486990616,0.39256678921728266,0.07040489471351707,0.07146417238250405,0.011490877029347684,0.024283904508709434,0.11522926937494143,0.02502636270230191,0.029695995173619205,0.09184158142130644,0.0,0.21097814896170441,0.06459146580998222,0.002841369409642861,0.018358557815620583,0.19785130110210492,0.02349768791430883,0.1687131195812298
9435,0.12153242659561336,0.11857825196672252,0.050299676712602735,0.03914909802770121,0.3467190419095458,0.17032910799555182,0.02061964281478875,0.5870255450495959,0.061100012977708514,0.07910048795631988,0.012519704563272276,0.024122887037545566,0.09376044062859093,0.023317651783526943,0.025910368716721678,0.07014596159955148,0.0,0.29717636622514293,0.06142774102629882,0.0032198999234593372,0.020118339505623216,0.19781816579240658,0.036320476882047655,0.01795925877473288
9437,0.3035645007549392,0.24951208957196716,0.020407828704752422,0.028661536006582902,0.3896660797620076,0.14749288843393685,0.02487097821617112,0.40420361273421807,0.08754538043170491,0.06734687946629118,0.011376731687668316,0.06301826292908126,0.09804657500089647,0.024408995439600824,0.024964435689830613,0.06971189898175859,0.01,0.1561337594298725,0.12365436747706292,0.023958924169714225,0.018671332415768252,0.21233327586995374,0.04887167542206265,0.030293506959420628
9439,0.2679421815045494,0.11624447680177528,0.05165328659883024,0.04473667943309709,0.44432765854001965,0.30013047919343583,0.017439445556490473,0.48343667123714906,0.08341711741176655,0.06815398324249004,0.019179186010525404,0.027975189008314395,0.08832232946644943,0.025184508602274117,0.023522118259075686,0.08539999301873945,0.0,0.16647685840805618,0.06562491293848287,0.005806279949734205,0.0699275506937079,0.366411824884662,0.03280623814641293,0.02212520877097309
9440,0.2164271974839107,0.23737857608009738,0.04092004882741685,0.030410439586280095,0.3680352860275443,0.1276569190786408,0.016635764411551464,0.36005777860338123,0.09417382905297948,0.1521826066805315,0.024842630831941704,0.025446950621619127,0.14955138676420454,0.023854133819949365,0.03424696181434505,0.07085784508211584,0.0,0.22417819521698268,0.08388986464459268,0.026966843502240635,0.01813586919290362,0.21651259698780226,0.05053687716154992,0.02125469280270623
9442,0.10275834156069098,0.10042896629457494,0.02034005262402136,0.04921875579284105,0.3087173091708999,0.14598037778041967,0.027171916102032016,0.558265618584764,0.06273420050796878,0.06841464214425051,0.018572861789398643,0.021888254634908656,0.1044663946116222,0.3493403733707179,0.07036070883230425,0.0763661591814851,0.0,0.31602024615802277,0.04988856732041,0.01417127471465733,0.02191030502291357,0.21457203337028957,0.04025667706039972,0.020067887379767044
9444,0.14813942213733128,0.10776992624185282,0.025497406461427206,0.06006848223941122,0.39281589963347363,0.20415635196739898,0.01099331333643522,0.525353326022245,0.06368977697816924,0.07578816541388803,0.01240625247172409,0.03535159613200244,0.0865253596038201,0.030273784109013074,0.028828836635173976,0.07759741617831967,0.0,0.220062889542079,0.06954445419429343,0.003585124725674869,0.024167728813448676,0.24050706280957443,0.02231561767586344,0.019370835110412307
9446,0.13321807963120888,0.13790452457802674,0.022477936057981384,0.0342353058332773,0.3884657547160277,0.11185937910187822,0.07666582082540599,0.47103107149963586,0.0637373613823328,0.10388828410442034,0.010628944710621438,0.02507718122016413,0.08896328381951943,0.05841378408861531,0.026819216399908093,0.06255619891404773,1.5037593984962407e-05,0.4648253329573277,0.18030133597801903,0.029609194234028354,0.02070567632652771,0.1678162019817614,0.024891443874532047,0.01900117281956628
9454,0.16677491129856167,0.09532587455719853,0.022234257691820886,0.043867453099899346,0.40195804172335087,0.18664376297187943,0.02406833931163713,0.5102694077428339,0.09114981845913608,0.06354382983928283,0.011087036338009795,0.026383740882731974,0.08762056972810184,0.021082458009328998,0.024284623828482017,0.06148363987524782,1.034126163391934e-05,0.15647545540929778,0.05652833359341103,0.006967357874113554,0.020293860021913687,0.21333157477794595,0.024217453243494714,0.039067795391103916
9456,0.15599290591688608,0.09164232118688499,0.023383181193317868,0.037384891563850574,0.4269560230592965,0.13075231329007198,0.07008258483129523,0.47979923981158423,0.06438132701291156,0.06473530409790533,0.010758464838770297,0.02641128914289189,0.10140256905802819,0.03277488344666959,0.02459245845946668,0.06010278648330509,0.003333333333333333,0.17498309622205346,0.081172284011083,0.011561633549067512,0.02066750339288763,0.20658313893183639,0.023996364714362284,0.0199849349196921
9457,0.18080603899316633,0.19792314031461103,0.020093014983883935,0.03418605973148393,0.41069630330260937,0.2617486793615158,0.010759157457625861,0.5065259730732976,0.09411004682119678,0.06769099300413617,0.01752389671740387,0.023173149848788113,0.10531666938989707,0.021198746314063644,0.024138398315496738,0.09137239525942994,0.0,0.34563513974398746,0.06539376849251127,0.004278534347742452,0.12445493556506483,0.2902687796401544,0.022710718192309787,0.024056741379785154
9461,0.12728987407355752,0.17745994664692474,0.10529994643484734,0.04987216167727265,0.43706385772157724,0.22077065152095346,0.015372447484730066,0.6694831682222872,0.18731910691403655,0.19978734925050962,0.015851505923171628,0.020718426234081308,0.1561726515187777,0.045903261402416844,0.044301009827025506,0.12072226591649861,0.0,0.3655307346211904,0.11413247019941475,0.0007705709783795691,0.021649827640700618,0.31645425139226485,0.05835750549861679,0.023374722435966732
9465,0.1613081770347899,0.10810492320990449,0.01795059983896242,0.03432272937282858,0.3875055860647673,0.21135565210400944,0.02561976355499336,0.5011748131243307,0.05674687153801479,0.07642606821402911,0.021448959264228466,0.04558593972793978,0.1268744388692399,0.057151698185502864,0.03341481950873368,0.08693087239026463,0.0,0.185904421442096,0.06208491933784241,0.0020735947092364944,0.021093475699333116,0.29853728870060237,0.02479637282340337,0.052936373132076726
9467,0.1758997302104639,0.11363907908002567,0.023607576600763548,0.04428553418319403,0.36412420273796187,0.16070624222300142,0.032809226733398374,0.5452812108454149,0.10438008282784343,0.06583419865326307,0.011134190803362308,0.025062928882381246,0.09040925433686602,0.027678063301453316,0.050587499956341396,0.064089947655718,0.0001148571105489677,0.20651188801585316,0.06490707801792835,0.01855407634060528,0.019558138295399114,0.266384843304695,0.02181528176688146,0.03775397421488627
9472,0.11026745407564217,0.1273702432720106,0.039091435902831505,0.06002523640527125,0.3110994564727432,0.1245657767936682,0.04984988842714742,0.617514909269237,0.09826851939296857,0.07647108206075853,0.01088622303460864,0.03452675529974755,0.14413600879141425,0.03633710784252765,0.024974511957138817,0.08765551249787709,0.0,0.2678334887868521,0.060609268018062455,0.01233926487379863,0.020750185258830784,0.2031696609995876,0.03568042886534037,0.016284098945554364
9474,0.17410186863071167,0.12045518870802802,0.024870197378540574,0.04310195771840968,0.3181992712994942,0.2109438987202639,0.05228978301677595,0.4751436336261405,0.07497891068143575,0.07645536102119403,0.01977449205153778,0.04935973504293106,0.09199513777934182,0.0323310166323371,0.02822666993060458,0.08061903332591563,0.0,0.15280937357117289,0.06345992637285923,0.005555832173893414,0.20224503604465272,0.25648836163758526,0.0979464674733697,0.15022605657449045
9476,0.2731602265679538,0.2776867491566221,0.031561770453203096,0.03977370581357488,0.28227241224179256,0.11789933562498225,0.027654324948176403,0.4423967582296455,0.08306327072293432,0.12127480310691671,0.01096243737448529,0.04564632944463245,0.11740556332224086,0.0258167836310182,0.02302280977806575,0.07079279908818044,0.0,0.16004239158021913,0.34922298943022206,0.01303119250528009,0.02092787295002582,0.22299707420072717,0.14428716881788253,0.030960700540615532
9477,0.13894813361317168,0.11778665926558597,0.01999376086422734,0.03992084490808605,0.3805068493520787,0.12345746437231918,0.03131045648646179,0.503117815213322,0.06084135538625431,0.06516892894641123,0.01136604022106426,0.024999007208306157,0.08609881897579473,0.022781493256694398,0.02657459036772253,0.06973609048744095,0.0,0.1610827310375808,0.06788408184694951,0.0036208262362898264,0.020339783046730994,0.21010978046239107,0.02617414145965302,0.01690725368421572
9479,0.10423746668020727,0.09451228489262149,0.0196567403150776,0.023224105193055667,0.437408248922766,0.1721550569725877,0.005047743845143358,0.5666502409422873,0.06821146459803398,0.07325709424864986,0.012687582498859144,0.019869901629074795,0.1297046367498677,0.020552773268781376,0.023663459218391688,0.08090193144211037,0.0,0.28169130612737603,0.06625332050094439,0.0024187956628411132,0.01631103150624307,0.2444890533909734,0.018902703836490377,0.018118512279586538
9484,0.13952991761127767,0.11121521348983995,0.022499640984594872,0.04243190700415801,0.375956591117261,0.133586214247051,0.0636898921226823,0.4640728677169549,0.06487592220553864,0.06561308361641535,0.01014344541522531,0.02633283951565896,0.1036722772517207,0.030762481912924137,0.024512596718192434,0.07652299554605223,9.167416733215698e-05,0.18047760638236596,0.056256538649806155,0.011960184905454568,0.0196259975051514,0.22313947328773223,0.024097723399932814,0.019394380418219625
9492,0.1932678387494361,0.1913060472910152,0.03365657063834437,0.03744998842497442,0.295211329229847,0.1337680192576252,0.04803179079685949,0.34879087714218593,0.07808206140251767,0.14775300330369634,0.012045958184389593,0.03709400659922168,0.1767639566738281,0.07640375874995252,0.027388782874505416,0.06992831702073143,1.034126163391934e-05,0.15816368927623067,0.1383565983730295,0.016933098944203057,0.020826199552829227,0.2247100213430016,0.02861486942026911,0.025837078698230195
9494,0.1466244660182215,0.10727765762155148,0.02609188876051422,0.03751872883996476,0.321577813329946,0.20878584852843982,0.014090640965532522,0.5917091980229938,0.06482249025331305,0.07687055162320465,0.03530185705645162,0.02144168063550334,0.09414727084614269,0.02020410018996961,0.025435165773920698,0.17536984559151314,0.0,0.2795681795973792,0.04713839482182067,0.004926888832439399,0.015797999807878074,0.233598242681276,0.024262713852293637,0.018166806972051745
9495,0.21902832364906313,0.20891994724480203,0.044745284322307635,0.06925149565124972,0.3015352482175661,0.2736025431616192,0.017584988124485387,0.34391606409039305,0.09487574013380884,0.1606258645601352,0.03355925380970339,0.03416828775092526,0.27744722032341484,0.022249487472312444,0.026734571893194666,0.12028902904785928,0.0,0.13798005143240766,0.07637270883621264,0.003819857695340878,0.018404308825878152,0.41154299128126554,0.022885366256722914,0.021069643283930854
9501,0.1405150912445804,0.09468785439504873,0.02460128920787076,0.03807952992277701,0.3124441401220245,0.3478891578582431,0.08710551256443923,0.4631008790428266,0.05791315319849869,0.06370135349428643,0.04627079119358357,0.02748994588500826,0.12156009260870844,0.024770636658552624,0.023975919229105656,0.15545144825649812,2.9509374013905968e-05,0.15492254661623497,0.07980764001229129,0.01161677917949613,0.020186085012188132,0.3644144632019853,0.023619466275561486,0.02087171237291408
9503,0.1353881496176353,0.09851862039591117,0.02529539120244412,0.03184578072976259,0.3418640503694092,0.1620761166739738,0.03537309107568827,0.46518720999194807,0.06344642179035141,0.06816829531910647,0.014618709000516407,0.027054488094365486,0.09519393614988751,0.02515769027907671,0.023943639634765125,0.06986089289650191,4.800604506141463e-05,0.15949209012586965,0.06443588493270196,0.009188467615839871,0.019590289977910423,0.2312944391912742,0.025143768841733288,0.020904602114270948
9504,0.1012731704928123,0.07872028839786849,0.02101966490021734,0.03885291994346241,0.31589830685897075,0.2657170728756515,0.04619895695640807,0.5632118023614487,0.06221938138733091,0.07521968705369163,0.015648732283720886,0.02403058191811731,0.09382788377989236,0.030787241784633688,0.02555045507059093,0.148216547170817,1.447178002894356e-05,0.24222876930255294,0.04833919051423366,0.03240173247108693,0.018078289537565743,0.3215679966146366,0.020506996896392682,0.01584313519766495
9506,0.1295531123825797,0.09408306637823119,0.021072257247629907,0.08353058645676605,0.41309095883837854,0.2275826071981478,0.04534997824968122,0.5244331019020058,0.059617323663412776,0.06618328404349492,0.023061223007873846,0.026145497980536354,0.17468511044625656,0.02613332675609497,0.02544969733118449,0.10614957157983096,0.0,0.22526619192016295,0.06624470234765444,0.01649931659618187,0.01839672004314098,0.28039914276781713,0.026043942742406,0.018913145410724228
9510,0.11857573766444637,0.07862343709621578,0.02533306461765368,0.04701106946282139,0.37934894332011176,0.18635636960401863,0.07085774874083936,0.5539237791309778,0.06328866694621632,0.06453046500949279,0.010805323744169575,0.028457128142549196,0.09005425827577157,0.04382501224825914,0.026243469137480536,0.1049040707665518,0.000443873902317211,0.19922342789811653,0.0519905309132172,0.01152335763649604,0.03258551656730448,0.2336850787049054,0.02955655790061695,0.0189974764791058
9513,0.11925821388252088,0.1099066767971744,0.023516221298117063,0.03617592699494751,0.41215820823148336,0.2189625393355943,0.026589962308492626,0.551313169463819,0.06857433689570643,0.07153645206007914,0.03220934645466198,0.0226482912590646,0.10325796249975752,0.02814244824774438,0.024776379347254643,0.07931229079078614,0.0,0.17550897148823794,0.05824749365436003,0.009393798871844675,0.018487931835271424,0.2852697333798634,0.04389078854184077,0.01840633023153614
9516,0.1289926432920548,0.20689375614168218,0.02167216569715696,0.02719123961547319,0.3632884528159911,0.18827722754070908,0.02597159487325197,0.5449862265771132,0.07708829211038176,0.07068965731178331,0.010256438159560536,0.02394416221469907,0.09221259297273225,0.024891801159567774,0.052545620906442186,0.08411563529105921,0.0,0.30407823359828695,0.06415447933438284,0.005474602476037994,0.01958482717965126,0.19648912092863902,0.022330671075385413,0.01931554847072161
9521,0.16719511039630025,0.14308612542958118,0.03775025416104948,0.0506980875603106,0.4047165724600997,0.22427243100436484,0.018440881758647405,0.46768796049218464,0.09283752922553969,0.16772774571435825,0.04531855360233661,0.07053213974261766,0.14698048679687623,0.01831397327107399,0.032852554336209386,0.11149186411433189,0.0,0.2292284700014275,0.1948788220255312,0.014222684921759694,0.02324139624191907,0.27884628085505786,0.022092507506515903,0.08752145612966228
9524,0.1038686813695166,0.1090871168847749,0.02483695037836748,0.03322468894097204,0.4004155097030055,0.1340198566807833,0.05616305457580127,0.49219852245768786,0.07274393233191769,0.08356646918067837,0.010515157748665944,0.02634827856225143,0.11908074452255088,0.028901679846889364,0.026874840397458803,0.09278610591818136,0.0,0.247726419731477,0.06723597386777963,0.0052362887239710025,0.02874125858774028,0.24255149488671265,0.023144617573666867,0.017346968412742456
9530,0.14490630395917922,0.10158051194567853,0.023764394162907855,0.02904249101220928,0.3015049367564504,0.13362869436812674,0.016257249716599368,0.5220599998715916,0.06399307990726584,0.06354063002634608,0.011546438192732676,0.027317201942440802,0.0888249998162855,0.02334310424789181,0.024117163502534317,0.0705323553762656,1.034126163391934e-05,0.1693806677441036,0.05935780591294176,0.005767105106699842,0.021690318253597192,0.2433856132159718,0.03579290393634293,0.01954548442194197
9533,0.11861040432016484,0.08662619111173747,0.023883442484872223,0.04369213709546385,0.4168639484307235,0.13357084772139158,0.09577794017791157,0.5901723489485541,0.06470647572052877,0.06376276639529671,0.011660631869336042,0.0262097802906026,0.09036394264797387,0.04974305390255849,0.026890714564719045,0.06074667470112271,9.988045736339976e-05,0.22938095793872063,0.057114530167008064,0.013166667333733062,0.023373945247712285,0.19705111314091261,0.024142357220490174,0.01906592244270895
9539,0.09560297734810141,0.11648623301436009,0.022616175112113997,0.051384775577770145,0.4156414269142234,0.12385091843877268,0.04907252913379482,0.6389855865597024,0.06412741966712998,0.07896781825226479,0.013367607368289918,0.024407644151744696,0.12248362597437934,0.07292026021078807,0.06169275317675552,0.09233285610415695,0.0,0.36106310664679137,0.055447851730802585,0.015167408846709491,0.027989559773367815,0.22671946114390476,0.020454499782855965,0.030309703236747185
9540,0.0913771616462386,0.08927918170704296,0.034756969223545105,0.06754487281835886,0.45242495021162155,0.16823392068510995,0.025047414179438635,0.6173532508337598,0.09262293687167021,0.09863766661408122,0.05114383906764494,0.04240172681991429,0.12160818640886902,0.03281166422727392,0.11463239128133708,0.09310501774333865,0.0,0.5313178664138091,0.04801184822722807,0.0031061449363218104,0.023601196074103603,0.1927418473895678,0.03944272169243085,0.045583765876119654
9547,0.13746635400698812,0.09778223629630947,0.02909398160931901,0.05284427686823365,0.3842667928943104,0.1230911783905025,0.12380123002812113,0.43774435934910927,0.067081751052888,0.06589813648784289,0.010166439497140689,0.028040596600456852,0.09282598178549434,0.02977875257183839,0.024825279772532,0.06156221856847313,0.0,0.14949972012576904,0.06753909161368714,0.014327609020175644,0.02065055293090645,0.18837573370333252,0.028463324140060496,0.01987189478991279
9550,0.25054408545691875,0.3049406092083329,0.02397698770421302,0.0315643060304225,0.33918299064650914,0.1516380471438674,0.01476202252237629,0.4350122927714871,0.07793465144326332,0.11946160195283025,0.013504972790235971,0.023189406458556473,0.1337130866758926,0.02483072485911725,0.02476898427160795,0.08855481449945969,0.0,0.2904782934531235,0.38516723750133425,0.001978761275334858,0.047148469306336656,0.24862466242600287,0.0361611553081113,0.01815881584576494
9551,0.29404095998010443,0.14846381250687005,0.023664146493786026,0.01846370265394536,0.4250949702542806,0.2602283600529422,0.009466826833590042,0.3847111381962495,0.06410631751332338,0.081033612493656,0.021436910074531156,0.034131977636618155,0.14002133236116565,0.03121216919522575,0.0236522271094546,0.08743251125448845,0.0,0.17190650455172127,0.07272497779565719,0.013149901303286051,0.03279651887150303,0.27957238212027236,0.05115446237114668,0.05561922327139312
9554,0.11449213247556113,0.09039612676024276,0.021517744337104423,0.032988570770639394,0.40951925046977744,0.1214485316423344,0.01828858236027141,0.520450887330165,0.06658212040163242,0.0655681494180855,0.011218206690158779,0.02447483903190716,0.08636758379609706,0.023469235110138733,0.029286167800158625,0.06527295020786354,0.0,0.3538721285741733,0.06054060573957675,0.010330219528974267,0.020420797131464906,0.17281754095157967,0.023331513016709503,0.01752296304668192
9555,0.109764238968787,0.10215477285838621,0.018334666066024324,0.025740636521114947,0.4226917661643401,0.21146969596284676,0.010873341973699846,0.5692279103989485,0.06253493271617706,0.06737605569152767,0.016421978955902736,0.02100668989119735,0.1871737827545564,0.02133521903598696,0.025781398448482783,0.12208484715751072,0.0,0.287444007258757,0.1111761923828722,0.0021139340317645997,0.021269140486197366,0.24474587287850852,0.021721950415803954,0.018354523323027342
9556,0.13905045502195587,0.12965068357224852,0.035569054055789265,0.032193725726774786,0.4572349043282719,0.14012311427132135,0.04868314361275134,0.3901473972457646,0.0809164032029644,0.14300269123114828,0.010170728104861667,0.025523120364582107,0.17335770069137513,0.027600997468591636,0.02619922622193514,0.06714556418644584,6.988788313581287e-05,0.18146681756612731,0.06433022315278758,0.008812216333695342,0.04228740765980433,0.20692854753924766,0.02260048178856225,0.01834968378577968
9561,0.16246390151255277,0.10651866618458528,0.02380243455891755,0.028094722785669834,0.46358544170941957,0.23615072489618696,0.02708272391692244,0.4546933620629185,0.06439959275260188,0.06777093347492176,0.011178635826617352,0.025512919033622166,0.09936358688867633,0.027132168050853448,0.03496266038829596,0.07318759439933745,5.218226581801976e-05,0.17872401843004937,0.05792967892345694,0.018436836153038146,0.019916948548668913,0.2661132474915707,0.02536897942843848,0.051132180791640315
9565,0.23932976131157915,0.3116433018010628,0.03458823689733355,0.04418487064949285,0.29939048802101587,0.12183034121190187,0.03245211757883964,0.4515049139133398,0.1224619661614927,0.16790655063356655,0.021448725736884246,0.048897677655166456,0.13349346668669287,0.0391931262342223,0.025066663924122747,0.06997060575252959,0.0,0.2142008524082154,0.225048626435198,0.0046653563033473774,0.01782886726583727,0.2443160882251432,0.029752674820917178,0.02264341416725872
9570,0.23683572578549203,0.15122657314829704,0.03413196675422467,0.017517602789969756,0.46726924929046,0.16357855327958146,0.014895597327216044,0.4774695624817692,0.06504374252525295,0.08721466019426445,0.012408277240279002,0.01710876490782416,0.10003803855827136,0.025576827607353442,0.044035484961615294,0.10463974268706407,0.0,0.25188370546187466,0.1150670086738778,0.01191695562101281,0.027583021863669174,0.27045398972241014,0.0965526005149861,0.028590125928375218
9575,0.13251276066333081,0.17797248260012696,0.028476685210970687,0.055776721163801266,0.3941832082102289,0.11847659483502097,0.04756407950880445,0.5571661088789599,0.07271262623361231,0.11149325829689637,0.010723406081543157,0.03305080369827156,0.0868533468445346,0.029181706368291652,0.027841816345308832,0.06135602150810431,0.0005639805729011795,0.266446954030487,0.056588795416552255,0.009194567668031452,0.020408606090091427,0.18922819499740423,0.035002975200792215,0.01921249375459246
9576,0.10870425063590304,0.23933940529272874,0.05313067070836058,0.09302963282449606,0.39396790015029315,0.2833784117555286,0.015356207952632627,0.5406792751321208,0.10972250590650953,0.2214507802468702,0.011390437657989434,0.053736217285642145,0.10621049981150424,0.028642225447340675,0.03987339016850646,0.07929420060867774,0.0,0.27578202740395835,0.04936675105831718,0.00489852033639169,0.01658716317821314,0.24296390121966763,0.028270809270837756,0.023139020539728498
9580,0.15214478544526336,0.15468851570561382,0.021892979850260702,0.021826038631339698,0.3462644906391153,0.12728449351176818,0.016385092953521554,0.48989822959113577,0.06075097679251655,0.07511386282292541,0.012090610442027415,0.04413777795778751,0.08096961434506246,0.02290127351940449,0.024355145738050164,0.07641708343729141,0.0,0.1782059935913521,0.06460503228449486,0.0037526413034350854,0.020306885987322505,0.21195583842753973,0.11364295192274834,0.019462794977756284
9588,0.13152533677053652,0.1274141392722462,0.021842256958729454,0.037499577454364566,0.34188327073950675,0.1273417976262431,0.032009538904201544,0.4747964196637656,0.06454247667277815,0.08337139091436857,0.010761771604617948,0.025494664264065974,0.0992097110428608,0.029379780231782192,0.023978516554185064,0.06285581575897123,0.00018420135463840354,0.2136562161180144,0.05206046460775278,0.010310058635924116,0.01754507324569361,0.20479342053631527,0.02290109946517917,0.017920024843272646
9595,0.1494131736539897,0.21902389379855644,0.05053063380515727,0.03208844246674722,0.4043476426010577,0.1208824201429971,0.04901348298623903,0.5339573775973345,0.16637337476280986,0.24286805096411787,0.009940604139304898,0.02262355469275804,0.12492968285209981,0.024693335462943545,0.02960477703276898,0.06634768000795196,2.4813041662862895e-05,0.26197237694352754,0.10824159502367543,0.00686707178949437,0.01578555460543807,0.21989700323335382,0.025152482330817204,0.017029712321734877
9596,0.12691284788357668,0.08875322736412757,0.02277430514207465,0.03933940847945899,0.4902510443214275,0.1391993780656965,0.013263444734358745,0.600612322955922,0.07739141897045748,0.06293066494940464,0.01179734823019534,0.022850336725716455,0.13159162640413083,0.027145894729540022,0.02545134610807239,0.09016171919084781,1.034126163391934e-05,0.23830241816268585,0.07516245478040107,0.007359373225810955,0.020685905965997932,0.205258807834011,0.0332429764332469,0.020154650567097355
9600,0.12559362829090998,0.09243549377089157,0.024469861745798425,0.09293420293309743,0.33690932146282526,0.12965064657617273,0.48893814074694675,0.3362661030654481,0.06297616579345866,0.0665829657820943,0.010166439497140689,0.03741663599249143,0.08860384426978143,0.06224346039078574,0.024155153592833004,0.06150294892291834,0.0053613942290038664,0.135566421929505,0.05861679206867515,0.016134563400659555,0.02243294732889475,0.18466879278123066,0.03143216761703939,0.018747359140476535
9603,0.17239658013708584,0.1425217823299243,0.024621079232502313,0.03465069800751969,0.36157388281561326,0.12698667758665608,0.066372657277386,0.46013362514991113,0.0786700895235227,0.08575002288166932,0.010345244114882506,0.036997357188302424,0.12084118342774207,0.02828628305843355,0.0374258709803832,0.06704127857027858,0.0,0.15189291613945197,0.07081766736575378,0.006829259911741562,0.02114507145321125,0.21392370747360648,0.06040480215390061,0.017392443051041272
9607,0.138497181551877,0.11877120905833218,0.02440912462550544,0.03213437097748351,0.45050326400121316,0.1594406150056938,0.03270051194637832,0.45417736778811774,0.07375383945199848,0.06741616370217955,0.011556912697300763,0.026673882528408424,0.15716844200743518,0.02394038021386123,0.027578005644597166,0.07141865521418721,1.5037593984962407e-05,0.2152668821526779,0.06355592037706687,0.004296352248534329,0.020187359575895795,0.24722521969475,0.027281350478335402,0.028482107432736315
9610,0.15008714692885508,0.1232211675694055,0.04249048093439622,0.032906342903110807,0.37611843010604784,0.1151590527538373,0.057485695953228735,0.49071650976279074,0.08071616866597245,0.06761719352676407,0.010374997913030603,0.024827269316515233,0.09258639027382033,0.02404476793933532,0.027208422371461677,0.06335448455776502,4.1841004184100415e-05,0.3067035087374245,0.09417489806308349,0.0030902492784774284,0.018250713604932838,0.19925131774814817,0.02257817956592321,0.018587564482756214
9619,0.11618339855037259,0.11914492256902232,0.031762315390611744,0.03760885191677602,0.3298385920546811,0.19188180955222328,0.01847094726572334,0.539976131658301,0.06588573134208034,0.06481836418500823,0.021770219087651487,0.037647525950271946,0.09791078542206495,0.03795120233389403,0.031006048242791216,0.09391813334930302,0.0,0.2907577934311982,0.06182647525317027,0.0034570277646376406,0.01724751857567231,0.2561825704039947,0.04803204423557911,0.017085102933480468
9633,0.1364679473815145,0.10004813207624384,0.024017589028834982,0.03192273444798836,0.3638952648243237,0.15852518281278982,0.019417508757823797,0.5625776402896507,0.0666356636681762,0.06281558016885615,0.017899708512296966,0.025101309435809006,0.12764911335268678,0.023803130223002743,0.025712240183327743,0.06939339350101319,0.0,0.2346306256029779,0.06123243883573581,0.003967611513556664,0.019032618413727883,0.22159834037173862,0.05122336374702194,0.03080363074199702
9637,0.12058174545386184,0.08600695161380768,0.017653485465396402,0.04112898013881022,0.31759632041255986,0.28162856492693816,0.005028708182100793,0.5460181972406937,0.060992030967131496,0.08969426083986969,0.05573418999043025,0.023390337040341543,0.22621292896973227,0.019773694412399748,0.04581988731517863,0.21247677324827716,0.0,0.26725484164784374,0.0885563342286177,0.002825340088479899,0.02701015001752145,0.37183996243934814,0.029956317458807016,0.016521353074099784
9638,0.14819372407498543,0.14623818824563362,0.026312639584307646,0.03742986598265129,0.2820401849290295,0.26597628614252355,0.027032332668259548,0.362321684807277,0.09951444996996095,0.12695548584777305,0.01721463407087538,0.024400254292523852,0.28719380952871376,0.0260970313099087,0.02401868412743607,0.09678399278115217,3.635361810334181e-05,0.38246313629845874,0.06915466265370741,0.007849639046140557,0.030807476468947124,0.4128380166764576,0.02244129210868778,0.020018339912360985
9639,0.13529651063334527,0.10094385681560146,0.023927028849326425,0.03654079714193834,0.42047344563635297,0.15611692112367873,0.02516818194755147,0.5037519452164729,0.14827633322461123,0.06323144112214331,0.01287070475263061,0.024960655087969276,0.08252022795452901,0.027123593305195526,0.024152272503227153,0.06183623270973793,4.636476580079393e-05,0.1707229715943261,0.05455826050937719,0.011799990992968112,0.04966319439805069,0.199961296704746,0.024142753377363248,0.019862788265922336
9643,0.19036172596263298,0.09111584960016542,0.02224606604202059,0.03680000589054007,0.344088016844381,0.31400919411455663,0.02382603869266855,0.5335309380195655,0.057699025466404395,0.06500632280887576,0.03159708599379474,0.02291127743717964,0.07972461095336246,0.0359799455186345,0.02388643958131669,0.08997047612181626,1.447178002894356e-05,0.1410696254248084,0.07290271706714653,0.008235879417707422,0.02859680978919704,0.333596080649469,0.021944031204253468,0.04440631995947447
9645,0.14704051653962663,0.0946358062054718,0.0257249633721417,0.037922310620113364,0.49763809586873264,0.1308013214646443,0.007761262792535143,0.4378963650286147,0.06749341873741285,0.07871511513214706,0.01184308032808582,0.023522656611956783,0.07960979505144823,0.02411454437602896,0.023622350873220527,0.07021920545294712,0.0,0.15999178754294352,0.06256831061738159,0.003798677774411477,0.07099638586181016,0.254314726957087,0.02418860543657255,0.023709571467171727
9647,0.2527821862661368,0.14108629388652646,0.03335230761040809,0.05252581764556667,0.34230237731024665,0.2396294452338938,0.0848603693974332,0.47746954193716745,0.06554441359749355,0.0643182475792916,0.010769691732450752,0.04003943056351223,0.11533618039909521,0.054471025468631265,0.024877938779781953,0.14670992896225715,0.0,0.14476277260280768,0.07662374837811764,0.011781404580374896,0.01984351054496619,0.28251481874802953,0.05436201891296575,0.018638897124521298
9650,0.12740581980971602,0.08902569985108531,0.026206946187789217,0.040567361707285705,0.37622725175355565,0.12759557521446996,0.11264228443430625,0.4433840162767033,0.06303759008500316,0.06453046500949279,0.010192636436403437,0.02692039370760224,0.10059360240997056,0.03367686545341045,0.024512596718192434,0.06103207115286157,0.00022639234243129261,0.14157663054027714,0.0784023617442867,0.01442565007319751,0.020535088038091617,0.2051234651018486,0.02374763073235874,0.018732357727977735
9651,0.17973094935657646,0.17006318835273912,0.02054521090247662,0.08291641651081726,0.4173747833159966,0.14596950481799487,0.030112917446835932,0.5185143597689913,0.06341938817034774,0.0840880587866541,0.0360867374629933,0.05185592545852084,0.11228095363675082,0.050142147708517146,0.035324050804518545,0.07884286133562504,0.0015384615384615385,0.2038432718048283,0.09774057064886814,0.003144346109560073,0.019796824119628367,0.24472028323340964,0.022155296292591668,0.12994866372369018
9653,0.1408488948043551,0.1208875032946995,0.024382408377733786,0.07079765745383611,0.29723278737415015,0.12562087372740682,0.0350159113824653,0.5408767288744335,0.06447707680339175,0.06507199575773785,0.012423992589628256,0.051332749143758745,0.08477564220983995,0.027510910747475213,0.022866982474151993,0.06604927876754683,0.0,0.17759438025591667,0.06125742493686395,0.008613535736453674,0.02898931055769629,0.19566173516803112,0.10249833664924057,0.02825831737895705
9655,0.12371275851169053,0.08772054851989954,0.023440253222556443,0.04395547438572797,0.3639518583936009,0.12814804560054235,0.35373914212288027,0.3900809951474188,0.06580834480334849,0.06453046500949279,0.01014344541522531,0.028829094876402082,0.09093036582130472,0.05110938225995507,0.024910051975707042,0.06093452017730744,0.0012458937304531165,0.144864722468876,0.058354676592460436,0.0123768120679751,0.021434353059784587,0.19660564855190713,0.02411583638105041,0.01880978628292469
9660,0.2146818977019388,0.14041139306145145,0.02247535904360615,0.035730612199837516,0.33873266793005413,0.12312346731625957,0.02234578989316132,0.4948996843494121,0.07463183991113798,0.07893615660560296,0.021501879461113083,0.0216523172183632,0.2790167052974208,0.02201216888570348,0.02449098242756935,0.0885201898035512,0.0,0.2806616302890758,0.14373390947859752,0.004355541763524093,0.02211722690950343,0.24805217089974152,0.024649399132906938,0.018969725672906664
9662,0.1867933258931081,0.16029557153236174,0.04043996412609399,0.0389658906357768,0.29945037429760946,0.29236206049685215,0.01831132794079323,0.37128376749771386,0.1470798155996762,0.24562481717798396,0.03881658626968353,0.0323948433223024,0.28352520860697394,0.03160165557056036,0.02423901295473228,0.23363790248752575,0.0,0.13598331417117782,0.10560972790730654,0.00386903761395563,0.03150810619125119,0.48510155895966955,0.033683265415749924,0.020758107818720804
9663,0.14392968152363572,0.10311435330821864,0.02510274838308299,0.038528564511081706,0.38294548941949863,0.13087231749598968,0.1129516427737155,0.42712788198138407,0.06738690270752745,0.06453046500949279,0.009977028505239948,0.027635744876832482,0.10506048256330387,0.042618972300969615,0.024228265199741132,0.11506035189847248,0.00013315950958085285,0.14879929782152432,0.05960026256863463,0.016897374853360358,0.04109510235750666,0.22557911590324448,0.024033721529802782,0.018679284256983286
9665,0.166964367932107,0.11644867887531359,0.022071534905434766,0.022896937057866898,0.3708926010413618,0.22478589209756808,0.010271989369851653,0.4608324107889414,0.07948588794949416,0.08969446930409962,0.05044982090763046,0.022035034877229333,0.1774399933035305,0.03155425565343567,0.03445094420949368,0.1649489872401879,0.0,0.18694555414863787,0.24518013767738853,0.002837406099742223,0.02870357584587405,0.32653473691028323,0.032342926589278564,0.02028544075452192
9670,0.14114467543724746,0.16619311504387252,0.024021477980806973,0.03922264691538018,0.3586621645589789,0.13438966905619398,0.03590978397920548,0.49049398631035546,0.06393570000041436,0.06151103322833754,0.02423325580884931,0.032086292559034925,0.09862728789170667,0.026484870162683746,0.024303431030765873,0.06463285730481333,1.034126163391934e-05,0.16127506391384241,0.06294118558397471,0.006885243700384283,0.023733357870574002,0.19181305873215299,0.039884991682053686,0.12021306300966454
9674,0.14306229186485842,0.09657096575671086,0.023293305730156186,0.03721170460683503,0.3605684827854622,0.3244539877137602,0.016171800395122095,0.522981227435662,0.05826516003666898,0.0748542627107829,0.028610547070872187,0.025437691583029432,0.1645441754151246,0.025141314902628453,0.025071857757492048,0.12758762324208614,1.034126163391934e-05,0.23504640533038143,0.05779293439325865,0.004993478966139778,0.02098759743931655,0.49822393964499573,0.02445121862583612,0.021581838472658616
9676,0.12057559699318635,0.08633876906818796,0.02410517299563446,0.05392171995459716,0.36169914109306006,0.12814804560054235,0.44261573470873855,0.38000902329062775,0.06406561896015395,0.06453046500949279,0.01014344541522531,0.030357547341841994,0.08425528016307625,0.059727721043531086,0.024512596718192434,0.06074667470112271,0.002361805311811976,0.1441735649635674,0.05861679206867515,0.016596204466577547,0.03365775345530289,0.1927360746921522,0.023740726856336557,0.018679284256983286
9685,0.19195399253857015,0.16655523888989643,0.0316910796508921,0.03234401271111982,0.38120779094773305,0.16410326873333392,0.046652510474577635,0.4547903978611878,0.06817847052005063,0.12169758770904875,0.01033263306032254,0.0955624673935172,0.1277186074752755,0.025584637958271584,0.024155153592833004,0.08279338691484353,0.0,0.15627292587161065,0.0853694368201208,0.012595079861105007,0.020372101441378875,0.27288604915544146,0.06200395732287231,0.02158510667650755
9686,0.1230299386236628,0.09432569306662553,0.023920338194196433,0.03583346256445163,0.4547921461084321,0.12765856648320073,0.03338666743645305,0.5125288206712797,0.06593642682861704,0.06445333569499645,0.010533265864842396,0.025581460500248263,0.09253437747230206,0.029728667456699283,0.02626889518471339,0.06108969738368422,5.921650756542633e-05,0.20802314910032085,0.05589965200254639,0.009934211231470445,0.027791476869056256,0.20050045794948004,0.02392928400601414,0.018866974453164397
9687,0.13258301260657956,0.21786512330800695,0.022351219890794537,0.027489500925493265,0.4219363631765626,0.13627105040614565,0.017057836468216833,0.4587149194734461,0.10929917810124767,0.06781111627009122,0.021186633420594462,0.025124631631076543,0.09739919202960516,0.023760989831739257,0.024512596718192434,0.0758094887967511,3.766478342749529e-05,0.14263062368189072,0.07396329344886567,0.00861445318571053,0.02061123587961216,0.21255600989409043,0.02413235875264301,0.01857949987565348
9689,0.19492631178704936,0.16368725702151796,0.0222645774913789,0.030095502400524804,0.4531040879291713,0.33126002106239716,0.020431362587771028,0.45741907166880913,0.06567269015753117,0.06808280809074843,0.014297016857654134,0.02460372339375591,0.0902669208084868,0.02722575348270513,0.024512596718192434,0.07146326673077388,1.034126163391934e-05,0.15604521368513008,0.0638360247125081,0.013453110581434906,0.025575159215268414,0.2861553408797647,0.024082633841485818,0.018652356829562185
9691,0.09395604451056862,0.09805674053486321,0.019846932011332422,0.04591652094372396,0.3815468108878672,0.1305550067137017,0.007094786707806354,0.6206632499820346,0.06332193036113783,0.06525741205297543,0.014633837981151641,0.04721331018561605,0.14312420689604266,0.0311651306033781,0.05745249992743881,0.07876124711256521,0.0,0.5230124047965046,0.04957344628094601,0.012402638732562454,0.019991315761512026,0.24052479365056734,0.02152643433911567,0.018137343872502168
9692,0.18789113339170493,0.13312520772031783,0.02312537456001389,0.03991584250934437,0.3676249717372098,0.13073599632913827,0.07848695722199857,0.4898824719009394,0.06331999751007907,0.06376276639529671,0.010096552005488894,0.02710917963817645,0.09178284139726448,0.034236642542518896,0.024512596718192434,0.06074667470112271,5.1061098151837004e-05,0.17681905582639376,0.05873941607819507,0.014583308286674,0.020238477678299976,0.20175756718146665,0.028127829473144534,0.019228473350285772
9693,0.09853132128957327,0.08991625162247768,0.03132567000686647,0.03957910199811621,0.33418124679984856,0.2866871413277998,0.027108955414698047,0.5274511788031018,0.06281675489965495,0.07533387700850537,0.015546719229164398,0.024575799037248925,0.12488027188056337,0.027721791163942803,0.025240131798841114,0.13048998200858136,2.1551724137931033e-05,0.20646220292930476,0.06301499503829051,0.00890778939349364,0.01781225811241367,0.3957457809600094,0.026278150136730957,0.017818702334307344
9698,0.13879174790148815,0.10441863278524317,0.02220933336588589,0.04299121160341905,0.41270568298013344,0.17041135168356214,0.009484600897604608,0.5172847466577739,0.06205871290842443,0.07343790435790627,0.02044978332083446,0.024418918797229194,0.10294110289727061,0.11137074234751207,0.02990559194969852,0.08310880590537302,0.0,0.1528897829007405,0.07443553822915007,0.00545617595789726,0.02014172862343392,0.2221337540850935,0.024935686999926897,0.020720734030092735
9703,0.1083099974251198,0.08306289501957304,0.021902464219603412,0.039610756174055226,0.409537883882181,0.14143234109260044,0.060960560627712,0.5488816957662893,0.066237821627713,0.06809695324450349,0.010333122036068126,0.024440249005013303,0.0895375555403599,0.03212360946276494,0.025149193131039024,0.0607100969887861,7.336519564052171e-05,0.21308396382568373,0.04892451653047989,0.01278661748568129,0.01937882872823219,0.2008781918604059,0.02242174447471639,0.019028894477915538
9708,0.13504904514985444,0.09297038902993286,0.019923777098175697,0.03309240141700958,0.4199965202963147,0.13059043472404352,0.016536141691005292,0.49241771165795933,0.08547150674041054,0.06458550320385606,0.011944281840047612,0.023106964820872256,0.10296515561256372,0.025407941896419182,0.024296788085847135,0.06113159831958297,4.800604506141463e-05,0.222536787607851,0.05608852544254986,0.009157751072031983,0.019937612648462243,0.20643491669713232,0.023111657225188126,0.018949981808790935
9719,0.21061089577070086,0.1075634750643076,0.020324745239920693,0.027416794030897966,0.32183907158553154,0.3605801760429015,0.006689314344730015,0.573298578744799,0.06414384787074807,0.09654648943155733,0.03417867876234808,0.021688043304555288,0.2657961141104229,0.019786814891483175,0.024740410123976844,0.07357383336320711,0.0,0.3486159058793517,0.09545971190793719,0.002018779034582327,0.02146207982884578,0.33352851647825354,0.02335542883959468,0.03429268196385486
9721,0.3215898184834161,0.3898989532223231,0.06529353541884719,0.04418918162927067,0.3615277362409413,0.14136058973475144,0.02501818609064808,0.35118948579713843,0.2366020689510356,0.40151695284483047,0.01272366989035323,0.05616399598418398,0.1430460132212158,0.022949572513807307,0.02752025485748842,0.0637125572399821,0.0,0.16269419085906217,0.14528648040899275,0.004581799273294604,0.02067968876514476,0.2322511520144451,0.17094466059660213,0.0184925676869367
9725,0.11674766582751232,0.11173269477584055,0.027850499220751515,0.02028859624638862,0.4456207383706476,0.26436050536035177,0.005185472796669337,0.5129034704540711,0.06125456855259757,0.0788313093019232,0.025025362191781163,0.018367405738696184,0.14820874171229423,0.020316139791154545,0.025236939850307834,0.12490694802228158,0.0,0.4263869281072102,0.0514620997431715,0.002482844153125545,0.016702616884016273,0.43562732869504023,0.022254619180355806,0.02211795765490313
9729,0.13462202603683474,0.1130968902320441,0.023404480376173473,0.06319036665422889,0.36229721925494696,0.12975434946832023,0.04109228813353233,0.5775898261068,0.08713980722780018,0.07301963462204085,0.011314020634853074,0.029912358508503455,0.12908008559911813,0.025367943428627207,0.023897748077000527,0.08064093639336406,0.0,0.1547455947721324,0.06869412820173952,0.00776334106865681,0.020444270283549833,0.20481246349511079,0.024562124626198854,0.018864776445627056
9733,0.1174471667382731,0.12928951896989488,0.019620178543282695,0.026491258656640006,0.34645024210811465,0.2966217625999698,0.011709225436554496,0.5473906606540772,0.06350271446896863,0.06368818850587377,0.035510524993167286,0.02309434003691173,0.0869707040685935,0.021674515957587605,0.034817221921464324,0.15872962830825565,0.0,0.20727037471296567,0.05273421976103327,0.004472001349024971,0.028480283468416547,0.3584175503671775,0.023144988258599918,0.03561300970379413
9737,0.10682105308189371,0.08613251933578814,0.022306225421185363,0.07307790043659035,0.36398665727517276,0.371688099226498,0.0501089921661689,0.5459502049359363,0.05797141920644919,0.0658530569442221,0.017457834107408088,0.028033420562846044,0.1657750096076769,0.026052399847291956,0.024616796848024484,0.1882125491534687,0.0003759175631614737,0.22808511073203408,0.07480004428097507,0.01139356097256661,0.016343232744669162,0.3899539874228041,0.021117958615236954,0.01791493798303414
9738,0.2203615806364699,0.09736382875244877,0.022970327199069825,0.03694076001114097,0.3680011898431874,0.35479464499221686,0.026361241672753426,0.4962382984032709,0.06246389040392588,0.07600173847060689,0.013312881547895686,0.029330263738865932,0.14180039454451682,0.025949773438593816,0.023665058820047647,0.10269166750894837,1.447178002894356e-05,0.16767716894605567,0.08476293242558895,0.009295633917300603,0.031761033987309846,0.3187333977777371,0.035559718314098654,0.028583564367087075
9739,0.11473617775977875,0.08758125643480373,0.019483216351151283,0.03604215939459435,0.39449755254656443,0.12714011353634938,0.01801111989452004,0.53956655267252,0.06171624549599953,0.06509486541022262,0.016470829513473773,0.024788444366905395,0.09289429194276164,0.09584553839436773,0.03873354618479446,0.060820112485079375,2.1551724137931033e-05,0.2520969475494505,0.05336448283474254,0.008109559184975709,0.019989933356258795,0.19746859874253825,0.021817620628959315,0.01926999651489213
9741,0.10238574603548052,0.08376274555938845,0.01966329841960121,0.03407781490653874,0.38027773807353127,0.12931399841359617,0.023880291692484165,0.5558689592013386,0.0662104753344741,0.06556951293576983,0.011453937848323471,0.022114841621274153,0.09736652551591106,0.02644523349537769,0.02788360000566556,0.06405567033648824,0.0,0.2592184324861716,0.051116822284732556,0.008945923075315533,0.018690782122522467,0.20887832812945317,0.021486390198213464,0.04246264019667821
9745,0.1397933642543384,0.08955494686392056,0.026361865851788253,0.039762130673451385,0.3886907381287699,0.1283985126373178,0.07571751221657132,0.43943555250773,0.06975996904293139,0.06427193587048048,0.010189928717346414,0.028553332433300552,0.09452712748716642,0.034106509487605526,0.024512596718192434,0.06600378373821242,9.637049968320006e-05,0.15034560465993635,0.05861679206867515,0.02932275242607261,0.020544711490244574,0.20042543882039154,0.02450469517773445,0.018973115308040953
9747,0.1283118138905022,0.10070445479036871,0.024057124183525427,0.03435936879845422,0.3328363886806024,0.12774161391319128,0.030370127541129003,0.491899579312976,0.06465928762177411,0.06645958896825647,0.01138500555594481,0.050960762018566454,0.09165194455505307,0.024758836448314045,0.023888739356322363,0.07002280220248501,3.766478342749529e-05,0.1953553377962195,0.0595737420731809,0.006597331449219785,0.020866287889411292,0.21484034758037354,0.13086548426211034,0.02039436034259509
9750,0.17192992035727916,0.13719881833796765,0.038080823986705,0.07206408955385846,0.37528761534429805,0.1452058273814802,0.04826264182678147,0.5296778457361376,0.12102465536924592,0.08366900340816814,0.011211122563145595,0.032186030274594636,0.1121861710631272,0.023578752607399393,0.05329179199300366,0.09309776000067613,0.0,0.2421790442321301,0.14611169471478866,0.002911999872320118,0.045764548280727964,0.24473228073678285,0.06584752547841081,0.028556098351236913
9752,0.14046024181620875,0.10576935511013091,0.028347411467535607,0.03808484710404026,0.3489145139411005,0.12785297349839675,0.16437122746578098,0.4591570827210606,0.06556258759571348,0.06438317639395372,0.010891176439517047,0.027833196957777945,0.11123136484497294,0.2658322810894644,0.026088509841473796,0.06356832100350614,1.5037593984962407e-05,0.1864721550835336,0.06496290923264242,0.011502924644469746,0.019771223014882443,0.20456056431647818,0.024893142772231265,0.019122450728846992
9754,0.2915618385963975,0.2869641281667206,0.0860370708617129,0.028778197079496467,0.30394873016852286,0.1324731005011612,0.02573991685648608,0.4953009676772648,0.15456821089336426,0.3063219323905567,0.012297385121386497,0.07940711745220944,0.09346687736773848,0.022323670828011802,0.05762765049797529,0.08535744465099857,0.0,0.2214871988388656,0.060525521459860926,0.004165865032988782,0.018751816865657862,0.241746369821267,0.11311396508906756,0.03465105416686711
9760,0.19854142996416846,0.11637160077041284,0.0303804748152139,0.029601392236456445,0.4334406577761834,0.24326776472363448,0.013899755784479268,0.49228863660647354,0.056518777187905905,0.0689539000890408,0.01838327786723644,0.022284216524323663,0.10996695832442814,0.02146107654489845,0.027975559514789916,0.08373276901278436,0.0,0.25153658427811765,0.06435816789988553,0.012944172213708707,0.018972839219542407,0.3679422936738677,0.021458478065228537,0.018372969228432828
9762,0.17130696331941528,0.11753578753438447,0.02454797802618883,0.03528169181702559,0.35975545748560367,0.26095142247463365,0.01754574035224594,0.481939762109436,0.06494714175716823,0.06580319118576435,0.01481984296123311,0.026060594026007137,0.11153280587077141,0.023608414385356085,0.023820427702234123,0.08493478380770612,0.0005681567936577846,0.17605676253531344,0.06490592115654609,0.007366655860897241,0.02048018459838113,0.29548619360488204,0.02488827781167791,0.01858730724152873
9765,0.14315773987203365,0.10191852829274875,0.024014678913487714,0.04091747395202576,0.34650518860827684,0.33000706479424474,0.0510971402723829,0.48366823805600384,0.07840032959359271,0.06550060449749842,0.011138390685354025,0.04128144937612476,0.0925607102640075,0.029304622777647983,0.03005667797574314,0.10522748112406316,0.00012170135463840356,0.19299289124062607,0.06034604947457025,0.013672026087911791,0.019176926801942377,0.26864140442280443,0.03295865754859995,0.017699993146492204
9766,0.08183277857734897,0.08618087293850836,0.02148889030952616,0.02918452810369904,0.39653271525025624,0.11995625396955306,0.02393963824139314,0.6052537751609467,0.06085599143490504,0.06407604593251176,0.014504920324188575,0.022755593887811138,0.1585091340440979,0.025244827837691174,0.02641520201991468,0.08623503573991269,0.0,0.41952995985830854,0.06298756617794743,0.007533051397979177,0.016155009467030607,0.20419005110089802,0.022531319399742247,0.017160989821653202
9772,0.14696020055561163,0.09310735833467464,0.023550612179315332,0.04501735579587327,0.3496622546959973,0.3055326028506746,0.047324353837097564,0.5114213689133937,0.08141456417067987,0.06471311587719568,0.0234335377600399,0.02720165879949753,0.10859571625240758,0.02864445518095932,0.024512596718192434,0.06179332391587471,2.4813041662862895e-05,0.1645092923107315,0.05753031577562304,0.011784863273787603,0.020466140736688242,0.23417750589922945,0.023514789615546566,0.019341177060026277
9778,0.3305988683800456,0.20489333230631301,0.02449682433205921,0.05432009811531981,0.2665799517376485,0.13720767903842734,0.024330619268019885,0.483866285250689,0.06359530364201306,0.07734916619722451,0.011482714234563311,0.06500450578149033,0.11782298727048776,0.020761595768163978,0.0238243534989659,0.10487562983500773,0.0,0.1945988244978382,0.1550088244439303,0.004221781959321628,0.02144220280383951,0.29064024819023954,0.29083356547488165,0.037179831927227396
9786,0.13433490659000216,0.09198420032317146,0.024201804400442273,0.05808922369576761,0.36600430684678287,0.12561076723297998,0.0945066636875147,0.4684948642482898,0.06463105676702047,0.06376276639529671,0.010226641743811526,0.03069482357112029,0.09227828266598218,0.039581328339206946,0.025706465979302408,0.061826041111496935,0.010417504625767173,0.18687570936315115,0.058491318917789366,0.01508165441125262,0.020684624619616863,0.2061287365888714,0.025160196330922802,0.01870671037006646
9788,0.2925754239375637,0.2706726936376708,0.03962219069155149,0.052078601841392694,0.328933976803051,0.18428707349352064,0.04931448283869286,0.5074155775715087,0.14742168711962522,0.2725453559992573,0.012387645299206884,0.0801692195550824,0.13450272252785503,0.025045339056995436,0.03873368649950804,0.11624939667610136,0.0,0.22474463599826242,0.10785841099565043,0.0015742945564241398,0.027217412917851968,0.29898359029355065,0.10888744338021503,0.02861497646143496
9789,0.1953737693730505,0.15730392171020888,0.024075269026208677,0.03398355590443992,0.32482089893940214,0.13993047236739886,0.05596230715853236,0.612936016375846,0.06984255474291966,0.0833394227797935,0.01352226638896585,0.05697630108430605,0.0705800956075268,0.025773833987165148,0.028785114847318004,0.08398621197821735,1.447178002894356e-05,0.4653476645091895,0.0499079217656635,0.005189516250221948,0.015042975323488821,0.20609241217558474,0.11782167400072559,0.018299510839196415
9795,0.14259914697534112,0.14070179906035363,0.023589184159830637,0.030371635759691637,0.35149126121462865,0.18196968223217916,0.016330955528478096,0.5022796212074684,0.06403445879098933,0.07534438698987103,0.011684677169580469,0.03331559100583006,0.26448644046578473,0.03441623516535657,0.02438249252276868,0.07045047603758083,3.766478342749529e-05,0.18398127802853467,0.08155145592572709,0.006370557421072439,0.03037211344513414,0.237518310354554,0.024300897723804865,0.04151600802399088
9796,0.1215465017392112,0.11439795900080561,0.022064079931707288,0.03210944963137502,0.38916159810599427,0.12608023940670074,0.02172908854556447,0.5041911936335158,0.0829138510590166,0.15623601249507657,0.010269512660700761,0.025758530554242664,0.09428070464490412,0.026357947651955062,0.027240764922989057,0.07214161595808925,6.215473313651003e-05,0.24110462570862357,0.09325391130128322,0.006833743856877365,0.018369488900028166,0.2055266249276369,0.02335356106789648,0.018177319696422677
9798,0.1125282041395178,0.09394380862818742,0.018957652558808966,0.02385381660270176,0.3798428807137592,0.1274613869690958,0.028170856493407212,0.4892634484438704,0.0699438526180535,0.06741915863881229,0.013044511928027138,0.020002785681330612,0.133357864394156,0.021375835646587325,0.02461526277791271,0.06551534077120492,0.0,0.28045851451147186,0.05281892471642833,0.0017896235666110898,0.02110371006018209,0.20426723193552213,0.02304253201414399,0.017762749767730318
9811,0.1978709312271259,0.20391009376454555,0.025174476404831343,0.034948256807153084,0.43388043020537287,0.14264006323288497,0.022087268453436167,0.4180944573951146,0.10810755743035698,0.12305778283481122,0.01059621731186464,0.026072209409425274,0.09966105249091499,0.028131485783015622,0.02459797375350817,0.06129713012107954,2.1551724137931033e-05,0.17190099821824958,0.2111033539257345,0.01230466365654015,0.020609666580879416,0.23425146489491325,0.03838999243090986,0.019029554703330967
9812,0.2053419597969881,0.26912182266967916,0.025463228118131523,0.03720942681136114,0.27931661712155725,0.12795546680715808,0.05059504443311533,0.414056463848817,0.06723646149243959,0.08277765789144982,0.01039742303952716,0.03427668705306602,0.24498364373579637,0.028156360331661495,0.02388627261220825,0.07087222982496211,1.5037593984962407e-05,0.15123137420615643,0.3130140702921991,0.025763933252508427,0.019253707248929993,0.22365540483152274,0.02515919800057701,0.04418299135869578
9817,0.26030861172524267,0.2655002629998123,0.04495801985333395,0.031264511247521165,0.34948253404726004,0.1738985798713312,0.0225510187522991,0.35799744102695996,0.08578648787192998,0.15053935454974082,0.020979021690297084,0.02639760919946128,0.14943180286615643,0.03691473093358665,0.024155153592833004,0.11329755466556618,0.0,0.17288780130325457,0.11067653809478216,0.015281038940116376,0.02041384882701138,0.2662500589325208,0.026694977747848698,0.024324797438811253
9819,0.12600576511960182,0.09527384299431355,0.023323641146306216,0.03802571891769488,0.35283664615335875,0.12570661854755166,0.09908668401160227,0.46267779421489985,0.06579736980747848,0.0693149700259813,0.010449540354742099,0.04957585450631932,0.10397186530601782,0.03242883755867478,0.027864280981423,0.0656841737690072,5.8705716255704766e-05,0.16345456305686143,0.061160049577737775,0.019517731792379808,0.020762796217980425,0.1965807555857758,0.11841816686048187,0.019665181063312605
9823,0.24570458708245757,0.14224788591142323,0.02356781725322847,0.03420662471593214,0.3509579136648657,0.13152991331321945,0.05228332547105845,0.43378869213686194,0.06372998056201422,0.07713560319582277,0.010997079498727625,0.027721163390092594,0.11260233952148552,0.027235963482497662,0.025054497601021047,0.0909715060429515,1.034126163391934e-05,0.1559273880678868,0.10708251701942491,0.010463388459872991,0.06433138549822845,0.20735062995827902,0.044865392109611005,0.02007099051147906
9827,0.11934227684663329,0.08906098679190017,0.024458379595742846,0.040211239348277555,0.4423429107465548,0.1200136883098329,0.03250438939010671,0.5477698274600924,0.06410641484935112,0.06444864243382593,0.01265155822499289,0.026336082754571017,0.07695420761932974,0.03237023888694012,0.026431592061325754,0.06507896132105091,0.010021551724137932,0.28879804587024405,0.060370898118323406,0.012605078856730307,0.020955942810365936,0.17514931168799713,0.02656475500795437,0.017223596705550414
9828,0.12301478597476871,0.12610088627429072,0.02411874604990751,0.0751563764211831,0.3604534514556262,0.13161765131334888,0.3121176843108153,0.4288005694211003,0.06453460570250653,0.07398294053594624,0.010408763773756784,0.03276589548685856,0.12352625291682061,0.053029620680928785,0.024312518690253845,0.07020879913898664,0.0033086883876357557,0.13892957084343174,0.060124450891692965,0.01861420919865079,0.020752705259943435,0.19726068046119025,0.02404434449381767,0.01857024689387661
9831,0.1008625919665959,0.11921518060617287,0.028052113828356453,0.032538824309187114,0.4035456692838747,0.1388675773064601,0.009733413066482694,0.7018901652351833,0.06134466914735141,0.07463216183537738,0.04660456197537549,0.017764877687393602,0.07344476820612855,0.03091160045937174,0.023897662909951246,0.16833779288812317,0.0,0.38997296808066606,0.05640903730465124,0.0008762983979762615,0.019876619809296402,0.24207414182352024,0.030407602385887647,0.027899814488456222
9832,0.1258427233512335,0.08965304747031144,0.02377799016465316,0.04363280229981119,0.40220063454578026,0.1273748855456893,0.10387839059477363,0.4588988893302076,0.07100557136663055,0.06453046500949279,0.01003925072746217,0.028768157235256483,0.10495850035321887,0.0338392145263259,0.024512596718192434,0.06093452017730744,0.00017163760715849626,0.15651217237450318,0.05837931664379124,0.013885420426880093,0.019957553547674377,0.2026881618780479,0.023511135819792917,0.018142066750256328
9840,0.12653145530858192,0.09209411649481147,0.024604074845431624,0.03954947328958387,0.46103764714746936,0.15931041502478854,0.01597852469112083,0.5173460341935278,0.06371165994578719,0.07386564803283414,0.01380434279790851,0.023842571132306062,0.08024230910609767,0.03466372300243556,0.02609568042387836,0.06421094779014652,0.0,0.19163430608344187,0.05602013152296328,0.007286150580412244,0.2058348775774349,0.21676466463235586,0.023849401394963343,0.019944982298090483
9841,0.1569492510503048,0.09402387544759111,0.024207748617169445,0.04545933705395997,0.3997513491121271,0.12573195794801717,0.07037058749919742,0.4462380970430639,0.07008610553475003,0.0642861362157178,0.010166439497140689,0.03435827591479549,0.09225309954773638,0.02907898400284105,0.024228265199741132,0.060946853810050675,1.034126163391934e-05,0.1506322346259668,0.05995074511724779,0.015455294300345557,0.09233879007705471,0.205589697207816,0.03198491370301935,0.01854231214716895
9845,0.15251438353364258,0.17399532718466623,0.03886103649171915,0.030967772451203652,0.4428989680621875,0.13701535966537093,0.0367663390592685,0.4900341502464574,0.07996724380613139,0.0933249333033148,0.01158637929623637,0.03542349471006154,0.0783314859776864,0.03543882388342243,0.026009065395309814,0.07000172372414334,0.0,0.23949594935309354,0.07097071999873766,0.00659775570866195,0.022239034001453137,0.22452156192081385,0.026755423288003875,0.018352253080682463
9849,0.16665719441020832,0.12532117680807367,0.033319073247120544,0.029369483056119305,0.4716087999620359,0.3222115204400125,0.024781448725040144,0.5542867992444718,0.07960598497630932,0.07414850812358005,0.028757050969873018,0.02697300796614864,0.08926392683361907,0.022347523535574107,0.02469545196248624,0.07648013411762719,0.0,0.2230812499161614,0.05878854082912869,0.0031996654820702327,0.020229488044446547,0.3846760328347772,0.023425910470355946,0.015958364338142808
9852,0.15779805902908314,0.14277533995490596,0.04726746399609328,0.11177195625198894,0.40687853094463583,0.15183714098495693,0.3121063996086213,0.48724754010160637,0.13662629434315796,0.07479456429326901,0.010435820130602663,0.0965542357055866,0.09466160610726293,0.1928910201053199,0.13166982629139426,0.09071241452164883,0.01,0.20064005055756745,0.0866137550950828,0.04442641111836388,0.029239719031693,0.22928237465869317,0.14654083233310233,0.02309242209741423
9858,0.1280069508647051,0.0937257351279052,0.015836242406624103,0.0520245493679429,0.42881637027562486,0.26719565142794666,0.023339550951513806,0.6591153426780775,0.06194259618643731,0.07713341866580946,0.021581454160848584,0.026985752925824703,0.08774642174724581,0.06475379527985553,0.03373110138608456,0.20663269131300194,0.0,0.44513034187031225,0.057355735151838054,0.012243735305398256,0.023275404252059432,0.2539651659388793,0.019465534184574546,0.016712157721188555
9860,0.13536759653932723,0.08949020215115094,0.023937631445129882,0.03664138446600056,0.3578617615650396,0.13414686341378348,0.06516959954307627,0.4839238367980899,0.07685300902149014,0.06462947214417367,0.011562365712056787,0.026794428153865898,0.1534751118948139,0.03203764032810732,0.024623029626107393,0.09141801582921623,0.00014544543738946638,0.15101425289497353,0.07883946505791603,0.014397673102058533,0.020942962649566493,0.24724400431888083,0.025223724646405564,0.019055952952951614
9863,0.17705007737276435,0.11554453433011184,0.03474882457000765,0.05563399477916559,0.4696278587804461,0.13046594455165142,0.043047147188063135,0.5660054912325014,0.09444315426676797,0.07067531213156582,0.013865860970723367,0.02503829043791774,0.08289453259376856,0.13715252710886305,0.05247888305852467,0.10848318274995072,0.0,0.45104154236421834,0.16694960360999386,0.013415530061571191,0.0791143088985213,0.22221722600426194,0.02285678789350118,0.026339123790065703
9865,0.13096696460559504,0.0954457480335,0.033285738502276584,0.06672853714844645,0.3408825255628687,0.13041019517505087,0.11485850862708086,0.49618937116600337,0.06312491235046327,0.06220216937501509,0.01053913097479189,0.03280266878183722,0.08583136158370296,0.030333033769633175,0.02387657277811553,0.06150294892291834,2.4813041662862895e-05,0.14756418678646732,0.05888860551780309,0.013087169450039023,0.02168538426900923,0.20135493794369336,0.044987439762333166,0.02014385293822618
9872,0.09321354350659802,0.0902865811911181,0.024544536939255245,0.03249227464341043,0.508032596462881,0.2137656465181332,0.008636881051078264,0.5340776127066896,0.07124687335178691,0.07805484248792989,0.012824447203037062,0.02505068461214234,0.16938783178532246,0.023209454089527997,0.026266828575059402,0.12110914024064638,0.0,0.46255440115899904,0.04749536268166848,0.002689284242468346,0.01753042943904329,0.3436040566419021,0.02345876359273443,0.028249771925318638
9874,0.283482543999631,0.22632494163600722,0.05236274392033003,0.06222347261935085,0.43927685462421706,0.1703815083137817,0.04618975670937054,0.598110062512087,0.12393943843111728,0.1811243324073674,0.01408955364524689,0.07576672750521847,0.09189274494746247,0.05061708582740687,0.0351933644024919,0.09594409027780759,0.0,0.2494633148367332,0.08418765952515578,0.017444874041696333,0.08199148834810611,0.2402915182863152,0.04595555553148948,0.036077420149524364
9879,0.12479299618327853,0.0998782992886239,0.022687613275667925,0.03662180545835156,0.3758232841715807,0.13984372016303823,0.022579087468487642,0.5475238953291471,0.07910884535257136,0.1169442120402889,0.011332055145376354,0.0237164235657468,0.11558928971199116,0.026204617836132312,0.02652601055573125,0.07965477617909508,0.0,0.24313325556633253,0.06326361137868285,0.004725413215009805,0.018415738138267728,0.22723310887759066,0.06161123711252883,0.018628159640727737
9880,0.08340921521844262,0.10843000485808568,0.018198777559550613,0.027712513753866092,0.4005312676960586,0.12481675290424034,0.02986986385584442,0.5934045045009568,0.07309351985130662,0.06553609459760402,0.010540173218428288,0.031372100561214165,0.0844707184412273,0.031088381994307305,0.02603545792903513,0.07705587462265191,2.188183807439825e-05,0.3500775463627194,0.05461877842575587,0.002643080283701421,0.026277537877215224,0.19388577893748798,0.024488240997117553,0.01795575451692923
9882,0.13966704241764577,0.10478234366252198,0.02427320259925078,0.0722585961053845,0.3337051034067315,0.3130581562336668,0.06477406160325656,0.5375570188736231,0.07435230840694884,0.07920100665660641,0.011890770616621395,0.04798585681770334,0.0812268870095544,0.02764518421816213,0.024853926311381707,0.06360663734415006,1.447178002894356e-05,0.20721380953014684,0.05725510589498767,0.013556650912292821,0.020786422445270167,0.24897847699128178,0.0242734831086244,0.01849217614518674
9888,0.3082622808550291,0.1800466175687835,0.041186348442019044,0.04244075701013421,0.3168760507205507,0.12460351055516364,0.035626230053112655,0.5183673726275806,0.06403738585528657,0.0673399051792893,0.01097586338812389,0.04930867982047199,0.11668868348760401,0.03718532199510128,0.025361505826518096,0.07703371030390578,5.1813471502590674e-05,0.17327425941612914,0.07667591485070148,0.004511189871229029,0.04389836969417613,0.2199398847964999,0.1588835425676668,0.019685891446843618
9891,0.11808889650389627,0.08371956310100619,0.023060241158959726,0.0408873467711834,0.39746471850355264,0.1306978960825382,0.09012489924272467,0.46029715422937506,0.06406561896015395,0.06405148698837798,0.010222403948772758,0.026663230464453534,0.09227493126522351,0.03477906847852071,0.02468144814181751,0.06074667470112271,0.00058602186964896,0.23158102312916004,0.05745016989173426,0.01645771441465262,0.019176926801942377,0.20042543882039154,0.02282902527411303,0.018010533497839896
9896,0.17775515070606307,0.13875001573636583,0.03779866548882514,0.0687616429172907,0.3419693911615701,0.28711244662553304,0.029290545378682177,0.5850536616405517,0.08578912403302869,0.10215505596024975,0.04527869368232004,0.040280471664303014,0.14834307309792574,0.03307424964977445,0.02372129505406403,0.0705722581208172,0.02,0.2206371235260411,0.06531053108330967,0.005071380463986934,0.029848714200403376,0.2820068550946463,0.02632087199374129,0.016191021759615364
9900,0.1701965682314688,0.0977275531951915,0.02305115587506013,0.04959605557987277,0.3040290247437133,0.41373745692052744,0.10149168230929557,0.5822452171244741,0.06144072930900672,0.06817336046366348,0.058831865870920305,0.02605284519070515,0.10477760398134107,0.03965716766387979,0.024952566573489057,0.25825773435223626,0.0,0.17473414018311778,0.06070695143254365,0.010778138844296938,0.019981680799408416,0.4433896648396371,0.02691763037033163,0.02131736497016138
9907,0.1331742055730388,0.09029564742124162,0.0232462246348102,0.03713560240861314,0.3969869750900134,0.13611971937641218,0.02229301245924778,0.516934561826482,0.06188812428585752,0.07008167252858598,0.012291269491827484,0.026203091445800877,0.08894771427118375,0.027148397677848532,0.024817219823723854,0.06470505041386886,2.4813041662862895e-05,0.22776899661820235,0.05203422941162973,0.022039503753326507,0.020861804450805987,0.21011265387274958,0.024194963452238368,0.05946436516718859
9911,0.22280941841574584,0.1253380326995611,0.023672987105991892,0.030340029886841223,0.34578482079550016,0.16629250834588075,0.020832860869497614,0.4771208922258329,0.06423008105275241,0.07107291317041707,0.010382522484670849,0.09613920706653119,0.11732931978052917,0.0335999331578908,0.023722390150220138,0.07325084342100152,0.0,0.2560559845639383,0.11628881437309714,0.0042631865641793495,0.018416545641641937,0.24116795605254662,0.11573552405408444,0.04504256792200472
9912,0.2993235934562128,0.11548645808572226,0.01991005357124505,0.031637449695305124,0.31119141004031736,0.4514205895789264,0.040881911804331955,0.46041577349435864,0.0631524852997411,0.06774120886503301,0.03438954032602581,0.0482021238802966,0.19679976662659424,0.022066598362183987,0.02370554820795839,0.27811670589826537,4.1841004184100415e-05,0.16187506799638704,0.0722823847114556,0.01193336030736137,0.019880873589415635,0.5553442880804181,0.024998089741781207,0.031553338253076796
9914,0.20626591871652816,0.1184506656326705,0.02261155370734929,0.032681411055181936,0.32314338155912203,0.2457338726060189,0.02329022935102016,0.49892307224907617,0.08732206860702654,0.06639769102370216,0.017607787743021897,0.026464680804963215,0.08626426548961888,0.023741157305321683,0.026604122269484123,0.12934052207532676,1.034126163391934e-05,0.14911597535011326,0.06998457891910137,0.021317688510601906,0.0365612359096765,0.31580319332056644,0.059051458604487864,0.029989029509484243
9916,0.14894130582949114,0.09449541252008829,0.020946261873017007,0.0322338606774995,0.37549348571323704,0.1694967075863122,0.017177070774853663,0.5720542587650124,0.07283591427934166,0.06705590292781133,0.011331657131422163,0.021052039051115762,0.09877989772355347,0.021636078036235823,0.02601391137297288,0.08569665044282787,0.0,0.29302338351811275,0.05586708643602237,0.0030227098741016293,0.01844632657393822,0.23377622132601927,0.02171435488999973,0.0189097061024704
9921,0.19615822369937191,0.1272230653116903,0.02295189013565557,0.03149890838569776,0.2443065846147436,0.1502813806855721,0.02954948028357139,0.44334061965085697,0.06706501921073496,0.09231207849947194,0.011708930694288237,0.03645298723643725,0.12411824400789902,0.026186732178760667,0.023305787489532447,0.07484241372988545,0.01,0.1694875688389723,0.13818644430175958,0.004672298241379106,0.022920959608310816,0.2965153267753949,0.12371525552199315,0.01993627808851754
9925,0.18187699258290435,0.17222367335187613,0.02327669263734689,0.027827881467539815,0.3311909199907324,0.13193845926573772,0.011195964342406071,0.6056426939330524,0.11341456210184997,0.08015421008848836,0.012145216450291114,0.03175061043970304,0.06919476331299065,0.0226478680513168,0.023934933168503095,0.07055434103589288,0.0,0.20732287821619863,0.06320143589096638,0.00252701125280038,0.03249833303510111,0.21017746657317735,0.02654790420196964,0.04199875558335192
9934,0.24625369976648126,0.19242759229562126,0.021383615626160354,0.03176808560310211,0.40521865173110866,0.21050604922785698,0.009964498875692417,0.48643472326849385,0.08039074603946197,0.0623893971071857,0.01387088832177954,0.021301078034396327,0.10896312010127807,0.019644042559161322,0.02504171722150891,0.07771304591270463,0.0,0.18658920057476197,0.05774069764381666,0.0019696859809776274,0.02683847146258308,0.22527469539547326,0.13338768939455634,0.018353979703436378
9936,0.12406447414395361,0.09036808253837329,0.025145767979091863,0.06454728561932838,0.3506757137551629,0.12806073517617775,0.07108350729872019,0.5362742972172283,0.10056997051995445,0.06422115875300258,0.010471043642620172,0.03230478317108385,0.0831334331947075,0.04072781498413871,0.024512596718192434,0.06074667470112271,0.005962771957502741,0.14900245843779233,0.05861679206867515,0.01458270344099137,0.020543613618363557,0.20042543882039154,0.023888332854744912,0.01973492043676127
9940,0.12974104851294815,0.09738305208491493,0.023338539897084475,0.09474598454131168,0.32760033445685804,0.24877907567393398,0.10491330846596517,0.5554249126687703,0.08279370257252597,0.06405374307749288,0.01657866975505132,0.04391646154497218,0.11368426677959992,0.05432527526644515,0.02399891670543203,0.12451212442640419,1.447178002894356e-05,0.2034061152751552,0.0673026628473733,0.00905681550906105,0.01997639731743875,0.35379980323338617,0.0248461558776241,0.019367022162491043
9941,0.23011765522792224,0.17195338884827852,0.026342243868833257,0.03591240569033334,0.4040484876898222,0.12671101910659524,0.03939885725853542,0.47239724869927985,0.06449445441771771,0.07974290905581219,0.010510160474964282,0.04065261987119203,0.10951530068175576,0.02918436080764702,0.026402408731870153,0.07578927315485781,3.766478342749529e-05,0.15156308862523774,0.08688700538519063,0.010575748500085943,0.020768816866314817,0.21548557425698042,0.04801954265025444,0.019387618627404186
9945,0.23327299714945252,0.18591712932834129,0.03314902936154145,0.027750419751233917,0.29581803350298086,0.14164893252765914,0.029448000269116852,0.5420324235803561,0.10021053241574096,0.11837034134251592,0.021584362075418754,0.02147185753657789,0.16946271481109798,0.03308225115987439,0.023624681314983898,0.07830921718253588,0.0,0.23592075986073938,0.38009947700201735,0.002542136455303756,0.04955463810019846,0.2844502081220772,0.0401346017996104,0.03148094610526383
9949,0.1150724569941705,0.11408765505936526,0.03750789754801087,0.07093716950629168,0.390544172664146,0.22445806781976776,0.01046697947314512,0.626993518996508,0.07565118705702364,0.1225287156190627,0.04432782416709448,0.020610683900775018,0.24196047395856204,0.06857751038951738,0.024867105105979673,0.15756138964278021,0.0,0.46068065857754625,0.07802463784168188,0.011693711981614325,0.057481257319868806,0.3198009882288264,0.04026421843390662,0.040430936681841445
9951,0.22913523286752518,0.13369792898268365,0.04279600194820163,0.11050341946443203,0.4695876201204687,0.43996718749238795,0.020631977046429627,0.6218200873152501,0.10963494379723628,0.1284315311854968,0.028615648245330996,0.041798049772271535,0.13312043644333063,0.04712553222516487,0.033789675785919716,0.17830192232914777,0.0,0.41038812175224476,0.0637990489272916,0.020667086009104548,0.015496499456356332,0.3415627031888693,0.05022162352981169,0.018984178581814837
9952,0.16654968445927296,0.2045692539842148,0.04204849532003487,0.04678227534741235,0.4133741315631948,0.2816943739878168,0.00999145863906072,0.5863738332546181,0.06050288197790343,0.0660409779729335,0.09376895754817978,0.031219277238074543,0.18067450467572296,0.13869971520183777,0.11397990819435165,0.1433289267755877,0.0,0.4936147198125046,0.0666974468896691,0.014933922274107489,0.0193173528695453,0.4484902285804446,0.054440339606683645,0.021159044071448366
9961,0.11178299342565695,0.14167079845640893,0.017837518539059103,0.05077504044644296,0.35015098903702424,0.1964136088807772,0.019997573561065046,0.5420900691665552,0.09626221437225597,0.07237834385146144,0.023630368551373997,0.04626515365931174,0.13866031929932707,0.03391397361269882,0.04186052918413813,0.10782082084476617,0.0,0.37410933540235725,0.07777256580113687,0.0013330713681230797,0.025967937058772757,0.21862099402585028,0.024783612689345383,0.028527135090171084
9965,0.20665266225474446,0.1399816004976874,0.020382640111209514,0.030928182519178046,0.3188686739434193,0.22891727609501428,0.01693475957483785,0.5096684468892447,0.07111791840001179,0.06617206033639025,0.013780255854617831,0.0358365563306519,0.15577254495660584,0.02253498421384881,0.024301082760124552,0.07093846664552518,0.0,0.16351966922295486,0.06829329416177488,0.004805207274732882,0.03158644605287352,0.23344884016064668,0.07101840483458892,0.022170103103710193
9967,0.18292831007661936,0.11454453471973222,0.03280522360706815,0.034071252908321546,0.42341083168966187,0.4808536857153307,0.008575900860108107,0.5886933382883655,0.12766746583271896,0.08117211231836871,0.06460585134422708,0.019278421032840613,0.11648456043626439,0.018799227832817993,0.06109672578985062,0.26752134433590163,0.0,0.2787962580077698,0.09279853092211461,0.0021774490549459225,0.024015127818338793,0.4656024461663724,0.03182479325811339,0.037628543650796285
9968,0.15426574500735676,0.19823163189205065,0.0193093843129926,0.03527795829050575,0.3842600221285911,0.17245885406953415,0.0202485237307688,0.43175958274576787,0.06365612396254056,0.0688396202136599,0.011649954334261635,0.03432488975671765,0.10189648855602038,0.025444681007047342,0.026407661658531402,0.07789274406937072,0.0,0.29766504075870054,0.07225033884548558,0.0033978551911119327,0.016261095868049892,0.21583477672266096,0.02429148135955196,0.16365290058800633
9975,0.12050922420734572,0.08676264414829257,0.023920433447397096,0.03439136577414881,0.318626366736124,0.14256418772219098,0.0179461363591283,0.5486228305503915,0.06252799567599139,0.06517936568991821,0.011323308215086402,0.022151053239363946,0.09101323398730499,0.025607623712820913,0.02433230700804145,0.06903211319390935,1.034126163391934e-05,0.23303938036333027,0.050833220130423316,0.007519726170680074,0.017150682647715354,0.24734816862009834,0.02149565955436765,0.019536360773976514
9977,0.18493003086756643,0.09670328457174343,0.02742503345939835,0.04817509484751607,0.34457856787080443,0.2257325985031904,0.06880801219556501,0.48949868902750476,0.060888794927434375,0.08121749677770466,0.010966465332214183,0.031151907251532454,0.2726969029022904,0.03211640111407215,0.03076801637325556,0.0746846379659317,0.0005511288311365471,0.28169261824718433,0.0649543147166459,0.01037505784441317,0.02043127067801005,0.284029439468029,0.023577795221454093,0.01946845151506161
9983,0.17162752025733086,0.22350884555082964,0.029654109463602897,0.03581376645495256,0.3847479592471018,0.12949193271359255,0.056099136099010065,0.32786014623196325,0.10303312537678819,0.14345291135591728,0.01039066057122623,0.02838049745233037,0.2076012637439335,0.029608076635272318,0.024234111336304848,0.10442207423313002,2.5378855618881745e-05,0.1455390561722271,0.09871546984381789,0.014514590905553394,0.019689632877800293,0.2274166277587964,0.024034685735903526,0.04332323286224158
9984,0.12587114622749646,0.09330129345528905,0.026034751204640796,0.04068055314758039,0.40611494188015934,0.19134384740165736,0.09713281269706625,0.4810518119478006,0.08543999018100217,0.06877219561556154,0.0109911947124604,0.025346447444083833,0.11671348610827152,0.029089674245331345,0.02387823263496866,0.08823391866107018,8.646462984359169e-05,0.15025850369508975,0.059746598523228646,0.013210956412134559,0.020446571557919273,0.26724829925684734,0.024860440113061558,0.018660182305947313
9986,0.12004854687858174,0.11646598232497046,0.04605983979827637,0.09416646025036007,0.4160303913403767,0.14318212872117694,0.024922177469459624,0.6087163521921483,0.061891377504418206,0.09026599477310185,0.05371206785224163,0.14197418573673848,0.11648156338358909,0.020092814234096385,0.05640444407978891,0.10229025590796752,0.01,0.4172529542458286,0.0547180704440802,0.013423093997188162,0.04804469980100706,0.2513785910726256,0.08136870316742259,0.05756777444691896
9993,0.2039359066349888,0.17975601833871493,0.04870575945348533,0.050850063366778935,0.3697300852798232,0.12406754355476567,0.05306158876879632,0.4909730398875089,0.07540843252369098,0.10622410043841596,0.035879859854749736,0.05693673649404109,0.08334916740896103,0.052227461623154926,0.0446768022597073,0.0935982710518991,0.00018018018018018018,0.2082172994169472,0.07688933144714125,0.00897383758943785,0.09372439372484807,0.1970922244463702,0.0292010864895868,0.04588346525251943
9998,0.17271595997947187,0.13106025252589432,0.02282739241959415,0.02757224075202617,0.38689475692645303,0.13653504949980289,0.023763490138631816,0.45133094829457465,0.061904752758419335,0.06678963248359797,0.01135805434653017,0.02586957111638522,0.1316442216303947,0.02592685785725716,0.02500774028711913,0.07266888185326133,0.0,0.22252987721670026,0.05569578056211826,0.008233433047826503,0.01546402077478306,0.23918122203505426,0.03950936071873788,0.01709910977566456
10002,0.16061211624706445,0.16634799914194912,0.02363962276917797,0.06222306152904737,0.34899623887898196,0.12948000418627809,0.029931661888688996,0.5402788420463581,0.0892571277056053,0.06719049124733069,0.011839892108998192,0.027017456412656324,0.09305052300758547,0.04070473133603838,0.023964630269617603,0.06183411568272229,0.0,0.17742495265460673,0.05900177392311424,0.004842193607437485,0.024461544783778953,0.20591585577800056,0.02581961261472959,0.03218861600812636
10003,0.2659529686125715,0.18490108561080068,0.022649207989279753,0.03185170500890236,0.32222790773702925,0.1351554225328201,0.09940256420616743,0.4682825730199156,0.06283687633849505,0.06933945291555205,0.013839235549554366,0.02998496186831307,0.15746773337224193,0.037274068769784466,0.024001668380866387,0.07851484326044895,0.0,0.1596546686449019,0.09233021911948691,0.006383462329230739,0.01944265096682301,0.22033238354099619,0.11929611763159569,0.02976679634349079
10009,0.13303462931249693,0.10258505865325743,0.021171780676479898,0.033775010831506976,0.35996054819065365,0.27422487397764395,0.009993378940826685,0.5220989481524874,0.06669810909318094,0.06549439196051648,0.01668697699210555,0.024732231690294995,0.0699961930381534,0.03428390783390776,0.024723427293668925,0.12697297651428469,0.0,0.21838183686998427,0.05954691975365564,0.004696533895264788,0.019835012305452898,0.33254656586698106,0.022281731071859698,0.018662099474051657
10011,0.13765983717654565,0.1647562090451907,0.03760989317321821,0.03694552629859448,0.3935949174805556,0.12494930098521544,0.01923322986321861,0.4632696541433789,0.07987985434132872,0.11734003763391007,0.010143195161737301,0.03788447499406509,0.13544109065094193,0.027970542751453532,0.02500670010003693,0.06284119478459499,0.00010168878322328892,0.24787437232715362,0.09164147698375054,0.006977231084524766,0.017898987430783907,0.21143215186605724,0.055698687820836056,0.08204548601720069
10013,0.1861627416901856,0.1357009980878111,0.031241622217742463,0.09540970489818675,0.36540702090909116,0.11860367771700477,0.10535575246923408,0.5132605399845042,0.16103916885237277,0.07138020214696895,0.011070082609355323,0.047432909873669084,0.1336204901412601,0.02826620908686152,0.024418020153004268,0.0637796115665833,0.00036144578313253013,0.19244564070393888,0.07162794994634815,0.023689614269125917,0.25262804495069985,0.21265767834651408,0.040555486999192876,0.04589861189174731
10015,0.12760275543065608,0.09320313568095002,0.023819376645948305,0.04025635316332027,0.4210013570360304,0.13169022491750595,0.049456869517714976,0.4735815348625841,0.0650535773555802,0.06477661678860565,0.010533265864842396,0.027922970081894878,0.09637909900042335,0.030022793960888517,0.026432682009566114,0.061064720197915985,0.00013205776919934567,0.15593017140585336,0.0619505330691272,0.01283493608151874,0.02084706235311624,0.19826144588213587,0.023644397372064127,0.018973115308040953
10016,0.11051518637277731,0.11630497695709836,0.022359845091549556,0.054444041228082954,0.30476953633074544,0.11695047547880652,0.08853368708605806,0.601128867000015,0.08857433679812997,0.06324191638120787,0.012147410640772276,0.04366223816091633,0.09198073702929856,0.03249662690841238,0.024563876803709497,0.06772765309550849,0.0002941176470588235,0.29194229227552543,0.05296013562229595,0.008037130210511917,0.02196562944646233,0.18375584360364997,0.02420446054414122,0.023391991971615456
10019,0.10970471505310421,0.14134930595760595,0.014721313907801223,0.06308178046931054,0.34418646528744823,0.3282903195198351,0.03767591939919793,0.6683214699015503,0.05975005519346682,0.0666281408721417,0.1616938983272275,0.021196277331732693,0.08271148435583095,0.04073379441054453,0.07108613679597377,0.1969926689053793,0.0,0.4890640861431514,0.05470712093199911,0.001118401310611373,0.03457376981372774,0.34016218268835624,0.029209067021874858,0.038638152079952214
10026,0.19464343697803319,0.10591348263297565,0.02214566116390965,0.040331636992942635,0.427072028150879,0.35351062768016045,0.021674390499202986,0.4739331110961866,0.07659850734927902,0.06745763907851252,0.011745437144880178,0.02152720087348652,0.17821273052503334,0.022655934418318324,0.024796612919364493,0.13119721959554115,4.1841004184100415e-05,0.22322346955994565,0.06974235777712728,0.06274208542217362,0.017372326999919946,0.44284275193061634,0.03029838337166106,0.016719145186789745
10033,0.13275837043390093,0.09032187142963936,0.024115749869840303,0.04058796838854398,0.3873529678879221,0.12814804560054235,0.12425317626945587,0.4383223687838372,0.06406561896015395,0.06453046500949279,0.01003925072746217,0.027826907721886764,0.09014964772099603,0.04369887980643771,0.03689071456471903,0.06074667470112271,0.0002966154322488544,0.14908807590903297,0.05861679206867515,0.0172855670249259,0.03076103897323132,0.1988009073101195,0.026782486154826635,0.01893369441518254
10036,0.13720005799021148,0.10372132628523989,0.021260506141291106,0.08372084985530169,0.431058866851387,0.18576219792175347,0.31115917267170284,0.37774514680211496,0.06352801054576403,0.06480324138728792,0.011964703739319089,0.033673342771001466,0.18273320341280375,0.04401546727874297,0.024181751445829503,0.09759363983630283,5.218226581801976e-05,0.1403683373803579,0.056723659137379825,0.005547317464764996,0.020498515198772566,0.31843513757113884,0.023967828744455882,0.017763391759427684
10040,0.1216802972900855,0.09536970731010128,0.028929550329141893,0.168930293246701,0.3767728127647673,0.1258869314493478,0.07846950712418051,0.5798582654691002,0.06932371623879054,0.06898290075939688,0.011067512768266835,0.057825110925590506,0.08719036055580431,0.2512172974161521,0.02455148735862496,0.061717784861436246,0.010632321544602247,0.1564237634693014,0.07959379791858807,0.043604967578615615,0.019899928447746743,0.20483122469236398,0.023251985695265126,0.019129647511098802
10043,0.19182891281168477,0.16687475436239554,0.031712888725129035,0.047047482142030424,0.346282861293522,0.2080939838473874,0.008412802317524927,0.4988268799829731,0.09244599622909051,0.07007336572772487,0.013057856993151526,0.044645079177444924,0.09792160851959741,0.025588692557884377,0.03574875394892803,0.09117896521818059,0.0,0.2426336576729178,0.07429798090688569,0.037894904774240054,0.01886831706314062,0.2331354297570525,0.0671471562821579,0.01837679559634273
10047,0.08887254448457206,0.11761953832310314,0.01771011469851823,0.033723337937043275,0.3526758313311321,0.12646262854843046,0.01114578547544928,0.5405502641848614,0.06307608460207464,0.08582959240892168,0.022788553156741255,0.05198159399467573,0.1440575845477939,0.03338299379743926,0.027862608817937742,0.09961474309385564,0.0,0.4714184287286796,0.058227572097750535,0.006657329086712362,0.02840852675101726,0.23410371682540693,0.025872278977001072,0.028339397925692008
10048,0.1056687214897381,0.08475856871133383,0.02476834292291163,0.052485311254785935,0.403507881755078,0.13182389321663326,0.03982214195352953,0.618733080657672,0.06525634104385448,0.06521572932782303,0.011010620415086502,0.028407503726514804,0.08300917063572921,0.031238115668452502,0.035419028782970124,0.06963817614009535,0.00681208914542248,0.2027927181590977,0.054418816751068674,0.007674913673393572,0.01854315754672779,0.20788523401410736,0.022151280503501247,0.01651052872318372
10049,0.10603863473065445,0.08031704492343232,0.02173129425903886,0.038999581359564196,0.4354222023165011,0.13285973198672263,0.07943337260392817,0.47668066444892027,0.06268174816170077,0.06392344841704543,0.01011737572746217,0.02771704388030765,0.08807961701680433,0.03397760923780041,0.024817219823723854,0.0605153425945579,0.0003839950991746224,0.20694904860558816,0.054096005964588995,0.01357294092770698,0.02130494279358165,0.20042543882039154,0.02298006499503432,0.017537250189116716
10055,0.21144648158160842,0.23190572387066527,0.034652336888740726,0.028424635390064634,0.27146750194000957,0.2070274955316718,0.016580580112444808,0.4467275194265218,0.11748379458821656,0.2572875334256312,0.014089025979346437,0.019092665403503004,0.2332072675474812,0.10505716120602505,0.03790058260604909,0.08288296158847139,0.0,0.22975345244105816,0.07976667729653897,0.002789381059283909,0.017220818872361394,0.30937713649846166,0.02812910689440687,0.025795543379384847
10059,0.2446562052478697,0.11126710130034238,0.03321021436933807,0.036374557237885005,0.39057364590787813,0.3466388977450143,0.036362286492849206,0.5403713678506263,0.11434393451233146,0.06507947450618279,0.03427667216317778,0.06856712161054443,0.10316687786568172,0.027335228154322308,0.025286168818249313,0.10954577580388877,0.0,0.16457478884266263,0.058547609857091946,0.012860665896226966,0.021820247373546205,0.2667164691852918,0.10964832569404842,0.06247830742305575
10060,0.12341604418561843,0.09615842487550692,0.021104883307080952,0.028867615087007907,0.3597359370344695,0.2810678650116987,0.010491767083435648,0.5278535975285886,0.08031871438544626,0.07917482701208853,0.013272701255782773,0.020551176046425774,0.13679602208383637,0.024737711803583754,0.02772589659497375,0.12238468717180835,1.034126163391934e-05,0.4066864287315903,0.05531418618578119,0.0058153722105866775,0.017542118160994005,0.3066196740238456,0.019765611939763877,0.018113191860208506
10070,0.16062874807276073,0.11069894543005283,0.023055091534116667,0.0383154976339931,0.3402422757229578,0.1266158733185145,0.019145873662505843,0.4765446946075825,0.07603850583031353,0.07923766455834466,0.011934332437804212,0.02545848684665028,0.10621488907945623,0.025674349107706586,0.024226542597020694,0.06247650350276535,3.766478342749529e-05,0.19661419779184583,0.06338067198943342,0.015176928787395539,0.020570069177726257,0.2238377520371608,0.029904326833261198,0.04011503021081449
10076,0.27660943011556516,0.12809580094586445,0.06899807730230295,0.023763942254507942,0.3323105753844752,0.30903569456133606,0.033573047088717195,0.5415859928501819,0.12876081572791365,0.0799826629162953,0.06258235757512162,0.021030414209273204,0.09672770440710812,0.03169368762775917,0.02447370469872504,0.1739395838757939,0.0,0.2371871099413813,0.10523101056360272,0.011058718698876336,0.05711493415828536,0.47173887746660226,0.04121402868448274,0.08156008285336597
10080,0.25592770891965566,0.09731786350539023,0.023593979129538267,0.035776779108200346,0.3016009283047899,0.17478342984339296,0.050239576730423494,0.45820574394711977,0.06468439042266462,0.06338725777656404,0.011554970713062966,0.026263625654835407,0.17916118703969933,0.02538963595222433,0.030109012031339474,0.10043740409526389,0.0,0.1583111728510105,0.05886738362142643,0.006580829839986448,0.021829902266884537,0.460707067241702,0.03311037756070084,0.02081792418189353
10082,0.3914529390966862,0.2370217005427796,0.020981810965429903,0.03266349230758994,0.29350692950600465,0.18973469193692716,0.027548520851457967,0.4126668336599856,0.06527379216272639,0.06690457272455053,0.014316680630362415,0.03618862233835999,0.17502657132860988,0.04219953532432832,0.023531452159134877,0.07628810588856583,1.034126163391934e-05,0.23496883834304,0.06635493185131634,0.004038200719899631,0.024039504680020765,0.44113753545130885,0.076815450460436,0.022694305131905065
10084,0.3066662807123601,0.16419629397644842,0.075748905180754,0.02306875771487896,0.4338241641389565,0.36004312468488464,0.028443541352275465,0.5008944470065484,0.1319510551132977,0.11012690433275006,0.014183750834890404,0.07215528232112942,0.17890803842175299,0.017338851935699597,0.03595227164291528,0.15470672496112672,0.0,0.30803253220937216,0.08391964070813854,0.012524713109098102,0.02919492148952931,0.437255113851907,0.0966673259106138,0.059240768206461264
10088,0.12136775028769468,0.08435885289342632,0.02322342963456263,0.05838775643184237,0.34396159652992936,0.12737573255528511,0.053852184427473165,0.49170637674711687,0.06456477084276119,0.06494691047778875,0.01003925072746217,0.029110446909381027,0.10237585225239598,0.03200593133916497,0.02656374969698879,0.07096756469258401,0.0010106227195216643,0.21637657775629954,0.05363552952846133,0.0129285095679112,0.0202316131759407,0.20624849925099678,0.022303406072062257,0.017904392642963344
10093,0.11955348381066548,0.11251370219756662,0.023531257742803097,0.0428587816529063,0.4073948828369152,0.12479448106758186,0.043698131627568776,0.5690632109803065,0.08060632850976113,0.06498777117995097,0.010525453760242252,0.027918591272998245,0.08809253738530684,0.02510191826064467,0.024512596718192434,0.06882468386253784,1.5037593984962407e-05,0.1917267565019017,0.07912569995358205,0.009109243954987271,0.020761544124668116,0.20118077587323044,0.047391651082082584,0.019891705312138054
10094,0.24303042793638593,0.19451771931377096,0.09712515034030753,0.08928279574113124,0.449429155125946,0.368087047167715,0.030544566833957818,0.5812660054511036,0.21093650400536654,0.23411337534139454,0.05642285777911016,0.02851362900690972,0.09431230163865802,0.04278165974256603,0.046223526604430666,0.23252823860691166,0.0,0.278387285225016,0.07899754371176802,0.0021607463494925276,0.04628209612022677,0.43063230935220326,0.08056086358326567,0.08904318274232591
10096,0.11862549284753734,0.10517005429205468,0.03593784790272326,0.03474992251091189,0.3909123784878342,0.17744066657469657,0.025757546447758056,0.5410906112330469,0.0697124799170326,0.06273920740723028,0.012239547636111434,0.04215044437546477,0.08357018788218108,0.024301851117221485,0.025149982951350985,0.0657548063187903,0.0,0.25304022947950383,0.054483562249940505,0.005676999788673119,0.020084128164796673,0.1883301445847446,0.04068065825195756,0.019142344722401835
10098,0.15334262485289007,0.20479448058178756,0.0191527993120996,0.02714415679173858,0.36516144129382266,0.14276402414841866,0.011544327701347985,0.4925534755385174,0.08608229696855477,0.0915314104365852,0.0120601029740626,0.024917347737065478,0.10819027849041309,0.034653244475693165,0.023689297750437793,0.16201976837414223,0.0,0.26813880508170207,0.08401399848537425,0.002109382446248358,0.019084347666924753,0.2829717742765271,0.02397567282194958,0.02759444088361823
10102,0.12794108693407552,0.08644368293008478,0.02318004031973394,0.054575231258710104,0.3693988241759627,0.1302501858935324,0.1398575597760019,0.480616855835335,0.06406561896015395,0.06522103430919253,0.011071198941948366,0.028364489460061496,0.12052756369625697,0.040522966345382806,0.024512596718192434,0.060613122321114495,0.0004695294028552935,0.1442206617780078,0.0580828631433325,0.015518678930674672,0.021603449429859922,0.21694229079007646,0.035468764102244796,0.018463091922385887
10107,0.19380220560344907,0.10854473651181479,0.02418710329549647,0.0370528718227432,0.38670115097965135,0.19038143065112872,0.055213485415531845,0.3832995801512849,0.06387896056105624,0.06391538133203137,0.009993748026047695,0.026199226515102356,0.11771348958908559,0.029539168621142853,0.024689155539431528,0.06304923809387336,2.5378855618881745e-05,0.14368250115805567,0.31953363901865656,0.012778528307315058,0.0349487570610909,0.2925586575843046,0.050955128973302496,0.018225021717782484
10108,0.15010378674550026,0.10217640387553757,0.02387353865332466,0.05648162322971847,0.3513763737271598,0.13807822690725913,0.04537750164985642,0.5594259356584622,0.06468097320661938,0.06757462795695275,0.010457423181820516,0.02957461498913422,0.09391047820918111,0.029290858392698637,0.025734093474010393,0.08185367700233749,0.0,0.1674283357516606,0.058441271424077616,0.006261598912451351,0.02020612095651537,0.21474955769950704,0.027120635748672246,0.03477698432045977
10112,0.22482153997743023,0.11002929795416164,0.022085746218811698,0.0719372133931383,0.30242253117617285,0.34395613341120085,0.14863071497485528,0.5095725657876948,0.0587031782584858,0.06714984442715945,0.033714885434062446,0.027667384346356436,0.09106772631164052,0.024944587947822096,0.023674925623248813,0.17042411591888676,4.1841004184100415e-05,0.14630431980898986,0.06273708747261622,0.004437618347984078,0.019059537517529073,0.39037583790386216,0.025136195616676873,0.021303383127837288
10116,0.11535472172022274,0.11683433897578796,0.026808149813069008,0.04468356765727467,0.2780207305884683,0.21798169878793286,0.017713488306098854,0.6656378829316548,0.07026808060641496,0.06219566937761956,0.04676402464933572,0.029494031454556046,0.09798617381769822,0.02289392689082563,0.026060767447270552,0.16760178187455227,0.0,0.29754261998070514,0.05864903928908921,0.006565555532975683,0.02931141001157678,0.3273399129812755,0.06127415471298908,0.019797183608476387
10122,0.12867215336110205,0.10578502660111826,0.023353117587003154,0.03355899338524057,0.4357569627255937,0.12791611063007186,0.08871740266934833,0.47610134156591805,0.06498138295778215,0.06384320968108914,0.010469726320551978,0.025722353570013148,0.09391024622983962,0.0338732506780016,0.024512596718192434,0.06052535247925379,2.5378855618881745e-05,0.1963856132338085,0.06090040845676634,0.015225243140638112,0.02086024478732764,0.20104043599054006,0.024045930509366292,0.01874772122572809
10123,0.2211661592537778,0.1480234165946647,0.023905890198195456,0.038753744373022314,0.36900801810201983,0.13264026945796942,0.0646867180728315,0.45072964781237845,0.06412124997009583,0.09021676694759323,0.010876130138038903,0.026173111369707486,0.11144575137218976,0.02923363927454601,0.024512596718192434,0.06074667470112271,0.00016156714321325163,0.15337739447777063,0.06150394321983971,0.014948235270529192,0.020684624619616863,0.21518945214942606,0.028144899146354988,0.019391802375402032
10128,0.2941201495579421,0.11653479613729703,0.022620890562924937,0.03082521772409181,0.2839388915978603,0.30616224660867253,0.006324491594452043,0.5246091270924791,0.0596896478981951,0.08587376498074673,0.015160393919905646,0.03253440518341551,0.11707679826683277,0.019796745407605332,0.02784239253866077,0.14344127537664697,0.0,0.22150099144151342,0.07825576780744252,0.0015527121796230297,0.025713631627589,0.44465066014594146,0.03689310625837243,0.018718959742212243
10130,0.13173788321632218,0.09295427844767142,0.023849853916083078,0.038860413064482464,0.3562644638260295,0.13893210251384544,0.13704865034041644,0.46318255568647876,0.06221796903680686,0.0645570421030463,0.012174185298180887,0.029422783157222233,0.12679856408252713,0.032146984154150106,0.02466594643933968,0.06288753196206795,0.0003121774464147087,0.14528883945019508,0.05930543557064747,0.016737930570184693,0.021047739552594143,0.2658208975432255,0.029159127767787306,0.019645738396461287
10133,0.28076879005282884,0.15443670946770177,0.03124032753389315,0.032349181863886564,0.29236349205499157,0.41496305350792895,0.10586940407222376,0.5347232728365038,0.10962223454790644,0.0966877937543276,0.038064041877854234,0.07340523800114838,0.08275354327924093,0.03466701144087606,0.026555350516181676,0.07009760464076036,0.0,0.21550779422651758,0.07516055881304219,0.005503073683955746,0.023716798873915212,0.31272636113147734,0.10331164806577052,0.01900928137951036
10134,0.1714686523942987,0.13368730078539723,0.025432206874947186,0.028741072670135277,0.38850356027715327,0.15448876957987628,0.01951760131311895,0.44980525981853925,0.09617368541143893,0.0736055871689053,0.03594331600160921,0.03972385769417018,0.16107445422153752,0.02255860469746071,0.02533965501449865,0.08907866966050676,0.0,0.21510966663650374,0.06399507418306845,0.007599671354538556,0.03318284834846765,0.24928550596770246,0.06411725634543734,0.04772944225178202
10136,0.1791551004760551,0.10060534765249315,0.03931144382200213,0.018696978489134437,0.4789377253805119,0.23156220271192549,0.01965629891138932,0.41204706738816393,0.08195322186619253,0.1357683997164164,0.022216233102191937,0.021341885209414217,0.1493910268431176,0.028428854818065584,0.058533364135859224,0.0868392489334254,0.0,0.2591927884887285,0.06255920510103703,0.00589593504843953,0.027378860256825285,0.3345994221410438,0.03319648585412597,0.030899029705257475
10137,0.17606408901983964,0.24919456772295093,0.04089958035213279,0.03899193766250833,0.33538278420706275,0.12895257209019517,0.19787993356582032,0.42303829566288875,0.07903809384308709,0.11054196744197055,0.010464924710157926,0.044582426532868015,0.10646373618065132,0.05258014861993043,0.02702474262534255,0.18018480496503003,4.1841004184100415e-05,0.1756715180333546,0.21574097076359702,0.0019914327194771324,0.021257247698548296,0.28299474305582994,0.023807157254799,0.018930694557376206
10140,0.3149963933676653,0.4712057679314586,0.1578075609531335,0.050394202592342445,0.4224528730822063,0.1570347624337786,0.007073881808683727,0.4474829221372337,0.2763497230836466,0.3747514406396483,0.011689767995367502,0.06460429217775192,0.18898862224086455,0.02804148768632899,0.026761426588827172,0.09180923851778536,0.0,0.23467566891149047,0.13138263140545298,0.0017487123693582529,0.058643361124277094,0.22893323501266405,0.07217487996668659,0.09897019096093138
10142,0.18279136149293776,0.1960010619263442,0.022653006501244483,0.03706396215517106,0.4196213234265771,0.16945544639406215,0.06307901215640377,0.45329814070629604,0.06485510705997834,0.07009130603207922,0.010649637147404389,0.02995785081173455,0.09612785838102089,0.028401235219160114,0.024512596718192434,0.060919395015807364,7.938468573460422e-05,0.1507793490258492,0.06456245681017607,0.00990867783210948,0.02115968275746814,0.21111732672915406,0.025703173643562956,0.020243886778761454
10147,0.09328095737935913,0.14392340155895034,0.02871126582673283,0.05126415833840477,0.4315866475267331,0.12646543673375882,0.028372733737175727,0.5921281640085021,0.08091322494144781,0.10190013884717745,0.015413740548815691,0.034259666161224264,0.16705202938017233,0.025748698495736945,0.03334110195782703,0.08103534208129295,0.0,0.49858443577621414,0.07187421168152602,0.015013876061978943,0.016072851947192542,0.2122025485938282,0.0198248544617736,0.018567108678978893
10150,0.15748947336401198,0.11175198986177481,0.024894999166853674,0.02950773741102402,0.3477732837981543,0.14567593303088022,0.03675865229129422,0.43201416700142486,0.07553152385341325,0.07983682959953646,0.010456823762229069,0.023998898121729083,0.15645285765051128,0.02435126203423594,0.024377478814181064,0.1437793541003719,0.0,0.1877299837335113,0.0769173644089622,0.005852091759033365,0.019996355853179115,0.29955593590716234,0.023156751739815087,0.018738279873771194
10156,0.1424427251707251,0.10108005319592527,0.02571868365770136,0.043517550808639796,0.3855273788659225,0.23851863713467725,0.03356995974362361,0.5317027624574743,0.08805941407906787,0.07519995610612995,0.02938044476638497,0.02512162952183964,0.09623349416593081,0.024691207673253564,0.027814287613445145,0.14939319771579976,4.1841004184100415e-05,0.23445467744830528,0.08423048094636364,0.0049473806479752806,0.019820742326627495,0.3644169065112277,0.026827910865448362,0.01854238834334679
10160,0.17122855152065303,0.15626154064350867,0.025373342468287662,0.028741770256642415,0.43009450051469567,0.12583146601981282,0.025910694678883094,0.43674170614626834,0.06613119061885105,0.11342083061510264,0.010358325721964656,0.02457199474385772,0.11343220574810202,0.02591217307439163,0.026053584928815012,0.08251708115714186,0.0,0.1630745237404961,0.06619447069714977,0.005367409975111231,0.0184237577445491,0.22585240239318286,0.03928784751916417,0.018704415043637578
10161,0.14809821552449504,0.10742187827501154,0.022974375506304438,0.04277473798217523,0.3616386786234655,0.14590112824750576,0.11559890865237744,0.49310884450115006,0.06250975096133288,0.06578765223080811,0.009785435613447052,0.02762995488500836,0.09313065254663329,0.03037751735746895,0.02487401747676697,0.06931404848097522,7.135037819800639e-05,0.16068205533760246,0.06709873544507704,0.008747415612488095,0.02048701518601081,0.21860128308874507,0.024903083014134415,0.019763700679607702
10163,0.2116423252094347,0.3320884722032977,0.06659175142944794,0.027511464314290347,0.3673693733180115,0.12252893540038849,0.04303330485204475,0.24548412582583437,0.11434630971071727,0.24187232464330222,0.012041227500334475,0.03847362364209563,0.2345400279141658,0.0227220122863019,0.034020445533928,0.0955074717136358,0.0,0.1584148946984745,0.317115812446397,0.003981393636402418,0.02002158337540545,0.21839040733701243,0.027056177397209603,0.019951350977563446
10167,0.16165974795177734,0.08828754058770727,0.024059390844352574,0.04366881774982806,0.3844948645703088,0.14534505362976613,0.13257339698665402,0.5057155596223825,0.06406561896015395,0.06516740044115847,0.01003925072746217,0.02636866018326591,0.08120423679470093,0.03616051449854624,0.024512596718192434,0.06074667470112271,0.00012305280800534656,0.14915857679814537,0.05861679206867515,0.015433200197981672,0.020922351980250404,0.20299073297088724,0.023740726856336557,0.018855626668026114
10170,0.13018886465731835,0.09389691615080334,0.01736663839559152,0.03976457260616894,0.4549324904749006,0.12569445383222835,0.01041232593476407,0.6056324549826357,0.09780690787882346,0.06342170397252325,0.012179250136821277,0.018638349898792133,0.09711630540217625,0.031120378960239066,0.02742323816116131,0.08105597993644141,0.0,0.45411224034590175,0.06121883741179313,0.01249513055415027,0.018962000513817155,0.19435679411171589,0.028258193269436172,0.01765312476928155
10173,0.1533507343845609,0.113811087745038,0.03390346523764416,0.0578803410147716,0.38347509375334426,0.13108046378651017,0.224281320777452,0.4848561142207567,0.06584663450743079,0.06802743885883773,0.010581788533053004,0.032638066878546416,0.10041554124456199,0.035401466163268266,0.025268644350358457,0.07688022901578204,0.0002857142857142857,0.16239111441851137,0.08346982879621866,0.008737999481198293,0.03550014546326396,0.21761490077686335,0.059730002036651735,0.04735861148331733
10174,0.29124696820178697,0.1569858768548668,0.09105230326942397,0.10461115407746784,0.35393145787894326,0.25512855217529373,0.08303904301411016,0.44385552753272456,0.1210543854308787,0.1335872474051926,0.024622199744688093,0.04732293018941352,0.15846826315350346,0.040841153681091855,0.03748776407888027,0.0842978597290202,0.0,0.17863419549057288,0.24329777446105005,0.006082677463509837,0.12758971634319502,0.2980535839183206,0.16674905040128077,0.04282147510050667
10175,0.13573897281778854,0.09015728052617465,0.024627953637042278,0.03884170564729431,0.37860397976155463,0.23208052332789006,0.09517481307313405,0.45891791574324975,0.06059456274745787,0.06453046500949279,0.02235142693829435,0.025660541821088897,0.09546565638958514,0.04054996684079562,0.024243882706676118,0.09224623213382607,7.938468573460422e-05,0.14518750650022588,0.061593152395975716,0.013900147745465363,0.0203232738646324,0.2926295961822774,0.023200314141014585,0.018053699233766277
10176,0.10102795103944429,0.10050021322044503,0.03409478168897739,0.0345002057512232,0.3465664557573953,0.12493252978301556,0.05407039245478217,0.507113452375742,0.06503348135937305,0.07820176614305209,0.011294871843791021,0.02509381700235689,0.24004296009334256,0.03875239914482815,0.025096373111211018,0.11841905272881913,0.0,0.20834847885590943,0.059756208625493905,0.007746575449466505,0.016273950288069876,0.239051827597117,0.020894868928428987,0.018837217535737572
10178,0.15614686058450888,0.10486252148656354,0.023145238007817443,0.037307710462313744,0.32533500991860215,0.16905053790058705,0.04313625907771756,0.4894036202603865,0.06406425312289345,0.09267334417082292,0.010675942971980452,0.026107691019592913,0.12972879061661652,0.026784305323689493,0.024884701386268335,0.08281018488561807,4.800604506141463e-05,0.189356975863293,0.06790297551410349,0.007018823629076965,0.02072772754712349,0.2411029196243524,0.0235594097134585,0.025165226683499284
10179,0.15299921897450355,0.12876675609870047,0.02491337131083209,0.0570584194133153,0.3806870531856215,0.12073710405574914,0.05722602738136433,0.471437785227948,0.07213586411686429,0.08230223578327964,0.011359015585764996,0.02763865638942498,0.12398359521913856,0.03766811938977674,0.026134016806040154,0.06561923064682416,0.0010382763552517075,0.1477630276384605,0.06246325140744355,0.005498378057924052,0.08602069639782112,0.21264623914158598,0.024464240521964914,0.019380416253246675
10185,0.14155598177905265,0.13170038972593215,0.025604664245515617,0.03452758478244868,0.34407318318462016,0.12308314438691131,0.1389662848365568,0.47540492808375345,0.12024337186735845,0.06650389477999387,0.010492173130563021,0.04873451277046091,0.08693656425411506,0.0469650796471615,0.045850644022671895,0.0817376020149942,0.0,0.2589184178669885,0.2914387502994184,0.0055718483676314885,0.034334256607939845,0.16372697888141197,0.17158602496999042,0.021731642977461007
10188,0.3166138542132484,0.15232162585795495,0.03334899510774695,0.03439432121899171,0.3839276657441312,0.17152085893515637,0.09184686022852452,0.46928581195161523,0.06489697745804886,0.07121673264399632,0.01319876171036043,0.026471187553786225,0.09337229714475752,0.02878546853121206,0.025332761198662207,0.06317985349683958,1.5037593984962407e-05,0.2224883045997823,0.11184677322663428,0.011025114022238339,0.02090270132866429,0.40465774178358016,0.05320690182225779,0.03071278656858825
10189,0.17987078018867517,0.10727105315836884,0.021045517984823906,0.035749312486578415,0.34700204791326605,0.22366040339390542,0.013221761052638576,0.4987583868805144,0.06055163497707638,0.06480484011243305,0.013904331027787577,0.027214023425104483,0.09078387441929277,0.023681840049562787,0.02418853430868166,0.07894820914127272,0.0,0.14881921901096765,0.06137080821668154,0.016417018550461637,0.01998144466522923,0.33370363925979535,0.028678980684972936,0.03171017817614354
10191,0.15236688545706406,0.09988143435831173,0.02091731716242444,0.033569404778387595,0.3626869861106503,0.20361557140684652,0.03026005706332345,0.6068569083952018,0.06186292300194686,0.06327096234667644,0.011601021983255903,0.02369945075694496,0.0863845051419051,0.02591676399144278,0.024825279772532,0.07229631103929667,0.0,0.21212570974863756,0.05793127277354974,0.005131490427205351,0.01799795292599261,0.23834775130410515,0.02423586578626566,0.017462321294465025
10202,0.10582857632488012,0.09653584445247533,0.025525943797633954,0.04748289924351833,0.345485811769337,0.11707697057162017,0.08060096820213085,0.5694360023133286,0.08039322629917224,0.06646124092654969,0.010895445518103529,0.027016836923571777,0.09698774197043127,0.029240354705862965,0.03206898927286798,0.07020382666635518,0.0,0.3755241942880217,0.2030929471375352,0.01608903195686802,0.016996721046884575,0.17291604513027134,0.023918530788458056,0.05942651252554475
10209,0.13359438877722624,0.10321283140887307,0.04446542646019874,0.04473977909931101,0.3797400235499969,0.1387577881351066,0.1825191792484009,0.47209146098798066,0.06927212585820698,0.10656334671514932,0.015303488864485945,0.04202315523680016,0.14873814546720346,0.05175603019258314,0.023664053589540542,0.08095386357284577,0.010558538889182002,0.15398658647015864,0.06488595326939715,0.007980885796055706,0.0800288102818584,0.1980663958375591,0.040621501276131705,0.08014113128762729
10213,0.21470589011305663,0.15130879534664407,0.024632589262334137,0.04093287013493419,0.33869018340213997,0.1368400621314522,0.05436833169469457,0.411989500823645,0.06559503881198196,0.10200033043475829,0.010310211083992698,0.028924984469533222,0.12942798044313197,0.03891343142746298,0.02709813477767438,0.06662024073421062,2.188183807439825e-05,0.15625668675214938,0.45730560232516815,0.013068282169020267,0.02146988395860175,0.2298971803580868,0.05957633190577303,0.02207036577277691
10217,0.16353411361151532,0.09136871128783952,0.021627363185041257,0.035072606424923804,0.4736104666291826,0.13073110417579367,0.058012279148951726,0.5110085132625213,0.06761238172501241,0.07317144862650239,0.011199403854147957,0.02557847680305424,0.08374326863840174,0.049881059844404475,0.026890714564719045,0.0659832214223394,3.766478342749529e-05,0.16300076387649948,0.06021216555405706,0.009709089732849053,0.022693631408762144,0.20537926768349454,0.023870334800755465,0.019103617333982355
10221,0.1046926130017908,0.08191345050697085,0.01812612245292074,0.03717166117028234,0.39458130607814484,0.1367792701349177,0.04213988994787969,0.5766902424370008,0.07453552438005825,0.06243578875685709,0.013081456810936178,0.022388807870404964,0.09126648777594154,0.03440507092370836,0.02950665407163656,0.07373754518001538,0.0,0.3192295899192397,0.05367934818468563,0.0032579379573068608,0.01706598635473658,0.21245860512780468,0.03090071461116715,0.01597846738035056
10227,0.14330675626834263,0.15329731447497502,0.03132350299232975,0.02964354101990964,0.3367446228469984,0.1208863775358483,0.009647651815225488,0.5894291337642976,0.06421608904355267,0.0653931689719113,0.011752341749944197,0.02342495648223914,0.17961375339402333,0.03857300408630644,0.031218359840808986,0.07744866364615893,0.0,0.38286607967136893,0.13559549164343498,0.03728426115084647,0.018075378916749766,0.2280503668080831,0.025533632351519942,0.019301829518133452
10229,0.14405624339648046,0.11120108228209387,0.02053617188711017,0.061824197952984494,0.345247353621931,0.13100758628341558,0.06907161794060868,0.5569976310529803,0.07969942835726827,0.06854446418534782,0.021755223766963695,0.03492854103932401,0.08120960050790642,0.0294298046919091,0.02483224317214426,0.0747629162658066,0.0,0.16997746512246006,0.06589917034757525,0.004946339932352775,0.020036741692919927,0.20779931295696893,0.022837250884589842,0.02785747263317803
10230,0.13053790604881838,0.09017138873637394,0.023330175209734887,0.03800913730600712,0.47124889433834677,0.1288435442562663,0.04857761604563689,0.4676262958038919,0.0633811745157095,0.06538272010001596,0.010537114443259742,0.026527434352134466,0.09058779881905764,0.0307975629555027,0.045319063400405195,0.06093452017730744,9.78813567821129e-05,0.14849087181921164,0.05888860551780309,0.010186581806790435,0.020701251694540904,0.2012903223417914,0.02397326725662645,0.019103617333982355
10231,0.1342510745502955,0.09355709972172324,0.023714611876274386,0.03485708862833266,0.3876981385646319,0.12651533847454538,0.06284772085390852,0.4380322019513482,0.06417326453884613,0.06374866892769536,0.010166439497140689,0.0266731112444736,0.09025204734805872,0.029141634153373955,0.024228265199741132,0.060946853810050675,2.5378855618881745e-05,0.1583375945295066,0.061892742613652185,0.01278554953366434,0.05036517381843295,0.20216092957222698,0.024895707335831508,0.018679284256983286
10233,0.12070146193907881,0.08946914081486217,0.022376112459027823,0.043255581659237964,0.38029061955092575,0.174360435164,0.028841277017903275,0.5040620698911951,0.06268513679852662,0.06438317639395372,0.011371162892065235,0.025661748054938874,0.10701454685538712,0.029155287881475686,0.02543571721247861,0.07174770818183086,1.034126163391934e-05,0.3061986225590329,0.04739495254802605,0.006800934920889405,0.021397759566297823,0.22556693889713325,0.022097228075957896,0.022183510902355204
10234,0.12038671369558554,0.08862754254875657,0.023868912081407446,0.04533968893403711,0.38462651125828784,0.12447005707826023,0.06501063525325962,0.5201320044425723,0.06423698963312122,0.07042578976732312,0.010296831124166572,0.026825716495406892,0.09492441898134997,0.030913423475603472,0.024512596718192434,0.06074667470112271,0.00015116999485938808,0.19190186633215128,0.055973344702747896,0.013659444642270015,0.020601712880297423,0.19842854743553173,0.02348731931013721,0.019558548446638357
10237,0.2726674099465428,0.2822490310737298,0.03938279386810909,0.03898120048712442,0.3917727324872304,0.12448033660268731,0.02676425880423479,0.36217499077531845,0.07790893388776284,0.08770915190868907,0.011546879709844032,0.029315145369218813,0.22502474668588796,0.022470927452033794,0.030345228702770476,0.08173206022940588,0.0,0.17474484844729563,0.40247594143212884,0.008192061803425745,0.021454401403508638,0.26690645526051654,0.04414147840319087,0.0413671422498536
10238,0.10509151587976533,0.08032495511986287,0.01909116401177696,0.05031462295985246,0.39142840952332825,0.12856087127326166,0.0629610548188151,0.6530719984838291,0.0618009133531173,0.06762264281009639,0.013781399841839374,0.02738112455978233,0.07615400266645107,0.027259597098512847,0.0638323513627972,0.06089794246497085,0.0,0.3008440916821189,0.054323723706572916,0.00403303981038597,0.01723404806753452,0.22078355380914455,0.019604216189687416,0.017386132010193404
10241,0.16648057360504287,0.1148990402333664,0.018181766351503394,0.11024927221813899,0.35087745107456103,0.14550173305456154,0.0939137387113125,0.5910472351292304,0.05990684198281311,0.06214345745575723,0.022034698135240033,0.10393390743761145,0.12206845709377574,0.04232380248254574,0.09656561561768803,0.10725648375070375,0.0,0.251750023462984,0.11841757347036205,0.022711328585779914,0.034438145786135244,0.2053473883693022,0.28995856158901145,0.02870396016622827
10243,0.22594995135261609,0.15507302374340118,0.025281225097989267,0.027769079543317372,0.3306319999111318,0.1835471395972236,0.02272519079618752,0.35157689371147427,0.11367985377654709,0.14618469228738834,0.019012530729078787,0.026145957432818574,0.16659718336141008,0.025976162381892407,0.02523457016635476,0.17275360523773053,0.0,0.17472937813324396,0.07518345959427157,0.007633304667139588,0.017722296890623275,0.32442811512129355,0.029080166066077197,0.031227128748734193
10247,0.1980341253455122,0.09518400229147819,0.02007576504116816,0.030920656008330372,0.35182727837068156,0.2982538737531793,0.0640262062535162,0.5075768671919701,0.054755151886389804,0.06808794028283502,0.018259693863584905,0.02864529735483078,0.08781416604045271,0.034079312571291105,0.023767341476504077,0.11981299840753781,0.0,0.22984855082869968,0.05670469114505032,0.0015602164080160557,0.016622364424646357,0.34910574609222134,0.05264365444400482,0.018069041084897684
10248,0.20803534048259498,0.1635793451014736,0.03858665101309987,0.04222466460376155,0.4987192618259764,0.17313684763625747,0.06541824881940406,0.4547937401120575,0.15499402342914698,0.08541819431135148,0.012393342808584418,0.028278355399648826,0.1414841633691009,0.099979066847356,0.041290617967747745,0.14564798913296156,0.01,0.23584117990782658,0.06847529553127385,0.004626268784645781,0.029313661328664812,0.24277809974310371,0.023782136656331634,0.039946614414698406
10252,0.13406064684070254,0.11073747770941879,0.02550938661660611,0.035239502078715866,0.4303738658273452,0.1451862840270101,0.029409117129430527,0.48507591812446516,0.07378329149550128,0.06488852463681083,0.03073144379987661,0.02562414165153915,0.08538612227128589,0.02989883467039645,0.025056210683741278,0.06652233700270853,3.6023504166874594e-05,0.15974645069475787,0.05721739908949284,0.010405812805059473,0.01855409385489549,0.19648745015618022,0.022788588173585013,0.019176801235956192
10253,0.1269614213302855,0.10203261166381818,0.02287736890896515,0.035484249945435226,0.39535042461247416,0.13148933462658197,0.025648269398589663,0.5311203146187015,0.06321966807759227,0.06428990487057272,0.011404334750926472,0.02536094763891664,0.08080605298342836,0.026613557862880204,0.025186319961724907,0.06034696353342147,1.034126163391934e-05,0.1583355459517585,0.06115019670280982,0.011870609373795719,0.02201952218669866,0.21511374793621701,0.0245513016464,0.01869983781104533
10256,0.22080408513979158,0.10083822230046213,0.025896778114631223,0.02213314521447689,0.4341729434458235,0.2274714995342272,0.016588186708797876,0.5560416259454116,0.08743352760391992,0.09937259604453401,0.035958113615559395,0.018627087699397353,0.15253998043832334,0.02815773233623675,0.03613617594048434,0.1294933535507994,0.0,0.33955344607668464,0.0777105898197998,0.0014532376272992445,0.04083341753963503,0.3458904853376159,0.021112526689651783,0.03189837065049999
10257,0.23043025958205046,0.20506127183586131,0.05188473475365118,0.028837791162137597,0.37470480636179837,0.21603983087887615,0.008232310376502539,0.4576102161640715,0.11390884611929933,0.14113521526920927,0.012682482137786315,0.03839607701723306,0.10671572240325404,0.021899992593793178,0.03586300483248879,0.13353292324469448,0.0,0.19859544856364908,0.12935730264266415,0.021043941563617587,0.03216771664967521,0.30254310005868,0.02970721054481806,0.02759447611947885
10261,0.13582540091409595,0.09564678636209793,0.023457041882746194,0.04104739176653054,0.38804724200993024,0.12943132679824843,0.0965058844265567,0.47964542695709494,0.07233995076547071,0.0644694858640298,0.010320572119152802,0.025626686543002104,0.0991796516550127,0.2630688090149469,0.025369715176950757,0.061340896346604216,1.5037593984962407e-05,0.16270806339138147,0.06579019436090983,0.016061696230841575,0.04138592241038614,0.19319742830362238,0.02376920319656909,0.018798789258074596
10262,0.2612845346235635,0.11782667234793807,0.02385162701124892,0.02898089482671338,0.4053618010167774,0.38457583035127413,0.014193922361668422,0.48296417063634295,0.07673698890470183,0.0677389497166227,0.032210539346040234,0.025331213859119385,0.10458555389575723,0.03430437235064751,0.0412541397737217,0.07439613509305816,0.0,0.18207820626955853,0.08485941548620826,0.00376023670972443,0.022425807393479488,0.38376858675974423,0.02896700066170861,0.02669290036220928
10266,0.1303888524204076,0.09911340782296431,0.0232409511048461,0.034209156702118694,0.33514894183350014,0.22602164833660407,0.01201326599186319,0.5680875473644595,0.11867910009146629,0.06592912602402522,0.03079487148108743,0.0230931419976032,0.09680952460002207,0.022388572640619525,0.026638987537377735,0.11149189512682459,0.0,0.28818085394514414,0.05599363840463572,0.021099460313884943,0.01926600452217709,0.31829987424839895,0.023670426519206447,0.020993012417169995
10267,0.12574185115038922,0.08680378172266606,0.02309215300433668,0.040100114074870116,0.38216406616800386,0.12814804560054235,0.07660645429694163,0.45382171502625324,0.06406561896015395,0.06453046500949279,0.01003925072746217,0.026954469453282094,0.10095705471369118,0.03534317426199283,0.024512596718192434,0.06127754285986896,0.0002089727628238138,0.1720903620284165,0.05674395765128213,0.013293440964428192,0.019649081976698683,0.2012903223417914,0.023752900205438184,0.01829489439162326
10273,0.14407568028368237,0.09252283834173429,0.029544258767653236,0.08767220774201753,0.43618961385269855,0.21864134857457407,0.007650335654174262,0.556074504827754,0.11634949486652943,0.08227827046966668,0.013085150393133358,0.029707693135667144,0.0961794005291315,0.11477424417895758,0.028389425856707905,0.06890027154828453,0.0,0.20448955446681683,0.06180349354510037,0.001944930349408936,0.06627722259991159,0.213118527078728,0.030449344335553984,0.07490198029669329
10279,0.12124030910290212,0.08764378614431143,0.03377665057929304,0.048513225190767395,0.47670026131133786,0.12411403703896384,0.08691699269639809,0.6147126647906603,0.0678113149660562,0.0639602753075788,0.012378274303160363,0.03625571573873977,0.08693440452229885,0.02655269100603487,0.025246241937672793,0.06046141716382989,6.434709174964182e-05,0.2084864942406338,0.05611555589138895,0.010035111351584674,0.02135494944980386,0.17541064884754676,0.023281753367355086,0.020922477917451398
10282,0.14403157376886486,0.09839874490928334,0.023269531311225163,0.036324248355011246,0.3698891149960017,0.1947383818651935,0.056366633799883756,0.4404767739753618,0.06487455636827813,0.06453046500949279,0.012600204725522963,0.02634021290679134,0.09106591121659248,0.028742697901532197,0.024512596718192434,0.07293750281010285,4.800604506141463e-05,0.16806363747854888,0.05674395765128213,0.011778580602211312,0.018594358457082277,0.20833780787977801,0.023518205876558715,0.09828698799135013
10284,0.16448488792953586,0.15225958389523694,0.03559840574432567,0.05231561677375427,0.314423297422545,0.18043099297991,0.0755065396909732,0.33868449866911393,0.09648402419688029,0.1613063399654956,0.011112887448972035,0.02755968471539028,0.2820382867123121,0.030363587705398508,0.024677712697563182,0.12950867924540233,0.01,0.16461530667053098,0.06716263866967843,0.02601783693123789,0.017897031274322118,0.37313669376556274,0.04247909302674939,0.019174533477063393
10285,0.2581255038066491,0.2031246426180744,0.02312916422984363,0.03431576190935731,0.3215650749753899,0.1298126695231007,0.02759525313077786,0.5738739546218844,0.07455075873689053,0.0710821538838666,0.021414232359205414,0.056760232730590186,0.07096784876657872,0.023945124197299165,0.025317979778181524,0.07114691044393205,0.0,0.20748954191290608,0.06180156167189035,0.0026822858318233424,0.028676848446797167,0.28060645087649944,0.11385121667853473,0.02096126096163546
10286,0.122553799876761,0.1792071940721034,0.02129096794758244,0.09588699665217394,0.3502788807839531,0.1346491858384948,0.010370857733942853,0.6341355496283301,0.07680250307380168,0.1056433606634306,0.013383789918940766,0.11777348948427617,0.07909240706163477,0.028486859248379695,0.050065812692970536,0.10585032218319901,0.0,0.49127629605357725,0.052420774900780544,0.001424597775609566,0.029724683099959178,0.21558075239657376,0.24693325269522037,0.01610093844636289
10288,0.2167112788802796,0.21162854815006452,0.060095128259777836,0.0335104453539397,0.3184094859306149,0.1570048540728046,0.041950518089336,0.43317288145465066,0.1549600880955045,0.24217045581746574,0.01270407209062899,0.09222681426665302,0.2990940582697385,0.02095176872039867,0.02471029042650032,0.0767849255433112,0.0,0.23750028324229885,0.20183450180816884,0.019348561172750033,0.022789980780518405,0.28281681484932936,0.09533037929237972,0.0778527320023138
10294,0.12068177845219749,0.1026143571655518,0.02275694051858425,0.04016582630819055,0.39703005286047754,0.1237488552666786,0.06024255202973829,0.5346040261607325,0.06568191350747028,0.07348319505105555,0.011548228264511982,0.026939747075191076,0.085340633048103,0.031088434840183265,0.03984009868153791,0.06148622152871286,5.621282126694686e-05,0.3581885978382839,0.0660412178844694,0.010052938445357778,0.023462894304009385,0.17141970729417216,0.023322010183110028,0.01858110300690575
10295,0.1655275928356914,0.1015102392372529,0.02179213235589069,0.04710316156122325,0.38433524011169146,0.394952076503133,0.10086542703517595,0.47417252539925797,0.07106287604880121,0.06671446790109585,0.011460805666221683,0.027066067438493865,0.09725700080157221,0.030822007055404547,0.024296788085847135,0.07414729967335937,6.434709174964182e-05,0.1823851651066227,0.06391909391693686,0.009334381295490581,0.01902756057527419,0.29971146998723147,0.025177567957464064,0.019116383731730965
10297,0.26637600150564006,0.2914854257064689,0.03218908922807839,0.03499279593440111,0.4472130710472673,0.18879240323076155,0.019656461621940017,0.3741271639119995,0.2113784545332147,0.22974131141791726,0.023097857885375057,0.030554492578403862,0.17449348375961318,0.02285226894580553,0.024541291637740326,0.13677678823909914,0.01,0.22343098997688757,0.1434663188211171,0.00979194441900945,0.017225864161061172,0.2993905123982901,0.09388086253305625,0.01784254866128101
10303,0.19257218578473928,0.1240400186640135,0.02459844050110798,0.0351392465740587,0.40998343675315885,0.30092775408740385,0.11324852503904913,0.4122882031138743,0.08544190078036236,0.08254293099154415,0.010122589859507383,0.028158390894068273,0.09713950282699794,0.0342520008296032,0.024689155539431528,0.06427754770405698,9.988094353768922e-05,0.14867254890676368,0.06912988336035945,0.026376511199326012,0.05087147084576537,0.21606134913311195,0.023061733783856744,0.01887444041881256
10304,0.12180254786578695,0.09754623749979746,0.02097670985691125,0.034040741017923135,0.4530061577448297,0.12537881692114283,0.027128992819053628,0.5598023329908473,0.08631446294611367,0.07329766192188647,0.010774340980942331,0.022365952028598493,0.13614269455634262,0.023129928770191457,0.02566161757707982,0.10045236012370337,0.0,0.3292103683592977,0.05532823578144453,0.0068288867505752315,0.017294553268954203,0.22416562227898162,0.020377672719158503,0.01797243356214011
10309,0.1727461988326637,0.09460668067211599,0.024231040200242103,0.026385786785805863,0.3799843165561173,0.1741312546442978,0.017445884249772982,0.5542269911238887,0.06252129789624411,0.062244144755195095,0.01204769438418181,0.024301563448644443,0.08463793682616207,0.02524241657860784,0.02753593483983022,0.07498465992766243,0.0016885485047410647,0.27615042078014274,0.05931384030186039,0.004698932758743072,0.016341622086059708,0.4133988016909399,0.02138617624360609,0.016154443479431374
10312,0.20652723292994138,0.16740343829246093,0.0238531112725061,0.03398286275421815,0.31387825602823827,0.1290423774927972,0.039844626892295995,0.42422830286921637,0.06361954442447171,0.07126563563164154,0.010883193093519294,0.03199623888248972,0.13973351178337362,0.032556797262401765,0.023752299823319188,0.07696430052555985,0.0,0.1462309653177746,0.07590548385585795,0.004163637210165567,0.018688584778684018,0.30900937996754385,0.08533599048058672,0.018800903352523494
10314,0.08936871064095563,0.09496960960295045,0.028769562731129322,0.07485673814434154,0.4883967760252422,0.12127731578234936,0.0118094783772251,0.5908912843443485,0.0690309961822288,0.08048329704276176,0.015089073446918717,0.02125062833337258,0.0782829131760489,0.06832284572501492,0.03665731250863811,0.07139321608729399,0.0,0.3991070578439338,0.04857517355379268,0.0018431066270313103,0.02879322460214595,0.16836121462545348,0.020420111685705677,0.016782589583684334
10317,0.1424573385988629,0.09597848753606925,0.022741055435842955,0.0578461715385223,0.39087080703399235,0.1874062993053479,0.028395724276792725,0.515666735803566,0.06236678979427624,0.0659549861746786,0.011982066754787656,0.02990446668259082,0.0835335237286238,0.024978171267937797,0.024091917072697994,0.07398177646630087,0.00168113844669561,0.17123276705273913,0.06080956827781495,0.009784357317516899,0.019897263760168114,0.22732194502018216,0.023671765382680246,0.018700586388808796
10320,0.12736416015580188,0.08158272295204137,0.019534530349925833,0.05604185589165354,0.3570359751494491,0.3993442533606673,0.08357067538113463,0.5218568310606997,0.05616128100356327,0.06813490553304966,0.0749717765034581,0.0244102691706543,0.10531424476240904,0.03770024080252425,0.024108770131282476,0.2109073544875644,0.0,0.2355382011332368,0.05965009485192034,0.05665333572103465,0.017145472346504088,0.4343280914318185,0.03144897528257222,0.01741546776845047
10325,0.26588748785700433,0.11564159284573515,0.02231164418958396,0.035439715975594116,0.29437742026224883,0.2265140724483013,0.07420642930837466,0.539447196469854,0.06206567991636724,0.09575081267057284,0.02158544539628264,0.06972568359088963,0.09525203105815926,0.023823877128260253,0.02494593653131403,0.07406702755756989,0.0,0.15833603473553023,0.059774164739230716,0.0050965634488170895,0.03542844145502009,0.28632596094151497,0.11543969235702262,0.02403899288743933
10330,0.21718545212111817,0.22809067075279554,0.13898862475533266,0.02121289269771151,0.3595777070279307,0.12604468210801342,0.01590931870442563,0.5198452345170312,0.17530934496510336,0.18712827139734678,0.02515381579280886,0.02682129435061548,0.12956023582814893,0.020478256455994513,0.0358626841141876,0.12715302296093964,0.0,0.4183268184693088,0.057648371228183365,0.0035549045957684825,0.11283706352844078,0.2432072622505678,0.0333162636557543,0.01860474098884152
10332,0.17223097328464526,0.12116619500596958,0.03766961349137279,0.03532199083433746,0.42018911453010976,0.1901915530073398,0.0694892508433249,0.5793584337923767,0.0852237968172321,0.06592370979248993,0.02328280964870136,0.07506005399953851,0.16359415652305706,0.02597038735027495,0.027593477336741033,0.16662194658729537,0.0,0.27187752099489854,0.09926677668793003,0.012814566575896474,0.039012105445623016,0.237972606385747,0.10923869909387389,0.05613795830343342
10333,0.13413422161515157,0.10275946903042332,0.032192167926158935,0.031808317619527765,0.38038735998907214,0.207775515526394,0.07410949432855533,0.5468707507244941,0.06202078332913739,0.09851197944961204,0.011015207867636854,0.028634723098613306,0.1959765385282949,0.026884762718053803,0.02463993596119229,0.10221500288878822,0.0,0.19735949346350837,0.057045704181209585,0.008361268828627805,0.020317651630977318,0.3424734032636823,0.03877354439735041,0.018631869438769613
10335,0.13524750646727793,0.10659820609208094,0.021564683014246168,0.03182563867018275,0.38647995388912315,0.1218770775845233,0.02193669417770273,0.48732651728581006,0.061979123370064615,0.10645817914253858,0.01042401989384509,0.02743107793990347,0.088710299689257,0.024993645501333782,0.024433725154259168,0.07557081437012887,1.034126163391934e-05,0.2376351041703569,0.07610991939438144,0.006698134705290906,0.017768302636230325,0.2243042220828158,0.027820727418605987,0.01882763646579259
10339,0.14024587301296715,0.12459434259518751,0.030259428668533227,0.03973038682466733,0.5353063445107846,0.14645796778305054,0.025257967201737355,0.586452267262948,0.15485466875459752,0.06918701190257019,0.012220067415025624,0.022320546622361853,0.07994729388325075,0.03231262000277016,0.02453292460945348,0.10136370477765379,0.0,0.1713477381481258,0.06309022507636845,0.019957449435512774,0.020415884781335776,0.2380658519954295,0.02622321424182378,0.017535631931768037
10340,0.13686365679463475,0.09077964283624866,0.018731083770937785,0.036356955000471536,0.3742043369097738,0.1314248385477842,0.017880007690086706,0.5778004028768248,0.06708771804399503,0.0695281149824447,0.015809202238498462,0.023380628040456555,0.13352333214021644,0.03341969938531046,0.02496943721822558,0.07462638033612644,1.034126163391934e-05,0.22876465206836583,0.11688722083634419,0.006717432018663387,0.017183337223079808,0.20977818314592409,0.02128777948490462,0.056968108331145226
10342,0.14172561738698625,0.10362750474005536,0.018560019353326164,0.030659506057937703,0.32636342957944353,0.14155496030981612,0.01749786476246096,0.5759555225038223,0.06686721674388303,0.06694134283362803,0.012337122154239488,0.025365947917266315,0.08734147071019344,0.03744104488095519,0.025701849406839294,0.07786081744322627,0.0,0.24380482195758707,0.0652393946840889,0.0034824789938237522,0.11933219838338287,0.2344662751102126,0.029046011122410866,0.023100660679899302
10344,0.30502743481199357,0.20792144417375988,0.054392412360802236,0.041354208427760344,0.39559919093004475,0.24459836050989192,0.011805828049360749,0.4609460336106164,0.13869345722974066,0.09529106573205885,0.032041337385943815,0.032192528922891456,0.17465647791493846,0.020750066061185013,0.033575795436513435,0.09500805717015755,0.01,0.19905946319618298,0.1360639973922487,0.03230729791026656,0.07555338461349717,0.27253453171563624,0.03294087006418477,0.02905809232036011
10348,0.10201205691434727,0.12690972280573537,0.02913146520214267,0.04480654906554749,0.41371445247020566,0.15238768782081644,0.006905903866707096,0.6235619324434236,0.07333230011717878,0.06803064828953972,0.012028671932759917,0.02142031205480154,0.08531547193554706,0.09424919721399477,0.02387997158070525,0.07985621710352948,0.0,0.4658149036497396,0.06467839224647697,0.002784430754986413,0.026530186476431697,0.20010624964231272,0.0396052228997752,0.048415800996796446
10350,0.17960538047632757,0.10652906121184674,0.02101946897893627,0.04810622938321912,0.3744496666624807,0.46634327587588453,0.03712931120056803,0.5908929070211301,0.07038807948403032,0.06540033033125328,0.01729535900690802,0.04191582138787535,0.06083177820921283,0.026099476750732275,0.023880378361465063,0.0954072253544792,0.0,0.1827502122076429,0.058678268544962296,0.004256313211153803,0.019749547805450657,0.3113008210834259,0.13571934353313753,0.021390948967821007
10352,0.18269661160737877,0.11088938648382801,0.020681059474868303,0.03686535885728718,0.3862604569503809,0.2668912620147238,0.015498999624535582,0.47923646559268823,0.09934336449570001,0.06629997077069681,0.036269832865491174,0.022224953537077388,0.11625046834539259,0.02139895706352649,0.03622860447421949,0.14382674069990115,0.0,0.3059528529227408,0.0538591860103226,0.0023576361997756684,0.08465348145079078,0.34704537655178475,0.049452882260887204,0.029395279545430177
10355,0.13774213479171837,0.11472547614894278,0.050521357595564934,0.03263036390049988,0.46826213290140806,0.15718117661794848,0.014325470091606457,0.5653359716920591,0.13578195297467482,0.132661759945636,0.013060593102939295,0.032782211983321284,0.10709920447583893,0.030901167631913275,0.02627503649606958,0.06855477498719627,0.0,0.27386527519491,0.05192321010726363,0.006727887653378681,0.040213825260797365,0.19772584036226115,0.02173668558986411,0.016640548488410206
10357,0.17092367529599983,0.09921953576816538,0.02281396315156148,0.0429587061074474,0.37355877747412014,0.3481490073052092,0.02033193954570489,0.48774820020306714,0.06530410885391341,0.06419603918765202,0.021295275024857153,0.025532120456249897,0.13331754204689056,0.026415559999678373,0.02474551416817241,0.06575823658324374,0.0,0.17760637082894323,0.07165935036773435,0.00460382067211591,0.02280419620261674,0.3090998212736342,0.028467597097596182,0.029897906726564463
10361,0.11395791481874916,0.09839342219676134,0.020494020841727037,0.027082379833446902,0.41942509211836154,0.1252725218235197,0.015218544524445486,0.5290201611665121,0.06618543399497777,0.06315063934396391,0.012303589277500486,0.021900875699344655,0.10477377228762438,0.02169713108647329,0.03781844524810655,0.06741381576097201,1.034126163391934e-05,0.5143471168187164,0.05079240733623356,0.025972673054064206,0.01745799039355406,0.23613502436754388,0.02037961084731286,0.017257341566377864
10362,0.11170257890534024,0.09012802860571766,0.022346183576379505,0.04532186380545762,0.3702217637626595,0.1259065120697579,0.36383679242465894,0.3644518111703218,0.06180216863580037,0.06494723958616448,0.01003925072746217,0.030170900837448514,0.10216464856719483,0.04989796957174633,0.024512596718192434,0.06093452017730744,0.0013472523997399386,0.17900424914554436,0.07523218429256491,0.014754110320577194,0.020803049520194204,0.18960544318490583,0.024484959326162573,0.018270533220558414
10370,0.13465182597689018,0.09535223658486107,0.023407258487067945,0.03377541677237054,0.4335895161919947,0.14769150126872702,0.02057570786521742,0.4719736394833506,0.07251809113343027,0.06347109439958747,0.011256845279452818,0.02423908350263192,0.08254723019084062,0.026243536303834202,0.030803090534448435,0.06719918841103152,0.0,0.15489255844100672,0.05821933941885959,0.017670839004871965,0.028800919119406743,0.21089139232589735,0.02339745364522807,0.031661243042018644
10376,0.07092472402432876,0.07468861382831132,0.018940349316436914,0.03239183142637703,0.4461521797955914,0.12254870290422805,0.02142991919545155,0.6238773898446842,0.06705264890860514,0.06717973049161041,0.01666902374070226,0.020617355599769512,0.08336546624628074,0.02195323814490947,0.026356692534567062,0.07001739850361786,0.0,0.4563978336811222,0.044729774001429565,0.01500886189550034,0.01586831977395816,0.17567996249258364,0.020415259213477782,0.01962983519270241
10379,0.19062438712779298,0.11920445935194719,0.045340019003793454,0.0462408364992326,0.39570383030250433,0.1327349179432316,0.03299892705841907,0.4655567846279466,0.11679591669718181,0.07548751629194825,0.01198359684350525,0.027839231261050642,0.11894458644467544,0.03572227433980753,0.03587928805071614,0.06347534517763512,0.0,0.17772880373535427,0.09307723373973661,0.0370282799389706,0.02029136798661129,0.24637238124455113,0.023470669260982003,0.018633304589287757
10380,0.12958067040063115,0.09554367236198134,0.023075425707715463,0.03594442355224217,0.39294288354420137,0.12835372134728965,0.10165411518488042,0.455103462954216,0.06456696979909603,0.07696312765812294,0.01003925072746217,0.027540730937851907,0.09534655194330853,0.032048479500108584,0.024973487057882823,0.062452458645163356,9.613593962478698e-05,0.15408558348372664,0.059532364039504265,0.014064407919408701,0.020691628242387947,0.2036881569337316,0.023763257132479513,0.01789474669985668
10381,0.2970614992681509,0.17318802074919457,0.02469225778867915,0.036086796465986185,0.3084894187639189,0.12851972720921007,0.05546280506178167,0.5609331153569093,0.07437178538313947,0.06667470713696144,0.011208419915220948,0.03594482416649537,0.09092485108338379,0.024816518468144887,0.024155153592833004,0.0667284224116417,7.369530957698893e-05,0.1908899387521971,0.07881658990928982,0.007789816869207589,0.02413556872296996,0.2266708870364141,0.3488512847066335,0.018901578356155177
10382,0.13639856521742982,0.09764875024522965,0.022568593291137144,0.033756567011246436,0.3850191224655803,0.1257451865800645,0.029500860706532846,0.5666223453103124,0.06075958039129691,0.10346300301813548,0.0115778587483229,0.04661061835490611,0.08668277002342896,0.023831102037226843,0.024392188252008933,0.06310896473886835,0.0,0.18259892455281318,0.09213482416211465,0.0055537919448098005,0.02093295793872081,0.20077174513081517,0.09033753491426623,0.01993607397255175
10385,0.21979227932961784,0.29614881857456227,0.03849365792937997,0.031682003423450414,0.36825294935283,0.1447639069693202,0.017831107263164666,0.4407257058336596,0.07295509093340927,0.07026143897974475,0.011404765256857264,0.029974865226240936,0.10430373314197905,0.02333595367467716,0.02440934518837806,0.06948472730027126,0.0,0.16060364206814423,0.07594221349837013,0.015988147204719125,0.018352504887992678,0.232271638889278,0.026089282058411177,0.01957139080250003
10388,0.09887890758462739,0.07717613547138467,0.020840835885151333,0.08500122209057107,0.3292163377982249,0.13799323241985786,0.0285139491078613,0.5456796256810378,0.062138815821746816,0.06376276639529671,0.011395110683448739,0.03159740629743424,0.08956070185139436,0.03281967389896437,0.02600355071674219,0.06348415583911776,0.005111728887319913,0.22657828154082682,0.04944395581961207,0.008504066304115829,0.01885518975898428,0.2023091424923552,0.030535053655799463,0.017991114528276012
10394,0.12294034210937045,0.12543873261796532,0.01951551217759794,0.03871672414348861,0.35000294118276026,0.33551762512351113,0.017200559173200958,0.597639518677488,0.06195473177653445,0.07608242739178755,0.06444557496048862,0.0272266948958332,0.10788008469415901,0.026827289866877706,0.030367109706798748,0.1461950290124559,0.0,0.37370453989680336,0.06416421303403783,0.004237632350820156,0.027224154445891355,0.2955459878532267,0.029521640099012623,0.018439105856074545
10405,0.17957948842232202,0.17131034644634066,0.06053693428936688,0.042989463052250675,0.5059872698733562,0.1161567778604798,0.01980695220609592,0.5160140440738465,0.11214723976450973,0.10714457798972254,0.010397887485576116,0.05635913611973016,0.08820163804130823,0.032888853220819116,0.030065512269695543,0.06557472778119695,0.0,0.2601085689590831,0.10445520283915181,0.01717479020934352,0.020430346980080283,0.1758719412154067,0.1093796976887418,0.034992041694103616
10406,0.1599947245279937,0.09351883580998885,0.023456029940611703,0.04809718194722494,0.36051497535030175,0.238578716031098,0.024542268631574476,0.499175347360909,0.063495509121697,0.06711535209310378,0.020584116185851365,0.026686457408210993,0.0837273023863156,0.02742827581355849,0.02319214230089163,0.06181486767376684,0.0,0.15160488926120755,0.06697414280486601,0.008738773849091382,0.020574452680108695,0.28369549186494497,0.023059711886204492,0.019300164164391453
10407,0.13778804163700342,0.19786855547505952,0.019257105995205984,0.028956774008781373,0.3943987865722992,0.13167149660458818,0.00923207292745021,0.5106810180467707,0.08448771327803291,0.08393295003537352,0.014056929111863528,0.02224264652543194,0.13984282631239345,0.043209987136059995,0.02399265746357696,0.09024101440092061,0.0,0.2557464543743686,0.06289064621118054,0.009435671984665673,0.04110674267577569,0.2304895303664336,0.02806633025541916,0.01757051488218995
10410,0.16395326389546733,0.100706955516088,0.02223482086185259,0.03943563859063395,0.35227094769761425,0.13007597014877215,0.1082455584854575,0.47236267279416194,0.06293500084830987,0.07520293739734885,0.010241537470605178,0.027936446247471377,0.0915516952043811,0.030429022926206035,0.024616043932523396,0.061698655556804295,4.6930579756812775e-05,0.1645062680207548,0.0642623167059314,0.015732494027861536,0.0209393157354419,0.20042543882039154,0.027391517119225873,0.01862902884024418
10412,0.11925316734517442,0.08411658969232316,0.021685385798530025,0.03477243105717105,0.3285905084705847,0.1274218114443074,0.0412209065761217,0.5261786933650945,0.09117894215105576,0.06792187182338902,0.023366230404120083,0.025455351074901905,0.10258930699993586,0.04167660345413741,0.0460870233459903,0.09788743250440145,5.2136563456438846e-05,0.2006122159404972,0.05449611420591041,0.01196308798208048,0.022515767778340502,0.2128444652673566,0.021935423092381282,0.01837159668191741
10414,0.0907013026673789,0.09208732018383627,0.021994098016152607,0.04451343634067936,0.37930574882969487,0.12333024279682818,0.03217103959051482,0.4947476890863238,0.06386534448875243,0.06354382983928283,0.02320213942035868,0.02477830777145365,0.10834645115886612,0.0283470930838928,0.03433422910830779,0.08983834195936505,2.4813041662862895e-05,0.39051862434078194,0.04710667336419165,0.012404423417599205,0.01733594385765205,0.2076955793995908,0.021251913988007565,0.05044295289072332
10415,0.2630440680065594,0.21752005694566054,0.029365064024174513,0.049713656764165635,0.4109012474539652,0.3260290792525599,0.02091356741591842,0.4999299467505695,0.10913790866088792,0.11116978455103474,0.013629172960728029,0.035550859124345406,0.10681226585134289,0.04556046299826044,0.02459035574404606,0.08149125558130864,0.0,0.1792437301844224,0.08623848902023176,0.006352712106728344,0.027760306214357603,0.36079016287528254,0.02379735570600394,0.03767788791404402
10416,0.1450939235686881,0.09218202153818918,0.023233949031986674,0.10499193699429629,0.31052371264408946,0.12778874194937925,0.11571845176225612,0.5416999908125496,0.0635524219024488,0.06376276639529671,0.01014344541522531,0.07550234964017084,0.08236662053011438,0.0331625604560557,0.024512596718192434,0.06036707430622459,0.0005522519888453024,0.15465918321965788,0.056974347222996206,0.01648255421909955,0.0213846878851632,0.2007551802739817,0.1339772708831232,0.01994094649955812
10417,0.1916798492821651,0.08876803014334661,0.024309911042352535,0.04033476077672761,0.3728634524429571,0.12728211675376366,0.08392182785463842,0.4980615462695366,0.06175497223114867,0.06494542553291173,0.010374111867212953,0.025979083804752154,0.10453602733986136,0.03121153867021813,0.024512596718192434,0.06290095387513134,2.4813041662862895e-05,0.15870311641301757,0.058578855365704896,0.014743094063868445,0.019788995106070965,0.2071089714027166,0.02819376369755436,0.02002394562710233
10421,0.12026918058984286,0.09324410796536232,0.026178439861057258,0.044360988045230886,0.3812315679129933,0.14780430726355223,0.035862599723709115,0.4818840043227143,0.08822685860491081,0.06322857767279857,0.010533265864842396,0.027654249043311242,0.08168560843630017,0.034664455616150176,0.041953443088638395,0.06102588034285008,3.189298577185037e-05,0.2560729705194285,0.0542430689932009,0.013039111115223616,0.020569846921958613,0.18384347381960184,0.024362126053310486,0.01859176750423838
10429,0.12460938157525328,0.08877950166103594,0.022867975091779992,0.03721988181806021,0.45822326438261823,0.12800465116321635,0.05343126644861369,0.4573030126652409,0.06436323502953925,0.06453046500949279,0.011119627715369791,0.030501237821051966,0.09062894599625392,0.031005538919732983,0.024512596718192434,0.06468976474459615,0.00013447067490500632,0.19864952943064562,0.06670892854548854,0.011833720145318779,0.02022538283795467,0.19419448016846708,0.02404665639321302,0.019585883831085647
10439,0.16231077884349251,0.1928000452934373,0.026956851272579182,0.030817499416262363,0.47979611365190683,0.13072650728917912,0.05514562010432788,0.4818458930357451,0.1870566880183846,0.07205521779079742,0.011826129591617543,0.047690931901743075,0.18263532021154685,0.07042564627970056,0.040959871906596106,0.08781368083166281,2.188183807439825e-05,0.31502959164801775,0.06624765688272645,0.01804876704228598,0.0878545943785079,0.20982710361075843,0.021760027747705538,0.017539071565689342
10440,0.11649794359715042,0.130122073832564,0.02110308548660134,0.041632365000146034,0.35215676221867165,0.2443271666451446,0.020269808892132268,0.5365696144307363,0.06754879657854082,0.06438317639395372,0.020032479548858277,0.030833837809540045,0.12398978167417449,0.02776345360393591,0.024875949099136402,0.10619714407104781,0.0,0.3441654764639159,0.05247609710333766,0.0073651254838830735,0.016186573353678086,0.298702718758227,0.023485010445860287,0.02372518316249168
10444,0.2507865486489941,0.12552051811918372,0.030716981153001616,0.021258857823083406,0.42514349419893516,0.31079972401786227,0.04431009609249468,0.44184504321673784,0.11943385428237843,0.11823844610582515,0.019832853733974427,0.02432572058107593,0.22668411922537146,0.020761056819027613,0.027378675247906385,0.18096076481860837,0.0,0.1585669229298955,0.06488302669698488,0.005250988034769838,0.01963905286094642,0.47305223109540967,0.022917855466946118,0.01793795481992109
10447,0.14787862554595946,0.13252366091766654,0.02286802041466279,0.09076758091600888,0.35928366527989153,0.1303517184384115,0.027289875113859677,0.5158369956172449,0.06994831492288804,0.06359298477552851,0.010945083205265452,0.13709057375449074,0.1060365757029726,0.03380279410988706,0.05450075308817317,0.07250777090453273,0.0,0.31430317503998834,0.052399042162995506,0.005041499960447814,0.017596887798438175,0.19360211682905157,0.06803047601436549,0.019080239075364557
10449,0.2009915911816092,0.08927428590288619,0.02265547991230397,0.037425773306907884,0.34464562978647456,0.5231743790135888,0.05323541464981764,0.5164724053572101,0.056071696710438525,0.06622203238294293,0.01894789522911057,0.026947123289273213,0.10658987799942204,0.025284959851270633,0.024963949287362164,0.10996269348865431,1.447178002894356e-05,0.15115102675863792,0.06191728212919348,0.012880901387129938,0.01967253002111408,0.3431753910101787,0.023097806066377034,0.01941976553629542
10450,0.1509244227654996,0.095946240120001,0.023308358083374805,0.03828704795306659,0.3838265186966872,0.12862423506226953,0.1131131605170968,0.45836755352470293,0.07480240478209076,0.0743926913496369,0.011115484304118904,0.027461567367869897,0.09720908290203002,0.03560149048972908,0.024689924706386878,0.06471508865547204,0.000291425893730045,0.14767556271275686,0.05861679206867515,0.01626081471419346,0.020684624619616863,0.20208358645060331,0.023879424717860503,0.018679284256983286
10454,0.16877282189629805,0.12259131498645717,0.022272605511851423,0.03073586498742458,0.38497870261775596,0.16126559806096832,0.05096235780660204,0.5084248038119502,0.06312686734661173,0.0666222576936851,0.010348759184903824,0.03423208239413771,0.09857319140649048,0.08926472125230589,0.03568320773500437,0.06851667530121153,0.0,0.19121595054891533,0.06667643574433325,0.004980191695663777,0.02119142041917867,0.22138342094365804,0.03230834078469113,0.018947440867270092
10455,0.13175577669019564,0.08828754058770727,0.025846851143805128,0.03732688787728767,0.3720308852312498,0.1314653323753453,0.10639376121647061,0.45602402775297024,0.06333739405836279,0.08283885535429285,0.009972390262345893,0.028319423209547806,0.09276114099880925,0.03188323496002006,0.023928905390065865,0.06052535247925379,6.140235978575634e-05,0.15457398564931535,0.05861679206867515,0.016318369619039305,0.02061026985047633,0.20099453646436735,0.030707690728631488,0.02052705598217103
10457,0.12604908700355127,0.12308840292905847,0.03300870763042874,0.036344203310184994,0.38482828267000835,0.13413228953986567,0.03058649903689131,0.5709637437414428,0.1656227046330903,0.12687603912099546,0.0244887776813316,0.0794741625536473,0.08583379707484559,0.03041206748221936,0.03385764326321714,0.09178599590303586,0.01,0.3439335379293111,0.05009103085779439,0.002311069447399668,0.014406790647940053,0.24484321029275466,0.127723988962515,0.032287800882746326
10459,0.10212331893854422,0.13231776142874171,0.02962082612797017,0.08363204230136179,0.3501608667778203,0.1168512467650903,0.040292225096445984,0.6436213229674231,0.06048162884969341,0.0637388534992498,0.013080944422455533,0.02971538756549408,0.09890213317688973,0.0836608931319916,0.031770939527839596,0.07790604240985384,0.0,0.4672463753955806,0.08552081072543183,0.0068065111857324645,0.029726983560755555,0.19478222608628112,0.02688242885461496,0.024326154343798957
10460,0.11720929888439455,0.09390470769199663,0.02284140619315139,0.06497343465697544,0.3792941134928928,0.12204168103414106,0.07819580696288422,0.46510167105096156,0.06406561896015395,0.0635324498505401,0.04072084352970498,0.02581510862274627,0.0888985155610201,0.027368426945576667,0.04049274452035176,0.06711148363426821,0.00019052144181409952,0.2617864573883882,0.057067513234517496,0.014055497888078018,0.021271546959273194,0.1797050572738137,0.024857468813426414,0.018594751028043473
10466,0.09822618629566521,0.09002844423131623,0.02049592925626249,0.07376671720552455,0.3964675670144173,0.129138487497606,0.0348107270652412,0.5945306445227725,0.07317908668776697,0.07013819114554776,0.010823897523690704,0.023280896205586706,0.10296909813622747,0.029408133130042546,0.02671539519223073,0.0721115368242698,0.0,0.25277470454200074,0.048854375010141095,0.016410042901211907,0.01816553738382261,0.20592658984478399,0.021745449223595923,0.017061336970051712
10470,0.14552741754235343,0.08612325365660764,0.027027897608045127,0.0534393755950879,0.4970470054196665,0.12665923331539286,0.03210442081878102,0.5358610127948134,0.06863501074790122,0.07390984598247846,0.01153375140959264,0.033009555876610516,0.08045680706717684,0.02701981031882763,0.024061253880297572,0.06344353575111453,2.1551724137931033e-05,0.16668789772710643,0.05592949108392405,0.011701268287365917,0.021232981499375428,0.19811397892900676,0.03326310442045485,0.018302290836277997
10475,0.14697155882819332,0.14612808130672827,0.026196408102026905,0.0396435682724842,0.3856581523934535,0.1266714297308629,0.15785322320071318,0.31963246017450325,0.0773038375672413,0.21508779375901774,0.01003925072746217,0.027344326251462013,0.17676677350221637,0.036938174413028387,0.024512596718192434,0.06093452017730744,0.00022401035680877617,0.13759675084924436,0.10569103848226719,0.014591795660448286,0.020701251694540904,0.20042543882039154,0.02403684743950223,0.018468313792848266
10483,0.11318636758310915,0.09554637669985927,0.021096444288066573,0.030370403165496926,0.5175337073876064,0.131090937086367,0.01925986472847728,0.49887071711393455,0.06285191417188839,0.06376276639529671,0.01195626139733858,0.023978519389480216,0.09748683703358464,0.025693295681589887,0.024612226174586183,0.07640755078450057,0.0,0.2616809959041116,0.06149605083751274,0.008899496679178734,0.018721798984484464,0.20201679858492436,0.034230006863189465,0.016677933031640266
10484,0.18770321980302296,0.14090159039996902,0.023833732530070515,0.0366905693289499,0.2825222818848908,0.13523661446743054,0.03688869445845462,0.48910919391690877,0.07509224304043881,0.09723115221843374,0.02057730945401722,0.028960053091327573,0.1211945469022756,0.025316801336230692,0.025140877315180454,0.07796691604913274,1.447178002894356e-05,0.15889861454113732,0.07226944449904145,0.0065729534737157605,0.03313508431526786,0.22727111170920358,0.0358373314259253,0.02364555705777072
10485,0.20722605243742565,0.11167484615258808,0.022876731699970426,0.0467909478491811,0.3022314664725506,0.20116022941507455,0.01882716708749321,0.575341475191848,0.07000619651834539,0.11907482955966048,0.013041521592263221,0.03444775806498692,0.07762364258094807,0.03299849414802592,0.035641344983519695,0.09431691436980154,0.0,0.1882790638354933,0.09139550972516888,0.004878011691645095,0.023582001642931595,0.23445361542757243,0.11540298218504677,0.06143869964319828
10486,0.13076075684991656,0.13465476500097434,0.023656348661723264,0.03374240083692998,0.3844375267688092,0.12845801457761785,0.04934455218132573,0.5190161024431823,0.08973043494160017,0.07045118560831663,0.012080921690606226,0.02673311825643175,0.10055171119159852,0.02914080830266154,0.02653327143935962,0.06677833451418357,2.4813041662862895e-05,0.15994867798070841,0.058003899916313405,0.010855316508871457,0.020643920352947157,0.20909513556880835,0.022403037681992366,0.018483898541750376
10492,0.12570567907386143,0.0986169833199492,0.020786548371213756,0.06257049599738461,0.39061861006944343,0.15355731220470234,0.039283238488403795,0.5588766059380027,0.07557280079647642,0.09024830774235917,0.024132854895819497,0.035467687023272826,0.09833213937221444,0.025893038951709295,0.024154347676543814,0.06913565067185401,0.0,0.1966648743530244,0.05862330469516813,0.006729430768809271,0.02151892452849489,0.20414100260933574,0.022536568216360953,0.019546696708729147
10493,0.1587199854811094,0.22191930578870067,0.023944552963772577,0.02532184439003607,0.3825957929325044,0.1359575734736308,0.021720092900134394,0.4653940880300961,0.08313155496973494,0.10036551985587584,0.02129827596694532,0.0378207742414974,0.17053630494911873,0.020268835895160445,0.037623433753832036,0.13619123125004606,0.0,0.18830054169446828,0.06770546117091751,0.0231881940420484,0.019712680543722688,0.2869268060206064,0.0687754942083508,0.046593197636917764
10494,0.22172068501136777,0.11235651422026839,0.03268494141687521,0.03416471626596312,0.3450845543960219,0.13038179194102736,0.024618527991449778,0.5385046356628272,0.06376574536861829,0.06658169168564958,0.01152073348994165,0.03799035928476355,0.09836068362088801,0.024254185339766393,0.023756342083730977,0.06641541141688942,0.0008120300751879698,0.2252849272269793,0.06504163686234686,0.008517236615578601,0.021206233183866705,0.22625524732489333,0.023739926862369386,0.018906362688936782
10495,0.12105910585151328,0.1476877561611199,0.031465374246097716,0.027950697366821712,0.4729562248483681,0.12450275037020797,0.03229404938087909,0.49521808448183824,0.0664048428334233,0.06880962192197469,0.010382135209211954,0.09854060125634759,0.09584229471942667,0.06995816924950518,0.046232939201432385,0.0766709879520828,0.0,0.26199894166233173,0.05445745213795186,0.004547207563466748,0.0157390820194945,0.2052174143810933,0.16105123242140007,0.017850989438392043
10496,0.19657807324711357,0.1006067834854301,0.02977389705735613,0.029774074589280938,0.3557376310851166,0.3650209909042061,0.013218151248360097,0.5511077207822924,0.05858448650915089,0.06533831789516181,0.030689319405744188,0.027351046365207764,0.13128060928739768,0.02006491826243516,0.02370325770538657,0.2270247068409066,0.0,0.29634075580799446,0.06758378988226825,0.0026718390861945602,0.01590707485867284,0.41870817615424416,0.02661725536751398,0.03133219020528888
10497,0.1210494195084191,0.09115259578251242,0.023588089283230192,0.04313166297406275,0.48128361165502787,0.14027258147993582,0.026660580239224727,0.48787519984178396,0.06376181246630862,0.0671963297842756,0.012836051252905389,0.02900748246417676,0.08910214008222506,0.02698790511154195,0.027822881510260973,0.06978860417477602,3.6023504166874594e-05,0.29102006780862927,0.05834061281595814,0.013938502283651708,0.025142024812820414,0.227797989872198,0.025562429045327146,0.019360326327329497
10500,0.25897093948973554,0.1807926618708889,0.029568954553057792,0.016211511819938993,0.37336117321400325,0.12369221244223788,0.00787573133253456,0.3915322361709017,0.06865714514293765,0.14108721784042477,0.012889924767701587,0.03116361196902509,0.13430496513366852,0.020360013382082213,0.03619236317067637,0.09042358404015192,0.0,0.21304819176105463,0.42511544888450514,0.031100047679084298,0.03635341421124904,0.2508850828366862,0.0225515739838996,0.033892605242325756
10501,0.12375048164197996,0.09040235549370929,0.020049308430056496,0.06257731709374331,0.521098334596205,0.12745386697339253,0.02872946220992636,0.5585808920194227,0.06216607070093027,0.06320001558421381,0.012320616786178051,0.02251780986449884,0.09671678127192486,0.04271311376445402,0.06540700847203701,0.0664743159002779,0.0,0.26932912571522927,0.05182651285808048,0.004137419325408641,0.04442610700140664,0.20212221544663223,0.02249206926938578,0.017850448378913517
10507,0.11866579797692613,0.09775482277947255,0.022355969005446813,0.03899474652636231,0.3709520206815351,0.12396687638178423,0.05717432271234008,0.598107888028239,0.07089408672008234,0.0650563686095727,0.01508966199363024,0.023497033202725316,0.08682229136037167,0.20764297578382285,0.024809200466296817,0.061740772700207315,4.587155963302752e-05,0.19107981648428168,0.056804701220001065,0.007625731971616561,0.0180082306988707,0.20186800006235997,0.024633057553513013,0.021232136724377702
10508,0.12896358761941956,0.11004625744173081,0.019157019013249805,0.031855740996861046,0.31942347663978055,0.1255526513819913,0.009343279350532599,0.5791692079247077,0.06097532261209627,0.06446603566681161,0.012583204622941949,0.031134029113387456,0.09610555555725846,0.025228851359580893,0.024088714548816715,0.07020853730606913,0.0,0.2519797484788405,0.05254151951372018,0.002980767482781003,0.0180419243044415,0.21563673065512173,0.08905702594814992,0.034905376447608924
10510,0.2859529020450861,0.09128332923774655,0.023863749869840304,0.045967904355751175,0.32322467122149,0.25017656515082626,0.054304786131241185,0.5349446682263824,0.06165371379654105,0.06256127038533504,0.012128733721847813,0.04475025446087713,0.08371063475719781,0.026724960383417158,0.024393355063502285,0.07100352639076313,6.434709174964182e-05,0.1560954622296391,0.056850917480256634,0.015315571244670163,0.035499922384182495,0.3234622611643564,0.1513289789773265,0.04456472899028298
10514,0.1868892876934553,0.09679260923865644,0.02232951947919474,0.03778158913564892,0.374383539135917,0.12677834184332448,0.05774534816509605,0.45599332701551687,0.06574527554642129,0.06602856283677602,0.010660454634520913,0.032831482749136304,0.15797470111682674,0.027755617131564,0.023881910978236824,0.06939820603690994,1.034126163391934e-05,0.1534582586317357,0.08966679244279108,0.02247151528883261,0.06255257413410006,0.21183643901154542,0.024395256847848854,0.02378865936340687
10518,0.09331325191066142,0.09095634652249208,0.021191603257033283,0.03933340440084967,0.5547689748358993,0.1207132265391854,0.021798066648710833,0.5945830816614067,0.08268344394529242,0.06625378649539003,0.010254804717732824,0.03599867136665145,0.08553567924581758,0.02701497716209135,0.026214115637733862,0.06366161463258517,0.0,0.4067390872588992,0.045480109226710856,0.0075470321122366735,0.021845640088387283,0.17208511030584897,0.01974305572797518,0.015956400739077746
10520,0.15141449367274581,0.11435816552559862,0.024057467101227883,0.043688381003000175,0.45659589198643064,0.22076728240778493,0.03486574393186991,0.5119582702863145,0.06824829464293367,0.06546658902969453,0.011611440149779256,0.027916776227524018,0.09056812040518991,0.03568415426916586,0.036888003503835275,0.08799761577621766,0.0,0.2626508748173949,0.05422417872295982,0.010235006057898524,0.029396555155645585,0.22916190787525464,0.036626504429644796,0.031827279274007546
10525,0.1414040542906546,0.16011752412762675,0.015689179744327736,0.03198763689971725,0.4655660805289471,0.2217679729260804,0.06215017129058374,0.6511606022952123,0.13121358925588436,0.1474735615422561,0.029247955811639047,0.041591899403474984,0.08014644337982207,0.12634087136529548,0.05869457040426737,0.1452864525413008,0.0,0.4945441420857852,0.04989515560930406,0.0006077125901947615,0.0635738220129232,0.24953019697052256,0.031022889869025384,0.04664806871260213
10528,0.12336983713642619,0.09535326834683372,0.023356659810328317,0.13340089445134728,0.3363228522477268,0.11870458937781046,0.05816519647789486,0.5467394995335298,0.06483552915607563,0.06605655137140905,0.010620278528146334,0.03798059536090102,0.09237600687873232,0.029585209802516124,0.02694105267000722,0.06209311919406616,0.020015037593984965,0.27317454301020516,0.06547849708257804,0.010022742690338062,0.02001034494320585,0.1965804215750515,0.03777294832326317,0.02124973095199363
10529,0.14241703111881207,0.21558642468774247,0.02395583771458966,0.029580170046837356,0.4521647644623616,0.12676784462498736,0.04479854258723401,0.4442629227436817,0.13698632540335592,0.06807443693074111,0.010318090700994069,0.03033491325344873,0.10780402938600352,0.029425732385719078,0.0250095233017284,0.06730698931383063,1.5037593984962407e-05,0.1518561729368199,0.06437016025101099,0.019494996701127896,0.01947803520444977,0.2015685721281601,0.024105544404573555,0.019625594253505626
10531,0.12880234664092552,0.08095760873732719,0.020200744668263746,0.030992278189475093,0.46822869946423123,0.1342171150016031,0.032086637406923024,0.6294915081202133,0.05949149676732101,0.07343077060306222,0.0356770549047338,0.020478206353718494,0.10654181685316537,0.023922927803558886,0.023672404992924338,0.0938657705587824,0.0,0.4906437126868925,0.05383657827396023,0.003938099685514133,0.016571741737266457,0.24031671046568182,0.019894405682164332,0.02638588776595771
10532,0.22609143719463895,0.1058006137179085,0.025758385671991343,0.027993202077010792,0.3177949545387973,0.20934938491988236,0.012373825367757506,0.5554161165316382,0.11573032253187483,0.07391822043711507,0.026636297907714553,0.05859211645935007,0.10685125291710384,0.043346833996058376,0.024493434626411417,0.08631531849520556,0.0,0.15680028394712534,0.0804405786601694,0.002200274848610215,0.019451621011637454,0.2586471325069937,0.11683929006886426,0.020283332935753642
10534,0.1162890887658877,0.08407359813730655,0.021879587096235123,0.04098915583377869,0.42043655939309166,0.1317100763857008,0.05066361696564734,0.5294664915414746,0.07319177145925103,0.06354382983928283,0.01183884316383295,0.025813596319354398,0.07612637690506963,0.035993228287443675,0.024295766780917674,0.0608403162341482,0.010639043839288214,0.20874562775389532,0.053949683756422964,0.0446178303881156,0.019249186911087145,0.20312946890417527,0.024788827884693544,0.01993568569155868
10535,0.15749558375917255,0.13611043007010382,0.024756071632758437,0.028509787907325425,0.4096531600729992,0.13833586574454965,0.024425625330752553,0.41294999564873985,0.13849195108368825,0.07466310392919853,0.010699804467417582,0.026067663475842016,0.1019690751315578,0.022414192896148294,0.025746742794211373,0.06452682806742475,1.5037593984962407e-05,0.15270243437184317,0.07545589632810121,0.007992351050753372,0.03568824875897689,0.21007134834642954,0.029007993714654706,0.04894147548167551
10536,0.12049657349668565,0.08860038756853511,0.02472562305246383,0.04345605384514359,0.44270007752599133,0.15601243703444148,0.03671883344209743,0.7075099391656228,0.0646412164012284,0.1034683943778693,0.013093653127152757,0.03937042533940717,0.11887257973989125,0.0777604392774504,0.04150788993004578,0.10586636074907195,1.034126163391934e-05,0.48459603644152877,0.10214151951038074,0.0013014638524808993,0.07540131643296044,0.21369062181433163,0.08626293376824722,0.027800428565621177
10539,0.11428466718320524,0.1125328624226402,0.02269544568276098,0.04162721347220692,0.3976381730159162,0.11859803512784557,0.08873287851784677,0.48210497049226014,0.06423698963312122,0.06927466676391289,0.010001311378085074,0.02808590031121511,0.1068445648285996,0.0298635505557446,0.03552571445399876,0.06887004809655678,1.034126163391934e-05,0.2566341892824737,0.056592592973071794,0.012973840891808714,0.02324632120908536,0.18093065028565886,0.023312729837195744,0.018290870571992305
10543,0.13667786420193895,0.12119939792681116,0.025269078394280876,0.03930400888255505,0.3045368615891559,0.12135666859649975,0.050719995694261256,0.5370391801652197,0.06342063796655151,0.062019858808326465,0.010494073537365468,0.04443404027994347,0.09125602398850241,0.0279066298148697,0.02894015598408696,0.06191078140812858,1.447178002894356e-05,0.2922187784955786,0.06417012602921782,0.013443624436385295,0.019331889594165257,0.21346588340899905,0.21123186913954217,0.019955349463312025
10544,0.1350153577084727,0.10392238966114467,0.023557108898740773,0.07827624320663118,0.287323736757078,0.11797955945679792,0.12275556464376307,0.5369502055798739,0.06363961344005711,0.06741576857730112,0.010166439497140689,0.05690513629637598,0.08552685951545896,0.12826027194568876,0.02539888684809025,0.06231704410045413,0.000822277172460327,0.20592618558143055,0.05866482637151124,0.009817254158585843,0.020606605093706428,0.1805773708093619,0.1196278604900313,0.01935538917977277
10552,0.11015230975759265,0.08944330793944483,0.02187221142386695,0.03508792079256437,0.4609358743636217,0.12557399752355144,0.02450385715139448,0.5236535146063365,0.07369394036047977,0.06911731864693324,0.010964087571382359,0.024847676904401563,0.08436824821579282,0.029210175492384555,0.026661970216507846,0.07013865208184569,0.0015864675835229533,0.3342129510947032,0.05610177531789685,0.009404579204753878,0.030100202045381726,0.1971211789760076,0.0233465171984487,0.01795829563874125
10554,0.14949774480351977,0.10304696597054236,0.025439547483475586,0.03981953106813145,0.42839718530172655,0.12227985808458607,0.03999118850781043,0.5789940684906199,0.06577774884562673,0.06401968763866579,0.017292120373910168,0.031393524176944465,0.07553290590946406,0.025850538854689527,0.025736407443672,0.07735809693243204,1.447178002894356e-05,0.28030398786742206,0.12941059404351812,0.015773030397221187,0.01933482785440443,0.18416573710842143,0.022924996488411117,0.018666272630307113
10555,0.206665091150485,0.09974222263949035,0.018406726256246765,0.026330681756919355,0.3815490221139459,0.3712879704301374,0.046846979352553754,0.689592137256427,0.059027783608169654,0.07497085979388712,0.013749959973382166,0.0236742242747913,0.10285408167849373,0.024038386866753227,0.022161876246381048,0.20457501185104518,1.034126163391934e-05,0.31717691430011763,0.08565589349078488,0.0019574226761904707,0.030026825426765838,0.4141817296389943,0.02481491936627378,0.018744254861866937
10566,0.19689386480449575,0.2386505539664714,0.015830018119113994,0.030293866105241655,0.45683326574290006,0.13684797557902628,0.009025375037819942,0.5746373565371792,0.14339226342350958,0.12256976650530126,0.013909572959604117,0.06793940578956194,0.09179450749913935,0.017692443485313725,0.033649112716344604,0.11962521314520828,0.0,0.38535556667326043,0.08401415546869007,0.010936897384432648,0.016561601570618704,0.23615809116733857,0.02427694671336262,0.018669345835123873
10567,0.27300921873053907,0.1424838876832568,0.02713814811508548,0.02581719741260169,0.35601617534332897,0.19275485367679862,0.018190335625731593,0.4413145369248781,0.065496519462533,0.069063464277054,0.01075622270068304,0.023371150563252893,0.1440717523475875,0.023050948321517755,0.02443328491680931,0.10403096328896412,0.0,0.18800718464347962,0.10696354136033316,0.0058047090379057305,0.0183823920740827,0.4079406890506076,0.022187917894111567,0.0332614574539165
10571,0.16221604448935456,0.23253179730250298,0.035785428442843166,0.034384722389943057,0.3565634004891248,0.13756722015690825,0.03797819712048111,0.4922480861894107,0.08138203032232953,0.13452986695276306,0.011246635369381674,0.030528607635542285,0.2565060505389472,0.026747210889457577,0.025167169742185153,0.08098145590263764,6.372284225849866e-05,0.24981976963699318,0.06723933193768167,0.007587420912454374,0.018537917527376657,0.22522496112129162,0.027536846906354634,0.017314901246569155
10578,0.11390236372527374,0.08838657875121564,0.03043282767337991,0.03218802653238059,0.4337612075688139,0.14959518446175493,0.017431216602532867,0.5430146270127111,0.0667692162693876,0.06513658604212451,0.011609165451443136,0.023282244585622294,0.07453415843091467,0.02473216947438315,0.023932643010060088,0.07113383957748623,1.034126163391934e-05,0.20134195688048176,0.062326575350740925,0.004885171827690865,0.05934971984397525,0.20772911017936407,0.0218212617227217,0.018333866459252925
10583,0.3396676226999592,0.14869768746964612,0.028674426206695917,0.045792848545214815,0.343313582496115,0.42702049400945213,0.04330481369034401,0.5907409382099669,0.06810369055454699,0.07871722983138836,0.04310398401870926,0.033045224026222376,0.07939746457255108,0.019912139305012493,0.03469036887655887,0.10110627147837313,0.0,0.26607612528890623,0.05909729940439737,0.02574177149813528,0.04585645373706014,0.356958332645566,0.06680019959677966,0.05145555992181985
10584,0.14353671700223786,0.10244439282694888,0.023131149558255314,0.10107360113629933,0.3383323669976805,0.2765318761873045,0.11364019295505409,0.524411168758213,0.06421679542633806,0.06740471007056138,0.018282880971197003,0.0327748590360038,0.10924047935477434,0.0432906450844417,0.024216822357872793,0.06613465482988236,1.447178002894356e-05,0.15889891340857543,0.05995716265778954,0.007567915991500789,0.020767696495623485,0.2506002382667551,0.02382477635339669,0.018295293809188217
10586,0.1370438624068807,0.12880056050444824,0.06769259568040412,0.059469179638574135,0.4433165888594904,0.1518915458177298,0.027560045872039127,0.5899302449764268,0.09888243200003954,0.12851898064809605,0.037016719453811485,0.040519701378285464,0.11483888300768033,0.02012159511934554,0.09020413302480478,0.14176414533179021,0.0,0.22899885450957272,0.08979198592101055,0.003594342715251915,0.02284649715514352,0.29455711851492106,0.07933831944498326,0.01714943461476078
10587,0.1838049565624319,0.1338056512233189,0.022250248115988795,0.028979291986264418,0.3991256425886401,0.13006858001219992,0.04062892326175685,0.44126883298544856,0.07363566234246767,0.06438405095200522,0.010321623108844779,0.023940908979849528,0.19170398126606336,0.026769940998347903,0.03407026378685871,0.09803101359720301,6.988788313581287e-05,0.19943061770601578,0.06665981584515979,0.008765060268204627,0.021416077023855444,0.2286964378484304,0.02478364450440672,0.01901857877990012
10588,0.1360747622723974,0.09554984540389627,0.02210813794718569,0.03148658409628093,0.46391117418254835,0.19996341811007734,0.033527749158033,0.4959367327256977,0.0737796333654904,0.0842276604545593,0.013243965847465993,0.02404291552829796,0.12329108418529638,0.03632612559671737,0.044986501408508565,0.06459947784375329,0.0007583094411564551,0.16224335668857062,0.06995266443976338,0.00802922185704954,0.07396126758295375,0.2159674639320155,0.03238596844028653,0.017897723649229088
10592,0.14878704726706202,0.10723404148708124,0.01760713524339988,0.02563343461463784,0.3668260445975766,0.20599433240178366,0.015477378216229035,0.579896378526381,0.061254666092133425,0.09383521739091591,0.014578819587473512,0.021792803040332247,0.21044913938234452,0.02145217361615718,0.03542448536138485,0.10276379444837708,0.0,0.2690068796923347,0.05190093352949417,0.002873475686119542,0.018609308617203314,0.30929905324674395,0.023810301393007983,0.023403039206464006
10594,0.23986954944539907,0.12311031375827662,0.02160780472794076,0.0315774636484432,0.32185902879264766,0.1791153268107268,0.026177511235823122,0.4446422828819083,0.07308818627529919,0.06484066105763348,0.020414782508452335,0.05311177365909626,0.20392392585915484,0.024932456671529147,0.027353061822274184,0.1221858357059879,0.0,0.200556055753909,0.10732198610111153,0.004613366948305009,0.030486450469010204,0.3317682739026029,0.18413412518891395,0.030649100851018102
10595,0.11320053263721558,0.09398606524658329,0.020273332194998182,0.031116388809947583,0.3923404725471056,0.1641069051658273,0.008009599380971672,0.6208001220465997,0.06067975386290183,0.07298928848078975,0.020880821978344365,0.031309605231440246,0.0830838904422901,0.020861444760055813,0.05006429210389413,0.12161487482109756,0.0002857142857142857,0.47227746108973684,0.044801628600319846,0.002865302405311727,0.04926138438636498,0.2072466500314361,0.019595337125938837,0.018921831398314284
10596,0.3645302904830944,0.18766886254376097,0.02937239026959106,0.031248171723637603,0.3781117767233449,0.41224104314522614,0.022352585200329858,0.4035318892467018,0.09766372708271501,0.14016745068179406,0.01169093039980869,0.027622383146556025,0.14348117509644953,0.023119947643198434,0.024229657529003242,0.21601253611773075,0.0,0.17204916356788366,0.12473056182539873,0.0029677902123728694,0.018202716966202934,0.4734091796568575,0.03624400076856929,0.051169419306159016
10599,0.2583807817933085,0.21989154602438973,0.04718600536167238,0.12026163456705324,0.3449266789911642,0.17330189299642917,0.015967476360242292,0.6091584700315967,0.19121433074538835,0.10973544824640748,0.013959932592877892,0.06300992323873823,0.09753277843075915,0.018681491937954483,0.04633630287600013,0.0905907399901285,0.0,0.30551221109796173,0.08201284915941029,0.019188331662839283,0.05864043090870522,0.2785166621945205,0.18117715711597307,0.19013331898471467
10602,0.14607529690297003,0.1312652851511333,0.03597060762359064,0.035063750812576594,0.4974277863659426,0.12750039653369055,0.024261322141134994,0.394504545821141,0.18215735667113647,0.16125131236546872,0.01075748693892794,0.026275149303636548,0.16590233325543186,0.028342191352413445,0.03591676078711684,0.072316411695951,0.0,0.14712831307728247,0.07995974738129992,0.024016479582193665,0.02207004344719751,0.2166459603012855,0.02306641037964054,0.0172975364263014
10604,0.23068585494144955,0.2455583258469102,0.03192441255510597,0.04869318791411217,0.28578967735981914,0.2722920315019749,0.02805677117480156,0.45470658006734754,0.11082892641762716,0.2162146695245985,0.035315895110108714,0.04484541057434824,0.18114150821128447,0.032743542312418134,0.03742818821797944,0.1638756081069025,0.0,0.1503982993173507,0.12570091322336638,0.023350180706284807,0.019662339956628527,0.3170704868819212,0.0370843702780367,0.020295706046571133
10610,0.13490501779995456,0.09394324346696666,0.02287809016676958,0.04289983937049669,0.30544420797033767,0.19746615290954236,0.06652857940786944,0.48184769040663566,0.0643738743298058,0.06522103430919253,0.011413430489381704,0.02688818667380766,0.17282943280606783,0.030146869405461865,0.024512596718192434,0.09757620673106687,9.98195165640053e-05,0.17053073511275244,0.05566152122858609,0.012891569507434857,0.020131702342543596,0.2902027104587188,0.02221931093565959,0.020308189009685382
10615,0.1440594483940455,0.22948078258180174,0.04789606471343071,0.029040618429891626,0.2991402672294435,0.12903325802831023,0.009485660477503752,0.4729867343299827,0.1318963979486924,0.16567575223176445,0.02295484790598139,0.025659330761967913,0.3001637547257703,0.021700178293200378,0.025212603174345486,0.11272503840136146,0.0,0.1975870364239988,0.11456898353751788,0.008757226785914406,0.028662163548595826,0.27632428954062416,0.02354452986371439,0.11517469205591886
10616,0.13297034841514943,0.08825371593761773,0.024242288340397943,0.04023915429906045,0.5273324980800841,0.12814804560054235,0.12392805093312921,0.46167360057690005,0.06423698963312122,0.06494691047778875,0.01101584493342173,0.046407720538311194,0.0919807712155513,0.035722262398733176,0.024512596718192434,0.06103207115286157,0.00011704946916209951,0.15835237429046378,0.06214213161057582,0.023304281558007886,0.025447868468542623,0.19554887409110638,0.023348941533352843,0.018574925986908332
10617,0.12214048416526822,0.13896775750228918,0.02222311849005088,0.04481534512551257,0.47587317489857545,0.12975100972844986,0.041843665790811106,0.49792071441498237,0.06412124997009583,0.06498863510829643,0.011538597241513557,0.026513474925526075,0.09014372902219592,0.03592626141304216,0.026432682009566114,0.061046513294517005,8.589881588757284e-05,0.16049714984963198,0.05839053782682718,0.009184939205776716,0.020398790625649685,0.19644255862974766,0.04082289532976068,0.02887481688535904
10622,0.1878020655900044,0.1708373457542813,0.02157207538352,0.02957273378657693,0.3172518908921832,0.2620642840960092,0.016137770602766575,0.4296835150110738,0.06196523245839043,0.09102706006270297,0.026466434972999667,0.033387739101889725,0.12903956001531813,0.021533436231236058,0.025590106424237903,0.14027463205425209,0.01,0.16916006886739102,0.25292988876869327,0.00309858243232767,0.023051237151670793,0.31611308134445354,0.031754777020742,0.01886214211074633
10624,0.2001881748506319,0.12862282954008322,0.02236623950251505,0.04501748917061006,0.3982895078860713,0.3881486196038725,0.04265601452661073,0.48868322316317225,0.06435522622049838,0.06440426196715403,0.010268488112157406,0.024571399974888455,0.090605719724488,0.02749967736433702,0.023223210731040386,0.06941804556236791,3.691943205936066e-05,0.17994758307429268,0.06400702196205615,0.005028294227775815,0.017900027724806734,0.3023901333967319,0.033190623074583626,0.026985151532825123
10627,0.21863200816813821,0.1220134302157403,0.03229351722105147,0.02783406927212208,0.380283565730045,0.13986264634996426,0.016979382994040827,0.5085824891858078,0.06671771585451969,0.07679579354368236,0.03564729562752116,0.025108135818391056,0.11065188978468593,0.024310023617070284,0.024228265199741132,0.08173300281698094,0.0,0.17812441789690003,0.06925079649122293,0.006264143249168948,0.084121096115838,0.22298739217542415,0.02329766586909521,0.030681469602408463
10630,0.16194012054300952,0.11788383399127605,0.019525977668293816,0.028323830230520396,0.3181006037677203,0.19769104611386534,0.00932460964625338,0.5754990236374757,0.0616936139054146,0.06748946332873275,0.019514456018745213,0.022530109235904008,0.11550601751125392,0.02044029193297454,0.038181794224967425,0.20119242480944327,0.0,0.5816699548627345,0.049273328354611665,0.02195894356594314,0.02885739615790829,0.3415438164057566,0.13861007914768053,0.019044778992234317
10633,0.1342051904636417,0.16897777663848187,0.015403927279239211,0.04971689458231896,0.42865239974068925,0.14072639310108306,0.012828521466928004,0.6492480783617112,0.19771164663366603,0.11104700739141542,0.05180501279262792,0.09596087025834757,0.13486883750416875,0.027963981013859617,0.02882529951568878,0.12502392022975287,0.0,0.4674294606506518,0.0674611512863405,0.021725217333787378,0.02261830208466874,0.20229230604203122,0.06397698025824078,0.038481365138205575
10634,0.0953810481904315,0.09636829952857007,0.02278284972655078,0.032863430425537146,0.3995993249194559,0.1272583571182991,0.026719751580036435,0.6338925653101323,0.07235195842921885,0.07359760824550073,0.012890296744006885,0.02354712071377373,0.0819863481053635,0.022007110365068402,0.04298085744498611,0.0733883391388969,0.0,0.4283060763366117,0.04746860610962609,0.01388175984665884,0.020762134211395552,0.1758551383011824,0.028524722013341153,0.024252329107158747
10635,0.18539370526912693,0.12906108312220602,0.024913778786749413,0.03723741377660573,0.39988197783424106,0.1258638114919088,0.07537570832057541,0.39948879044124763,0.07055288914516697,0.09058375118741871,0.009833476885685487,0.026555351161090465,0.16789597338849224,0.03030185077674406,0.02425565941089541,0.0783083890566921,0.0003100884744936549,0.15473575983111504,0.12383607911465042,0.009679151774328439,0.02014295546482555,0.2246275790615851,0.0418037641978607,0.018918309646620567
10636,0.13331207487266966,0.172913145785816,0.021696358486364854,0.03370323504962581,0.32036117330190256,0.12725714566319316,0.021601944505474206,0.6282450517322791,0.06205602641574217,0.07094361158376694,0.012233627431707104,0.023162398957846372,0.09643089054002357,0.03275262015132184,0.03476985560397914,0.09757686774595785,0.0,0.20816736775058406,0.07799465786944776,0.0013201484237647465,0.019575271884446358,0.22117164155774835,0.058482370386180815,0.017487995413419898
10642,0.11049108147096444,0.09113852712695321,0.02004914062641155,0.028946558700551718,0.3924400451955677,0.1354841200529443,0.06855893443277859,0.5396752986301663,0.060527907349510926,0.06546444689177322,0.01197746175474348,0.03423121236598063,0.1509064430575652,0.031191834138833488,0.03402556186467168,0.1271937767534825,2.188183807439825e-05,0.2916979120033333,0.05509537645817022,0.010257028592972079,0.017497312644313038,0.20577758033467447,0.021811171958619435,0.017187884370007022
10646,0.12393736777189578,0.09266141113013011,0.022672836330730615,0.03766730064984255,0.387422321585157,0.12815441751278006,0.058940416006257566,0.5180575223877775,0.06356832351219023,0.06793312198066095,0.011270867539775917,0.02649886194917325,0.09059335421716344,0.0481041157298579,0.02673385732580785,0.0744569151094661,4.800604506141463e-05,0.20285286114056908,0.055102399831197774,0.006507912242907876,0.02111452986108992,0.20178278261689095,0.02318900553169858,0.017690961776018067
10647,0.1105737413621642,0.09510266896385236,0.022819644387998893,0.03236749572561863,0.43527106405139954,0.18158081841852297,0.03569700461483995,0.5180380378303092,0.06903675511195327,0.07401276769106276,0.012776878000948287,0.026263851871025343,0.08319132260782693,0.02435542778360698,0.024956642642343686,0.09331903136585465,1.447178002894356e-05,0.3611068057931802,0.05822914009094277,0.008561450602778473,0.019962869750215106,0.23366835095725683,0.024613232640932528,0.023314351579264408
10648,0.13235938521569368,0.08804249673230119,0.02334549845588861,0.03996849453808819,0.38759861249195765,0.1304430453867612,0.10035393962444675,0.49845395260292663,0.061391000484775346,0.07072296985064166,0.010504041899044136,0.026893722161214856,0.11155583184836956,0.030997969619498664,0.024512596718192434,0.062454493559459354,0.00019947942683487625,0.22996609952935226,0.059436753175961685,0.015264920461134117,0.020942962649566493,0.22633977221692284,0.025942863519186468,0.018679284256983286
10653,0.18307728102850454,0.11151578016981281,0.021805377204444712,0.03168156951451821,0.4131544588082874,0.1370686823641978,0.05741977020842702,0.3785454190743153,0.06527136509508132,0.084031338330963,0.011836376917746003,0.027360310868890365,0.1392339056186599,0.03141424385124791,0.02657134803891061,0.08597725458632927,0.0,0.15771483897955307,0.16064758372635243,0.008470665536452779,0.022290828683665054,0.21158623473288898,0.02435080682604878,0.019665102239684748
10655,0.0932750249060571,0.08774170831294706,0.023222272951251205,0.037188860686902386,0.4009998106031183,0.12261871391433933,0.028661403741938093,0.6133604028874303,0.0954333121947062,0.07444181274860757,0.011223189685613633,0.023592874904049658,0.09607239772116713,0.02511421552044911,0.031034160203425976,0.06608167242901981,0.01,0.4376022465382332,0.0484796323243736,0.014499527905377244,0.016178829662420104,0.20335691527017327,0.020312974962334876,0.015982203226706924
10659,0.15403297061383078,0.11099721475019513,0.021585256701765858,0.028357136824459856,0.4137767478567164,0.12629729548210278,0.029010501863523892,0.4729857868660672,0.06557909239108035,0.09894629062701368,0.010237466389176502,0.046355519754431015,0.09237970887563908,0.025653346131421662,0.03749538618931972,0.08079557901913631,0.0002020620182545784,0.23504781267125888,0.07656511802024736,0.004061576415617025,0.017147530982739766,0.2095398836554871,0.1107186198446603,0.052925379315966525
10663,0.14698125618331292,0.0878880600799826,0.022373823259112576,0.06359682950195317,0.36589427807499375,0.12814804560054235,0.3497937312231339,0.39374270090960395,0.06406561896015395,0.06453046500949279,0.01014344541522531,0.030832249201127083,0.0819659971100838,0.04978220461649973,0.024512596718192434,0.060290919406036564,0.0023467677178270136,0.16902001580810455,0.056256538649806155,0.01240066314026103,0.01909910456883786,0.18553367630263057,0.023377790680724323,0.01906419644112394
10665,0.18173506970596556,0.1563684499228565,0.04523545917199146,0.04752196680532224,0.4378609529677619,0.1577914276966659,0.0206348141115488,0.5061612460465738,0.1161372443006749,0.10299397494531458,0.010621732977024892,0.03657157362924676,0.08660908624413022,0.021967875156946884,0.039488665202585066,0.07467946071921297,0.0,0.3026681411780595,0.08274330566121874,0.00388574165514931,0.018428024003968344,0.18022135383586896,0.03615155468271033,0.04140633468067057
10671,0.1519215731762231,0.09336784176428799,0.026022149617338827,0.03438196007476086,0.4465616461324622,0.18484692933772107,0.03974590966775435,0.48804702801751454,0.11836346859360644,0.06629894910272269,0.010201242864880184,0.026306227995537158,0.09677700552217472,0.02755516165177772,0.02438058289473669,0.061385795686919896,3.6589318122893444e-05,0.15718856790957803,0.058765430058515644,0.01452845470857313,0.02142979344961296,0.2693708877040386,0.022622835982097075,0.01915947315629978
10673,0.1252211082506173,0.1302468759924665,0.02069950351574886,0.03140429275474996,0.42624142134064735,0.14729594731741838,0.020651679876131854,0.5110518439491334,0.1024375641465485,0.08365309609346577,0.011089484271630683,0.0434852646805556,0.09302241553499976,0.026164272802194626,0.035699717163202443,0.07206398417321895,0.0,0.34028071288778877,0.050071588399648564,0.024944593207100144,0.017192853828417523,0.20248836836218587,0.037800821038228995,0.028133091028576127
10674,0.10472430998949653,0.09095303632335504,0.014373574620513816,0.02728784114090949,0.43203604801303563,0.1347620827943133,0.02137533048370275,0.6334443959043142,0.07004707575877238,0.07245283395226583,0.01231382585977465,0.030746304719091656,0.0949904754020199,0.06555801855008317,0.06585739351279857,0.11749052193845708,0.0,0.4967472897406029,0.04839979560294719,0.0008406106800296413,0.3185578821470514,0.19288542860448094,0.06300357575658141,0.016817322073533984
10675,0.14570927380301413,0.1240803594891805,0.017672547337061625,0.03423420651868173,0.3399004693336798,0.14829190380578092,0.006570234344127553,0.532446960337752,0.07135885364247518,0.0865473120521183,0.03127709704597929,0.021620833882159338,0.15833412660436255,0.03202812020296065,0.023769432541707512,0.0963209482111549,0.0,0.3381613345930073,0.06101901002579861,0.001852211913870232,0.020918387221975518,0.2503742234676676,0.027673523917821935,0.027384399913298548
10676,0.1892322549543587,0.12496607101199826,0.022047719967463388,0.0318709996286153,0.36326521808200435,0.1954483242001697,0.011104942653956664,0.5216858176944874,0.08263463804003168,0.06496399259232315,0.013735115482834966,0.033663757579089126,0.08291896376476822,0.024100718424871687,0.037656935860089426,0.13633410752464584,4.800604506141463e-05,0.16645725402342265,0.05827374823720812,0.005511771316423122,0.02257200927205021,0.28694423673571207,0.10950708558464017,0.02369403085322879
10677,0.19046026243859113,0.10694582371039807,0.023784048343665237,0.03645604818480919,0.3898161969933593,0.18822936338809843,0.1225800360962137,0.4399204361524168,0.0638263951253828,0.0657307121375963,0.011232295659456043,0.031708681658951215,0.25949804248524,0.03497919497485755,0.024532183018836976,0.1161172387762544,1.034126163391934e-05,0.16272151244586525,0.09166903335692402,0.013800378695351057,0.023855922189739708,0.3465342555164619,0.032189304134891315,0.016318118227331136
10681,0.14141709363194932,0.09963255852364719,0.02241847275914683,0.037050918485086765,0.4209672686230255,0.16945371236009585,0.037791908079690684,0.47128770306981077,0.06612753893905725,0.06577554924745636,0.013429558150986065,0.04886610883603933,0.08977123671179887,0.029216180662705704,0.02330094988956215,0.07192462320851963,6.955776919934567e-05,0.1858510078598628,0.0563466710512684,0.009823032563988266,0.019201693023056327,0.23387557870718897,0.027000153830659467,0.0733502833921697
10683,0.1267884508262414,0.0888167876005425,0.024759321918738027,0.08932419052975112,0.3463220176171693,0.1254897569475136,0.14538596335157444,0.4968502263655239,0.06574216787813157,0.06453046500949279,0.010270634184903826,0.035785770051284374,0.0923451346976265,0.035136497132441775,0.024512596718192434,0.061168176031919576,0.0014617843198621264,0.182131580232842,0.05791779541315675,0.01655267617488248,0.020684624619616863,0.20042543882039154,0.02539575303252493,0.018679284256983286
10684,0.20366848873671145,0.14024616716047425,0.022734950863272957,0.028939639151292683,0.38945397968175477,0.13004181965181563,0.019862082938264948,0.5498150035012496,0.1476606510362678,0.0656895643059153,0.014844602437216923,0.03729018702932994,0.08393373142164709,0.039457686492731486,0.023418415132925533,0.06947026637464651,0.0,0.19324103416681307,0.059809932203558604,0.011702963052127783,0.025110357324299507,0.2147570937499016,0.03464093271542576,0.019760535404621887
10688,0.15786250287551598,0.11954525706368141,0.02239524971939472,0.06130459517150007,0.33414046860911945,0.12506276425389376,0.029222794743431976,0.5231276052709655,0.06567269015753117,0.06603820914793732,0.010226208419756654,0.028078766010649733,0.09069509643199833,0.02621012523323064,0.025453816236570444,0.062067079023975465,0.00036144578313253013,0.24752890825258736,0.04976971195450714,0.012424755257978783,0.018165725487066416,0.20119490448805183,0.024483568493763572,0.019054227112921
10689,0.14729469228773273,0.10929033939796005,0.021721905083072843,0.04005440844150893,0.363357010140346,0.1765416726434767,0.03354972461363173,0.4963638826588831,0.06379708345203267,0.07687172519381169,0.012190064176454147,0.026827280185553973,0.1721930798694614,0.024586399306686553,0.023700572409157742,0.12207940684852403,0.0,0.18863513089142697,0.058898707903849275,0.00424389244583091,0.019636983400519295,0.317733212587878,0.026128700653419643,0.02039396077107902
10699,0.2245014929656359,0.15279469896985548,0.034738333792163574,0.0428343711084222,0.3540562650974487,0.1872178778384021,0.04063659069945248,0.4249819470181398,0.07691365801139338,0.099207810700663,0.02443153696381766,0.02865834613574569,0.12355297158403972,0.0496516805720653,0.06323484165640729,0.17301513042192565,0.0,0.26700864250680534,0.160183521326853,0.022426171164075814,0.021785922920801348,0.2709803234800256,0.046939456069110416,0.017588408185269654
10701,0.12506835834481567,0.08962827446557792,0.01969620495240784,0.05956360605306839,0.35409235052454674,0.25899999856189665,0.06424300971651524,0.5316688823963939,0.057959530512193096,0.06639158862270989,0.021178037020757236,0.025098248220091404,0.08644885530864328,0.026627849831650514,0.02518510222505413,0.10869468378038577,5.1813471502590674e-05,0.24109212546030004,0.050346963493932154,0.006958443452454709,0.017317061124021402,0.3072619063526449,0.021761954085506196,0.03290705311352485
10702,0.1109574792047939,0.08525844974060429,0.019360052597860514,0.03349671215941689,0.3521877715346938,0.24595087045721958,0.007001044948050872,0.5794823577221228,0.07239756451342862,0.0646528789970675,0.04595639044676397,0.01870379108223473,0.0988607892962281,0.023380941757185348,0.0266292520374613,0.14548007868371035,0.0,0.40581148639467157,0.0639100212951701,0.001599432272049815,0.017179271989182295,0.27224074578319707,0.022592763191800088,0.016939223303484657
10703,0.14249638908370474,0.10867696733714766,0.02228795365744316,0.03852443876836546,0.4047815341372051,0.21415490803766912,0.03877849715363841,0.5196079443368631,0.06371689511942583,0.06805483479392384,0.01231307321247302,0.027330116598840437,0.22783936606420296,0.03434595086305822,0.024304252860380893,0.06764524957952361,1.034126163391934e-05,0.17494596968202153,0.0572811838008906,0.005519863412842996,0.022662428259814082,0.27116573892895285,0.02342914378295959,0.019202993408648956
10704,0.2277648091749481,0.1285363757525989,0.01567711480919862,0.021078830734636858,0.4142580667385228,0.34515519357127444,0.009901333069059461,0.5375023572427391,0.06854093486107693,0.08206117659640516,0.022552159223969786,0.032676839046756265,0.10711277622737804,0.0378023027447892,0.02489671311422162,0.15382702155767236,0.0,0.38335449017961587,0.08390670782308644,0.012949456903295822,0.13336986202323495,0.41395029379675596,0.05006798797488065,0.018742644335928597
10705,0.17959039625712397,0.10424433314226528,0.020587311287138966,0.02808454063289207,0.35731994387650035,0.1342488400092751,0.02923913473267524,0.460191909574485,0.07299808537136271,0.06726002172496455,0.012546132503894757,0.03374887436948417,0.225100030879818,0.033843117542329486,0.024301082760124552,0.09078458715691089,1.034126163391934e-05,0.1792458749457925,0.09398655699884895,0.013174995096925006,0.020684067503940078,0.25557930352187536,0.13395961434000225,0.019915006452372045
10706,0.16448900368873204,0.12669055423069817,0.02009217542508808,0.06869425208959007,0.353696264247722,0.16979437502423989,0.010406359347490955,0.5961294486867466,0.07741573717613359,0.0849557293710338,0.03541121552419532,0.03390449459155379,0.16687988805969142,0.02392731524470336,0.024756480823972474,0.12599449291563833,0.0,0.22717260597697725,0.08324735091293055,0.03184306706859261,0.031983820231839565,0.2635860372030298,0.04103190380255905,0.061342379430102255
10716,0.09178832256778043,0.10254090496169997,0.03123972097945531,0.04639363761619672,0.3948487857487326,0.12398255202967774,0.06615958104197465,0.5390976969873911,0.06243152458237357,0.0758491763325879,0.010303255539480501,0.03422101729699448,0.1063898618447675,0.0331429514890014,0.025146033258662763,0.0701391340913025,0.0,0.22119984344095361,0.05518394908889786,0.00803992066307891,0.016127247875063335,0.22519294879390295,0.021194942053551297,0.0171016511625431
10720,0.11365867660926657,0.10876553395286223,0.01939500362550959,0.02218397615584162,0.3294891934759847,0.19281815951640213,0.00812778537775024,0.5633036294101964,0.05982267393518671,0.06458050449779557,0.014546862601523696,0.020214893397790833,0.12143708937688888,0.019721858849169122,0.02523682094616299,0.0715149538827673,0.0,0.49715776561850783,0.05774427584629125,0.0012573474102646866,0.016709087806358335,0.27149879301298063,0.019543178310137407,0.017675114683335956
10722,0.18857049880538565,0.11804880070578855,0.020605053670921324,0.0428378663315549,0.29302127203318,0.20219280392240802,0.06853902356470776,0.5012133405498027,0.06367945070992338,0.06912257528269347,0.022155755970762147,0.06306592136167931,0.10219321972852732,0.02557155861537578,0.024578148485462373,0.08015439034493993,1.034126163391934e-05,0.16851098644946003,0.09778545523620422,0.00791482348514339,0.030041891291689105,0.3122729211860093,0.11589231179430241,0.049944386635470114
10723,0.10722161606525102,0.08530795812238334,0.021983446686390032,0.062257056993575956,0.3506757137551629,0.12512370298966938,0.11736866861695966,0.5275979042094601,0.06200118782451881,0.06453046500949279,0.010163412470605175,0.032115610472927276,0.09177392641767035,0.0355809843319277,0.024512596718192434,0.061375093835423083,0.006219593856210053,0.23748895156840152,0.05263651494698887,0.014737916211750848,0.019469457300855073,0.19758463841918403,0.023824494970117512,0.01857314340210673
10727,0.2237131356994454,0.17909919981758837,0.04099539161304431,0.0561948147225473,0.3126128642158426,0.1357417580724735,0.20343489347083088,0.31085218556026584,0.10157015804798529,0.20185550333577051,0.011826747955270375,0.050756688723435764,0.2087246615747561,0.03956569778448505,0.02514080923912835,0.08719000439208736,0.0,0.16563707232143254,0.138544538754786,0.004456908267657814,0.019575941600475006,0.23045806741381356,0.04421035769682203,0.022439453559807046
10729,0.2537019920121788,0.21869292450821967,0.05402243357473997,0.057532067351914094,0.27622848037374664,0.12810330620719518,0.03980262938237769,0.481090957621998,0.06885176077755328,0.08902188909989439,0.01124949430833154,0.04254946870471135,0.13042988606981562,0.034903097193175386,0.02396381378138707,0.08113761889138878,0.0,0.1525513495112773,0.25773957708708,0.006415123930972218,0.02052222666556132,0.23793496219455773,0.1177868321848666,0.020177099792759726
10736,0.18683582341919727,0.09732046728751875,0.021474469810257402,0.039972104032535455,0.5173924513015301,0.17829760388216007,0.011066171516913628,0.5843536103155198,0.06684483589433317,0.06900481425623446,0.04288702832689927,0.032056879301875826,0.0707944965160745,0.035112890126387145,0.024354610205819537,0.08473039481062208,0.0,0.2562435510791809,0.054675505026909786,0.001876416556239114,0.07932932197332622,0.21977160767883003,0.03175522266192381,0.04190252875850323
10738,0.20582200188589783,0.09997619539421304,0.028677992029224022,0.038246598436463004,0.3008041917721918,0.35187141542983164,0.010847683295994575,0.47771294583716384,0.057090096690532145,0.06546599161779103,0.02254082857034385,0.02384771497861771,0.10880877640497852,0.022867019210838474,0.02462780081086475,0.18250972436213744,0.0,0.1580361617006427,0.06500922026106641,0.002429691655901468,0.02050923444005631,0.4694300684228657,0.0251935665964736,0.020110625653620196
10740,0.13024696475936692,0.12177688278273173,0.022662613796042938,0.03090332913947654,0.36258486478663954,0.1323666894862204,0.03524293943952963,0.46270633292673097,0.07737636460176187,0.06477741355842573,0.01114423060020476,0.024466438100838407,0.1285468255572638,0.024448158921172306,0.026048043957932907,0.08195017863918434,5.1813471502590674e-05,0.20641577622131885,0.06728179413528211,0.0069649075544556,0.018205898307831914,0.24698975651586674,0.023043290311893106,0.04970957225734171
10744,0.11843864159665733,0.0884587077832776,0.02395868439105948,0.03954344347856079,0.4087531244937499,0.12105401395710766,0.0728942334191249,0.475891882263796,0.06494850759442874,0.06453046500949279,0.010533265864842396,0.02725071547560504,0.08620523586463255,0.033137921029888336,0.026700239704008033,0.06074667470112271,0.00020982068846879553,0.2505134591358333,0.0571227243418949,0.013972500473664624,0.020684624619616863,0.17423634267006263,0.024045930509366292,0.019642502884931634
10748,0.12826720471105993,0.0884587077832776,0.024115749869840303,0.03861504549098126,0.3854572163152359,0.12814804560054235,0.07477859092175486,0.45050950451450666,0.06406561896015395,0.06555149463407997,0.010321291440306735,0.02650444031218378,0.0891222284016472,0.03271954389571036,0.024512596718192434,0.06074667470112271,0.00022485828245375795,0.19437086982691432,0.05861679206867515,0.015800711426384326,0.021070234211418456,0.20119355364892452,0.025635300607964946,0.018973115308040953
10756,0.29852683130849333,0.11957595291357169,0.020067066302978814,0.037860368854536565,0.34140519045099516,0.44686418601667444,0.03974490421135696,0.4577237356467594,0.0648925215966561,0.06703373547064402,0.03701431399336993,0.031918424579805815,0.1392826191663297,0.019052392740729604,0.022568667834752615,0.16073291600619333,0.0,0.1567029705425303,0.10045661634569565,0.004100463802903681,0.01998732329820502,0.4317119555768534,0.02602793197399861,0.029606325226351426
10757,0.16225067654833147,0.10315022401642863,0.02304543979091767,0.06885641825195296,0.3491444835529974,0.2211883425175321,0.1222986523287843,0.48319171441073244,0.09995367940681348,0.06727568491632188,0.010018156522031479,0.0319193649908611,0.09773373529075526,0.03760935398416164,0.02589852481434302,0.07517974860927987,0.0012121222950148213,0.17302560397584257,0.058129373067199196,0.027991982348548005,0.026271940938842855,0.2565144441534819,0.04129634281209302,0.028311563231969882
10761,0.250754518256211,0.14106626867133623,0.022280779117968868,0.04094784670802833,0.3664445927475017,0.23184648395871857,0.013505583312547954,0.5548197934790309,0.06942012951877463,0.06775545677514497,0.07481563103655527,0.02833739515841822,0.09124663944511187,0.02390982941948437,0.023945798953422262,0.09249322563420687,0.0,0.15192630973409,0.07006817396346433,0.007086876729925342,0.018539935900400165,0.2605446201838669,0.027211677354051913,0.06518440749314448
10762,0.09235251091897212,0.15026573916069522,0.01908901385025207,0.09188475547486606,0.41185644177246317,0.12714785747852037,0.033046347088237005,0.5722128324737772,0.0600744058945035,0.0694808777127571,0.01235473376935823,0.02137211022186706,0.180625574964834,0.029441753657399043,0.026793348851471582,0.11815159773867837,1.034126163391934e-05,0.3594162350715666,0.04536213316807323,0.005397557239198467,0.016715785887087744,0.21233835133465884,0.02159598296928509,0.042653154073564147
10763,0.10526398639106699,0.10016360628666271,0.048946852797639516,0.02732359194158103,0.3634012686440194,0.12819214218113764,0.01349833192041539,0.5339260640929101,0.06604167049531574,0.06475957368509393,0.02095681743538742,0.025308331844098877,0.09462657805287442,0.021836633958959687,0.026068892350480648,0.08465847044612973,0.0,0.307760050551964,0.06131252002517021,0.004789848786613009,0.016340137507114643,0.20036693152226107,0.02496129303821975,0.04944632206437177
10769,0.14321199542686813,0.13283038331235894,0.02039738863805182,0.05433830121766589,0.31542521800627993,0.34481783096340635,0.022327579829038314,0.4975397677923493,0.07373968303707171,0.06905600688566248,0.024860688525318225,0.028122493900685396,0.25643818112549593,0.03306604023611249,0.0240099403432698,0.20979218864420787,0.0,0.1818427956444986,0.1353057645073376,0.004006042366033819,0.01733374384709819,0.42331145148417193,0.033021066267695666,0.018903923404116736
10771,0.12960138005137434,0.10038894573799234,0.023881162436792506,0.03677138973418678,0.4159758551581973,0.12840551485268104,0.08756821588938953,0.4440324522273648,0.06405664988493232,0.06885306939156144,0.01003925072746217,0.0267851000103954,0.09124210511206549,0.03268703749122417,0.024512596718192434,0.06052535247925379,5.27023774124577e-05,0.15116616439284092,0.05795893909027657,0.014403506352403334,0.021415719745453757,0.20257380599535818,0.02396694156781811,0.020697712167079434
10777,0.119763460934253,0.10734497798153964,0.022839477879602985,0.021896670318412546,0.39358175998230677,0.20364848155704662,0.019929811322057383,0.5795158146545064,0.08528165381914371,0.07316068186770862,0.01867613805608517,0.023016674994420852,0.11682782170638545,0.02355907357782973,0.053189877307003364,0.14552444079840499,0.0,0.3529912003079304,0.04597820076608617,0.022980281668627714,0.015741514439866357,0.31500897671694433,0.01998245820947884,0.027301339547373907
10778,0.2081442257750054,0.13547241720264705,0.03129760976844229,0.031211470933424797,0.274078432545775,0.23129458316417228,0.05611007336416162,0.48226721248875815,0.08067195998169177,0.07345978498554903,0.012947461848133548,0.040221505201356055,0.18336114096274325,0.031593981728301586,0.02400530839980491,0.17411336062666316,1.034126163391934e-05,0.1814479887724893,0.11363818074675983,0.003860662608587154,0.019515770334172,0.36641630386869717,0.03320217992679489,0.018624302604845124
10781,0.1653667900753142,0.10130967516200373,0.024959303252406605,0.038186525352109126,0.3604151859528496,0.23047539106530912,0.02324729405229415,0.6085787838837757,0.10946271081699041,0.13290383399158776,0.03585478305858771,0.021898171355229958,0.1574689047345858,0.0646008731425889,0.036912036289235166,0.19854503330593049,0.0,0.29037825470671336,0.11438637165765321,0.001717072214111377,0.025393228224806958,0.3527248633102905,0.0269087555991117,0.07778683458925174
10782,0.14912871259374652,0.11312428885875861,0.02473205308396588,0.09851504058034816,0.39701622453239305,0.24340219612938319,0.08681709675250765,0.4998660703472811,0.0785003913679711,0.06684954415983027,0.01593182246897649,0.03262830105476418,0.10753667062860868,0.029890159035693187,0.024090847246800773,0.06245389579463004,0.0009890709953837334,0.1587998451794418,0.062114236589207235,0.008929697802842002,0.020774434710515686,0.25152525402322806,0.02807738067278616,0.029486436581114706
10788,0.12404614452935314,0.09379701575224925,0.025480438223873116,0.08978074291773776,0.341667425103541,0.1257759177692262,0.07988779064411047,0.542424915055337,0.0926927300407492,0.08220965296713077,0.010662020516193287,0.02974378796129462,0.16143261820403068,0.03263065217694111,0.024901922377123697,0.07515344470835678,0.000778405524168236,0.16731701571413457,0.062404937184296155,0.007199893697281342,0.0206448372858991,0.24745119827062234,0.02187367806020578,0.01882474963198236
10792,0.1463607471096682,0.1095637105140371,0.024087646353530782,0.038536793653583534,0.4133638052769072,0.13281633428927803,0.013565487449502135,0.4855659760771944,0.08328516804691853,0.06945218040116088,0.02141247484923674,0.040014455411026974,0.09682998281641733,0.02241989201633606,0.03451279228404631,0.07337908116464482,0.0,0.21863534345823296,0.07899847633885215,0.01152592605929492,0.018807224252304546,0.2107088984557146,0.029445217878034242,0.022455896918360835
10798,0.20158087511849027,0.09845193470012457,0.023828727430238936,0.06631162611561199,0.3354850110578569,0.19490950628789241,0.13929213989457753,0.49034210750573703,0.06313585824514086,0.06420613243517904,0.010123196253897446,0.04539628967858735,0.08863339198011447,0.03562043545513201,0.024449307452981402,0.06150294892291834,0.0004268417648453654,0.14158501038435836,0.08088503391995375,0.016758583078738513,0.021785030282924812,0.22289860480725954,0.08666987513643881,0.02134335313478208
10805,0.13376106373216515,0.09041789283693817,0.019281698462010947,0.040650526917164906,0.42322613683888366,0.17048797095529683,0.022079799562002032,0.5995247574147347,0.06195887903342474,0.07732281023720279,0.016171172309176453,0.020795907236818602,0.09505821819274717,0.02629183951093166,0.026044808908526576,0.11435052165308753,0.0,0.24585322564582607,0.0807812240838233,0.030516557102295516,0.016021517085371705,0.22317527519381095,0.0330966927517046,0.01656031796555284
10806,0.1419926656498396,0.13178914332955632,0.030390012721022326,0.03717346642067628,0.349107592742936,0.12704703664248185,0.043692670840568305,0.480170367510039,0.07249720021071909,0.07388164716238035,0.011262355301170202,0.04651905924835017,0.0948742948369371,0.03539961715943919,0.028462212545639246,0.06834027031178752,0.0,0.16334688788074508,0.0996897971285591,0.015979523854649534,0.021538383667658922,0.21498074185642085,0.03132926215657627,0.07853049613337476
10807,0.1211766492246246,0.09766841156720255,0.01789578514038273,0.027703947859842683,0.4527139242790823,0.12605113430303203,0.03495520076248704,0.5496429290248624,0.06307773007310685,0.06657898391488799,0.023968843688538445,0.022827235924491034,0.0925881794824454,0.03926546456188582,0.025326192175740597,0.06759158245475043,4.1841004184100415e-05,0.4223476421853905,0.07762003103761819,0.011835351246924784,0.026964994718013485,0.21629308038920983,0.022428536624753373,0.02023340813342763
10809,0.13049501812893372,0.0859517137820332,0.020464133384398914,0.02661932082818703,0.3437163591630212,0.34082721832419616,0.018298648338068338,0.5067982319716292,0.06654929962947241,0.11310430311925829,0.09252017496141932,0.019756792982975283,0.1438981081807219,0.061408365467943746,0.028239850362341848,0.33897974619695503,0.01,0.3146649022635493,0.08140242278696626,0.002681552253740554,0.01660165685945507,0.448679496407598,0.02591982555029509,0.02597015294158411
10811,0.16040903489767305,0.17171937775301102,0.026942133591714396,0.06861160397558155,0.45596636507178656,0.1648063679609975,0.021099303101433212,0.552966973960774,0.06412970666591902,0.0671663268440861,0.011682131804574003,0.04122478052564281,0.147426386671212,0.02039770775203954,0.06209764935272677,0.11886636000184467,0.0,0.31378962580268543,0.08829362211443702,0.0073819868133944595,0.024555004675735456,0.221346118066751,0.052838439434026184,0.06410812623259662
10814,0.11846788312198869,0.0763809212086201,0.029612501844124416,0.02970176651555307,0.36378053269233535,0.4523987138459918,0.03345274871219478,0.5382966345678892,0.055732839313909655,0.06550058977491079,0.0170948534306912,0.021043630433381387,0.23838530890825269,0.0344997240825959,0.0254093956482202,0.281920222198141,2.188183807439825e-05,0.1882209778693534,0.04743848650064777,0.005911798871471196,0.01925804834118604,0.535966691994233,0.019130049770394807,0.01762690435620962
10817,0.12303601164566778,0.09517101217653673,0.02469189718795988,0.08250328640259695,0.36534281450004996,0.1251122121994192,0.22669060540798777,0.39736737980441506,0.06543188343964591,0.06575470646077157,0.011241828445142377,0.029918840991639904,0.10062688091380101,0.07336621796668787,0.0350576105654977,0.06804521805554607,0.0,0.21417250972520915,0.05853208688747022,0.04727690401370149,0.0231830897610294,0.18924807935453747,0.024976572239418623,0.01776885401493122
10818,0.13082732141070852,0.08953359982870147,0.021034022099204675,0.029101624317198035,0.40877020238866424,0.12686505098569173,0.01315334597575819,0.5912147283516718,0.06831786795230844,0.06971787737201073,0.01451885158966581,0.021920794004875375,0.23025757064809466,0.037002896407475803,0.09628089424851041,0.07247743392537703,0.0,0.47159055456744414,0.05039078953752999,0.011798049638017926,0.01583533691307248,0.23447802646953594,0.05581054961933338,0.026599983811408778
10819,0.10480211645711866,0.09675092448706685,0.023345962584903433,0.030644219624338703,0.48244404257059104,0.14860514335133337,0.05683877716934385,0.5953984587896061,0.07116790153817738,0.11118800780084959,0.0638419799740409,0.026792453996057293,0.11868663620882418,0.024437457153734635,0.033157582729571825,0.06847850707884617,0.0,0.3484054994169814,0.05375432426453715,0.011283561763418102,0.07770156973744571,0.2031551398746054,0.021675820815358463,0.016667441424563067
10831,0.12489713204909388,0.09950062625368694,0.022824515419117987,0.04278035287044586,0.38147159851965873,0.12286409300005702,0.032099004193537485,0.5232996613614884,0.06682335285397258,0.06386711093289203,0.010775123481702915,0.026445386944593075,0.0885683931268983,0.04488644453539028,0.026021760634133792,0.06416627244458836,2.1551724137931033e-05,0.16010906053479743,0.05776864144651114,0.058451225195683944,0.022033113772492237,0.20171138738339617,0.02483620060745363,0.019143384160438044
10846,0.25492348144661914,0.21718912492730516,0.03739348571948107,0.028983803306263864,0.3618258907186943,0.12739185442108258,0.03796186167917649,0.32359689488539417,0.10037552699741185,0.18929561329129618,0.010401593410920394,0.03532213754000347,0.1636817586065514,0.024212443441172012,0.02476197309981494,0.06885463604784588,2.188183807439825e-05,0.15925985051489483,0.1761177809310636,0.0040233491121034635,0.019541172424628273,0.23829062214894325,0.07101369859941134,0.03781969762233061
10852,0.1260877042416503,0.09294260631239078,0.023907684295229846,0.03415422145864913,0.44444038150761145,0.14321584938380472,0.027468616875468865,0.6401182776104506,0.06147995591248681,0.08080057729927638,0.013209967442727288,0.02331608607298604,0.07524233791635243,0.02421016503144315,0.025122013615692673,0.06283801309611675,1.447178002894356e-05,0.23682407725863985,0.08774475841223243,0.005120313070833291,0.020654068813113425,0.21972934720960027,0.033911712157427644,0.031651929928519784
10858,0.12746738068677801,0.091986770675709,0.022293229432053092,0.04030084885552248,0.46820129854166653,0.12623932724935927,0.0276642462401573,0.46015600637297177,0.06376677862723827,0.06500107213380688,0.01163585943527432,0.03655859512211497,0.0872876960554446,0.02502284215318058,0.02452551735991042,0.0675689894638931,3.766478342749529e-05,0.2194597239046402,0.06606597835502206,0.007376559814032732,0.02335157781171962,0.2188505952716743,0.023252664655095186,0.020171263125243886
10860,0.1387718643436805,0.12820457647972483,0.019903071240928494,0.03596710688614386,0.37489646735846877,0.14775047912806022,0.025079855586076286,0.4859780845215665,0.08825539275758466,0.13567739853948266,0.028173192660983934,0.030597392743814362,0.21371795704251956,0.02343403798886313,0.026765738087316682,0.06931049210056303,0.0,0.23186637646827502,0.07180398647561333,0.005009086075138704,0.023423672006230814,0.2744648732056321,0.03616388065236511,0.027608314042782172
10861,0.2853030275051979,0.1485064018220527,0.03218837213378516,0.07781763995679553,0.28384027470695505,0.16452920417359732,0.23650232945934063,0.3247703090178727,0.061708264470101026,0.07691954657240753,0.011332211981928686,0.10671588262467777,0.22172656935385532,0.029285171591457645,0.028068139338462323,0.10653585834762783,0.02,0.15091472413925788,0.17453051557762447,0.004352344176586905,0.017745665932027928,0.39521789891876496,0.31758495086187577,0.02096944630743851
10867,0.23711248068502708,0.2746406184721854,0.03105706322353887,0.028352342667865946,0.3201803398564111,0.1729045280925064,0.020234862580955405,0.4370942481656555,0.06250988941453205,0.08098174488805045,0.0638107169548812,0.025603010326006585,0.23028460033032347,0.033515747443654494,0.025762502330167893,0.08568553799193898,0.0,0.16676084048555043,0.19140384405198663,0.015121178036285028,0.017248638471563514,0.3242002136657996,0.06820285121756453,0.055619903851790546
10871,0.15510928757215667,0.10988687687745051,0.023960239859574076,0.050565795223381844,0.43487658031570264,0.1696273717721716,0.06475930721292004,0.44940888449672994,0.0643771773778055,0.07040443783502895,0.010240530051896932,0.023511593835390966,0.09692149626591094,0.026373170398630047,0.024228265199741132,0.060946853810050675,0.00010488464323047745,0.17735288845643474,0.05806390526339822,0.028049487252268253,0.04869848266568769,0.22205115930055638,0.04509616924128759,0.01858286108370457
10877,0.18928189529699257,0.13849743328679132,0.019776294469361643,0.03289415483751954,0.302998576747374,0.3758729413075387,0.01250105716135982,0.5041999219603204,0.08831461009276247,0.08182122225874125,0.046655325110270374,0.04300327843333827,0.221061239196099,0.02140995209626876,0.03493529422604434,0.18912709406217654,0.0,0.15210921594277382,0.10904434215390536,0.019099254180463952,0.019375551373379055,0.4811401766116406,0.0965689272709324,0.025431057200300054
10879,0.1043758055505457,0.0887911026668946,0.03044654237018261,0.03688659505705942,0.34819476598639487,0.2882630097644403,0.03594344357731327,0.5298818044121236,0.08149303384944559,0.07594121193238429,0.048653712351628624,0.023577679496263354,0.08295037807647003,0.026972255725499168,0.02472421345120589,0.18622381931638457,2.4813041662862895e-05,0.27850819753058476,0.06045445853197264,0.010503030182629205,0.03788223650912141,0.39003422360364964,0.021288550467964972,0.01764497870864166
10882,0.18712594671439375,0.09198420032317146,0.023635920254281417,0.03459465204638095,0.3854280209667154,0.28608034464821464,0.03993430760210098,0.47155263329495833,0.06360552483047312,0.06376276639529671,0.01099345606757239,0.028345592712050574,0.0921905344030137,0.025389429887515372,0.02459245845946668,0.1265252573741721,5.218226581801976e-05,0.15272042533265087,0.05758518725165146,0.011433877784285236,0.02064998966506793,0.36558678529748967,0.02622541742932405,0.02160081494799989
10884,0.13288188686731214,0.1150625971327053,0.0241094726688585,0.04328168158904146,0.3182740357045369,0.1337696193884948,0.2712655323484747,0.41590282148487717,0.06737929974281073,0.10059574342769662,0.010604566327018106,0.06346957768426335,0.08318239229565684,0.13036811655698483,0.024819332953196275,0.06385911925564008,1.5037593984962407e-05,0.1588738790417475,0.07136658249821443,0.008821583038090474,0.022252509892510836,0.1777324208520618,0.12115950092499427,0.02411643183859684
10888,0.11187351788831489,0.09757627892108763,0.01941226252604413,0.02565535088051263,0.41457438430971405,0.12982398146510365,0.012753656806210963,0.5347238105091122,0.0651671283428679,0.0684671182139919,0.011432455436371875,0.02108711076947059,0.11438926755751798,0.022472484308908844,0.03308822736066334,0.06760793784490701,0.0,0.3049782209978784,0.05178337242175613,0.0028003301321162482,0.01719380069186595,0.22626710327000357,0.02165199231372482,0.060151627107347456
10890,0.16363548015100318,0.10991053198545334,0.0237671547198152,0.03515847695980336,0.31859803220182237,0.2932716344705159,0.01696795040402586,0.48565056166552073,0.08601617065745516,0.0657673827999221,0.01689030723793638,0.03363222097602789,0.08969303058902253,0.023607267218094516,0.024286901437333797,0.11000247985493183,0.0,0.1553459274569849,0.060164584697741594,0.009902417141022473,0.021030094165240064,0.31173420775823124,0.06911646256433011,0.05638446658219135
10891,0.3109785279313642,0.20957216455056935,0.07386259327810589,0.0752025017729229,0.39037927908199976,0.13538325382970046,0.01142799594511436,0.4161451169018517,0.15783233020407184,0.17973282946794708,0.023321522041912547,0.057651469320158855,0.1523295291545209,0.04499675506906689,0.03281552736649585,0.07394052686213491,0.0,0.22672871153119567,0.24103989451569327,0.00393928123274807,0.019715830430302797,0.41209844831876424,0.07508832898655882,0.01896460946057231
10892,0.1326631952276602,0.2136953684962625,0.029690293412061773,0.040814850208417706,0.3940254992755966,0.12424222655637951,0.04430047270359713,0.45463059573753006,0.12288069803450337,0.06248600290385079,0.010527545663221472,0.02575171990413811,0.10820518551691213,0.026231858820505192,0.024596340824400834,0.06522585371412032,0.0,0.20438156615050718,0.05863732965879616,0.01210757316507277,0.02173261150877708,0.18951759530798284,0.02981997460290506,0.02022713962792351
10895,0.20215642661413827,0.14593785404305396,0.0199565234266651,0.06410317449721825,0.37577789063780487,0.23522327688064773,0.04339456651095521,0.5186157590620701,0.0938941873310601,0.08697458951299235,0.021774014425350492,0.05289105197963785,0.11428398297876069,0.030377927273223877,0.03416544199615075,0.15006719398067175,0.01,0.22872056676919406,0.0645524730021169,0.0030636635889041493,0.02930097996335769,0.3285179557380691,0.03398575285366782,0.058118391786975324
10899,0.12139896145977352,0.09564124790791412,0.02604793673039608,0.03637763221847356,0.36469308915107007,0.12931832500732102,0.09343697095011141,0.4649775049092862,0.06969889525315215,0.06485069051035995,0.010891176439517047,0.026045464608956383,0.13982745939706706,0.031734568927830435,0.024623029626107393,0.06280829521506426,0.00019465196020912372,0.15141581906212773,0.06765517276895364,0.013391578454970349,0.021284920323654907,0.21170610643369386,0.022724395490310134,0.019328252394558855
10902,0.08080968240120175,0.11568905013624407,0.025835876703476816,0.028452389133178265,0.4571441018553885,0.14193498079726896,0.017305667224736462,0.60519831157273,0.07365264775859394,0.11209169529468556,0.043888895047509154,0.025904145282853692,0.08310876851664356,0.031180177195043762,0.09625748120136209,0.08398917101949703,0.0,0.4854473179639464,0.08902900187868443,0.01139047660026613,0.026563184150285385,0.18462004683463693,0.023055063746159142,0.09272389910394216
10904,0.12798629387173885,0.08590538629588931,0.023063228640522397,0.042522580625615314,0.3567274031659337,0.26329207705411145,0.07189438928324254,0.4615609767406719,0.06256596560235621,0.06354467186590125,0.029221742661113912,0.0258761129140186,0.08465849614035342,0.031721240372027816,0.0265562709983853,0.12389098854437519,9.143960727374391e-05,0.16639222816375082,0.05607564584312778,0.011885421685331824,0.034419710679222615,0.2845819207688787,0.02322035782672324,0.019604476236420053
10906,0.14172727506936014,0.12198029880169323,0.02218678928237518,0.03114262763777861,0.38274269749810946,0.11795018645086458,0.05716806517698259,0.59440028417319,0.0657320185518273,0.08707106614620354,0.02541701569908911,0.03529817764462066,0.08428968240028707,0.03884503272841716,0.02357810499239339,0.0798816422140394,0.01,0.24696591628498496,0.12676895811833322,0.01372909904881604,0.019352016495229152,0.20068913409392447,0.029928330975384006,0.030607611850022826
10909,0.2127828921654055,0.22375910381360029,0.024850887786817544,0.031062481199321753,0.33312054700595306,0.12467645857251375,0.03563910572871445,0.3019906368578293,0.08959279313202806,0.08919538175823978,0.01039066057122623,0.02684399749172588,0.23547279750509845,0.028538781714909974,0.024512596718192434,0.1211712772041685,1.5037593984962407e-05,0.15542819770270722,0.5171953422571695,0.005424228964907334,0.018823790778588888,0.23267545816835208,0.023736475968372292,0.02502839018215746
10910,0.21037038347343467,0.10408891783534106,0.02207328016991981,0.04599116059759568,0.4339116205826146,0.3778904278988516,0.02403187675949409,0.5410836573800628,0.07376532000516861,0.06526961263324829,0.018762547448146524,0.026686904620867678,0.07900893712240736,0.03306189085945659,0.033208759237898317,0.09553864465049867,1.034126163391934e-05,0.2635696492236009,0.0691651413321792,0.00604537321035395,0.020496684220394645,0.26868602669403163,0.021272182622202044,0.027798217527379907
10913,0.35394880038528087,0.19869496108391718,0.040235480337031476,0.030466533141289363,0.37032844112654956,0.3332944701960858,0.024438440145903725,0.4199438633094041,0.09433722749477265,0.24238210341085767,0.015445357799152973,0.025285258553079077,0.16689535491137314,0.0221706354616633,0.02305644130622787,0.13279531308253684,0.0,0.16846175237224728,0.24902463320282028,0.0076987442785344355,0.04110161608016641,0.33610713168563344,0.02536882902963765,0.022216274988359243
10919,0.12407269864604036,0.09107808420257327,0.02388808340275996,0.05169739136179168,0.35733300660686895,0.123536210009451,0.32960565901727384,0.35511134419543927,0.06461789791548758,0.06460566460826732,0.010333583859604836,0.031047182691472233,0.0872032452950603,0.04093220140274021,0.024512596718192434,0.06074667470112271,0.004458285459805176,0.142287166640178,0.06444103360414152,0.01618162687433161,0.020667516686097946,0.1943969189902259,0.031056633975063978,0.018123328469395655
10920,0.14301711657053112,0.13287718778686586,0.024229208988067952,0.10093698258371012,0.362681460579254,0.12529370659771608,0.07661198061875807,0.5449701128825086,0.06436323502953925,0.06401968763866579,0.01014344541522531,0.06347060373038912,0.11383168869949595,0.029877922465464123,0.025737937533335482,0.06144201338299085,8.67947437800589e-05,0.15490983555868967,0.061646994459251515,0.010385833327829174,0.025307682987046762,0.1997055012431041,0.06059637978111925,0.017637261733448154
10921,0.23978637496645536,0.13203904429511001,0.03193468652416928,0.07928499336271448,0.3156753927124274,0.1569599025536634,0.0742796293803318,0.5670605593947745,0.10083857709406578,0.0703606792730235,0.010702662641560699,0.032523858248862426,0.08881438646800291,0.029177769389589367,0.024592756348411435,0.06243633837635558,0.0,0.1649402091122147,0.05984495862122281,0.006570820197431167,0.02240386457988691,0.20769405952737074,0.03521039116551889,0.029772947766474222
10927,0.1574739017132547,0.13343909971928658,0.018960949922618334,0.08920980781707936,0.3731142511774951,0.1445415236627573,0.04486979998995457,0.6010624945241987,0.09158540512351727,0.09072346061906743,0.01245549764845198,0.04314116210069125,0.11146041354399534,0.06480924163255647,0.02375910424654456,0.15188406246092154,0.0,0.2407982687429724,0.12900935841820196,0.012672840394129227,0.035390441808257476,0.23225634086730726,0.06606550676016468,0.08783138820548628
10938,0.19440664514371342,0.13361903782261791,0.017742884510564785,0.09343206828932621,0.4466126499995214,0.2109763411093419,0.01973781380018218,0.642666945640763,0.09518948982491761,0.09531888460832696,0.016931851565006345,0.023009482310217863,0.09059454670273631,0.054169585937895455,0.05539512391939947,0.0920602122214167,0.0,0.35986124700530203,0.09192693878058357,0.0022275424362344356,0.35124716514485277,0.24543688129703864,0.02646199811079466,0.01930927228403355
10940,0.17259041761489965,0.11209720566359105,0.022738375733711836,0.047102609415072695,0.2981357948279481,0.1443861604341234,0.030793544656333646,0.5344163765153475,0.06221175116556772,0.06693102055655825,0.014537608078510207,0.031626534116239814,0.1067030223929716,0.02632018986203284,0.02450742774693591,0.078903247323459,0.0,0.16140108707668127,0.08613410459604148,0.008452625740587486,0.020321760830181043,0.2277138689804276,0.04341783816830694,0.04333679371145832
10941,0.18878106400506842,0.12059641358360135,0.02198108958495971,0.03450734792420866,0.3225621798803302,0.1938718830816451,0.020628282575876646,0.4796953918690182,0.06361096799946211,0.0718676411229186,0.024804453174875764,0.027319782834488722,0.0958544151528703,0.023902849123660426,0.024512596718192434,0.06917933751916211,2.4813041662862895e-05,0.14597114011600398,0.06844329347188688,0.006506959948501781,0.02214000832825567,0.36023555670413104,0.02584815167996052,0.022693777118651618
10949,0.16397418545219877,0.11305275025445825,0.024163547721810712,0.0359274339363679,0.41045898359857236,0.12814804560054235,0.051577529916079674,0.4547289752998285,0.06406561896015395,0.06384320968108914,0.010359782571188816,0.02828151941290277,0.09146681610377394,0.029124993219951895,0.024512596718192434,0.06824182891546342,2.5378855618881745e-05,0.1517615257069914,0.0629925877720812,0.01091511058244075,0.019596840234431957,0.20071984110327307,0.04252148513873711,0.019362642139844746
10951,0.13376317909392932,0.10487738648824152,0.03416823481400523,0.05879653253985727,0.32673756378171276,0.12176283017149293,0.05130980717962629,0.5311789179312402,0.06470645529035642,0.06715501719293326,0.010319825206081951,0.034912524943470025,0.08507800117327775,0.029904838131578425,0.024495722385578192,0.06228697670886476,0.0006420969922801468,0.16227042888072307,0.06436283387343861,0.018787997633689445,0.026418561657498375,0.2031458229614289,0.027918923704160874,0.018580010232842198
10952,0.14992056122892994,0.09473337521893152,0.02137319838305455,0.032042368818796615,0.45322686740760143,0.12830758384677263,0.018873519566190468,0.5761816096091676,0.06355615373759199,0.06703788322629615,0.011263779115765116,0.024443557175427056,0.08967024505331281,0.024707286658285414,0.026122442881995323,0.06977146715900515,0.0,0.2609895713603828,0.052290005665468244,0.004933942669396158,0.028211074967254127,0.21095123800508087,0.0217941691455206,0.019344625876395495
10956,0.1582154901597373,0.13126324901719721,0.024142054957555437,0.02522110064858066,0.41566735393192566,0.18386027442308253,0.011374641544623174,0.5111404065059633,0.09494799844078215,0.06642447398559477,0.011564686967292603,0.02652063217292855,0.13326752950758278,0.03305263418394339,0.02467344521572912,0.08996975578466326,0.0,0.19367416705153953,0.06857996527765237,0.0024188772996325105,0.018133028480279992,0.24112860552282456,0.02313937696100009,0.01973346498101224
10963,0.20234970089793047,0.13171310541107295,0.0244550468949815,0.03414215392261302,0.38113071996667336,0.2129058672224874,0.03032359321636427,0.46505265997429357,0.06242467414916836,0.06427741747540164,0.010540168997028438,0.025945041646303763,0.18826648761313935,0.025603628155567416,0.027403147919874443,0.10018683506076209,0.0,0.23781276083035646,0.14765421946374477,0.006514619645834496,0.018394353675859888,0.3346283454704583,0.023185166067497362,0.01844774807074045
10965,0.13238880428618588,0.08972065151654539,0.023837908217995786,0.044509184811347906,0.3715322844841302,0.32134694863972657,0.057364388003855335,0.5446679392862551,0.06406561896015395,0.06376276639529671,0.011449684677043269,0.03140311695365764,0.083763944487694,0.028533697021255282,0.024482323440496473,0.061918943794703314,0.00010093640987253527,0.1515821271072168,0.057156506187324714,0.011860540909735009,0.020238477678299976,0.24279245753285647,0.023735217967445554,0.018535405667165585
10967,0.0805219746076083,0.09233175241584872,0.016671926680675877,0.0215785158471105,0.3983215829256348,0.11473684670683576,0.043810686447448725,0.5840098989440534,0.09164202084102933,0.06798391568555565,0.013920078913741444,0.03711751957452602,0.14928248249747098,0.06006334591114084,0.02578514733721671,0.08192115459182996,0.0,0.419897243608388,0.04469458088620062,0.011768547480054419,0.014845509706906448,0.21475845676091346,0.038083665400246776,0.015953626228490416
10969,0.2443023638886385,0.15504546382720577,0.020008643465404305,0.04962026129072892,0.3813187835137705,0.15397084914186282,0.02197792354701535,0.6163083369791919,0.07168216484224998,0.07800585149813913,0.012559930871798707,0.04656121818074649,0.06521687088835498,0.020341441750014715,0.0276585097104615,0.07621017214431705,0.0,0.34373209659637355,0.10356076296131458,0.0030167580095959937,0.020627079101201075,0.20836010221847726,0.10740505940311987,0.01703510713943108
10972,0.22052357237207887,0.21658570736369534,0.06734971146168615,0.022487589830172062,0.37969642095600903,0.39838758344683944,0.006395225451334452,0.5359234701057155,0.13372758474683136,0.1797431060311897,0.03241319015945678,0.020041573710634468,0.11286102078058374,0.0193193793673626,0.05560592302650544,0.2635128008026654,0.0,0.2910860229525473,0.06379482321721748,0.002411467194142365,0.015867380953584986,0.4557357125317926,0.05458414227781061,0.018556521223480952
10973,0.11665360379790429,0.0888097871260253,0.024209168736678645,0.04171933925462905,0.3733110882109639,0.12242284416359495,0.035885363144088245,0.5834782455171096,0.06495872497446915,0.06354382983928283,0.011521628752185209,0.028135123322260126,0.07904477611286148,0.028580606974819414,0.02556675604022816,0.061156342487610205,1.447178002894356e-05,0.2768748685743418,0.05960392920596313,0.011565030994295122,0.025091371441789443,0.18402712933514476,0.02673461328979448,0.018123322559880452
10977,0.15345913287423985,0.1543653569478101,0.025340717540690602,0.03991152337950707,0.4230196863942495,0.18362712298482176,0.03376937112748876,0.41427844098684474,0.11506255139923897,0.20230014332439328,0.011084589200491834,0.023930016464914626,0.19940295366810887,0.09341221186504776,0.04024273773027935,0.0624239556697483,1.447178002894356e-05,0.3317000078218368,0.06537562988846933,0.004967485976031522,0.01801467988885386,0.20103231705997687,0.021922198756678144,0.0195903675720747
10979,0.12912698674152043,0.10394928271189555,0.024263559045663134,0.057981449555317664,0.35216311692653074,0.12681724012458792,0.07238099114137263,0.5400146922703845,0.06475718916124723,0.0679248908047868,0.01077552582205769,0.04711515020642156,0.08467249075595586,0.0372186700878343,0.024175358943039904,0.06794471248093428,0.010352823363314527,0.1528937176799904,0.05932081341190165,0.008841102585598348,0.019601768894570996,0.20588159376733714,0.029483628953379575,0.021532031119461816
10982,0.2149638990905638,0.19292335877716443,0.04033585717774885,0.04789366636315069,0.4037984867230632,0.2851579166584861,0.04409857054359546,0.5510062459874537,0.15000577735598783,0.08072420280282518,0.061397688400565364,0.05738404970381353,0.12169618292804678,0.04006954242674485,0.02662094636831134,0.17985706887943664,0.0,0.3231741081687801,0.07841649236334526,0.0017382213571967742,0.037895398422255464,0.3326798750826277,0.029675905510876247,0.017113721359555703
10983,0.14501009280779206,0.10046826544533786,0.021375584860699025,0.027258446187351303,0.43088570752609995,0.14488228903734204,0.04230159936962022,0.5048956713847034,0.07522285754700386,0.06721741382299956,0.012615944071019186,0.027178359941749795,0.10268360441414925,0.023155965521197544,0.025937079683651318,0.06538409337124514,0.0,0.2422876353181167,0.07000066714567459,0.004855591878714887,0.01866165467821616,0.2085201953297212,0.024473802664197315,0.018723071767140765
10985,0.12968117604167076,0.11518758818355548,0.028001762529821388,0.037412344999382466,0.3541445209029832,0.1640241608326327,0.06237505927172898,0.45740669936621253,0.07503718728098396,0.06260386597406892,0.011036932814214194,0.03058805341682843,0.101669351577178,0.029136714167730827,0.031303911800346584,0.0639829442310184,0.0,0.15284025406740948,0.1310176417374198,0.012377536515638853,0.02586815443577002,0.20707406132263131,0.029306890484553375,0.02419660520586224
10987,0.12627417304336733,0.08789828851959895,0.023576400418490403,0.05459120522478391,0.3855047405396469,0.12814804560054235,0.190519238021872,0.4457149220237848,0.06406561896015395,0.06376276639529671,0.010339704049526553,0.028181632276864987,0.09216682618787736,0.26131986734886575,0.02562533916167628,0.060405425644619405,0.0009686142802623264,0.22768120824057497,0.05790479282323953,0.022109452792602808,0.02319609491669019,0.1971083341247722,0.023462801560104295,0.01725217602773267
10994,0.18490363543070149,0.09372164788425132,0.027894212715515537,0.03158516552439765,0.5410758491448281,0.19427766777039568,0.0358730221597076,0.46512117061799463,0.10261642097618053,0.0783506288925735,0.010817366694752894,0.024178128144169864,0.10611600499249034,0.0261477714856599,0.05962308248505097,0.09419066836505965,1.5037593984962407e-05,0.3076652364211261,0.06962260418791388,0.005375732847626149,0.02214913029309502,0.22147208712511252,0.023910294175321707,0.018567933677635567
10999,0.2238025820389641,0.12082199997100634,0.033992488651746006,0.015186170317839993,0.32351815139490264,0.37636730592236395,0.008678899488982157,0.5166510193727003,0.08036874652393243,0.08825555276736502,0.09715291527296747,0.028904326463641807,0.15325442271401188,0.018813638213639676,0.02484676795798828,0.2109009916342811,0.0,0.26147955383282717,0.07037158989659345,0.000784349438387393,0.05309503447384432,0.3610083004286552,0.027924318854898975,0.040676915432796557
11003,0.1521048842579261,0.13296979741114584,0.024746851631694256,0.031044477434732334,0.3693026399741018,0.12177941628879811,0.022749341961289526,0.5288756485165975,0.06529809431426412,0.07056938442352981,0.010963869171657238,0.06151235756425882,0.07640171986227515,0.027479635795022314,0.025460821825419103,0.07627889986210788,1.034126163391934e-05,0.173536378696137,0.07861819104890938,0.007324208683189205,0.030816805998823707,0.22258470796444965,0.2288241877938793,0.017849305253896074
11006,0.14859283585134483,0.11777545266918056,0.020316311335180234,0.02382325437135902,0.428901220521871,0.2821641615818984,0.008061112391670174,0.4616883923727198,0.060512959434454,0.08050337008186487,0.01929633177728214,0.021064376187949728,0.10525031441685526,0.019551726300317124,0.023200531149749404,0.0961631495451561,0.0,0.16942260989586252,0.05775449129081869,0.004125466491512066,0.018016422307841076,0.3274069481134512,0.022481166234070593,0.026104676862205727
11007,0.11116451672420269,0.09308530456466425,0.022717832105358656,0.03292191292931111,0.3933937623573076,0.1445607664314921,0.019665525910341278,0.4688664608440643,0.062337027828439764,0.08452893072267077,0.011471946876683948,0.023274752967274784,0.09996991684539436,0.02843902195952739,0.024124880315137046,0.0756290391668075,0.0,0.2326299283434981,0.05429076690344099,0.02886989121798631,0.019356623895553232,0.24888188612098852,0.024416643996348263,0.017586919327217728
11008,0.14194914824575733,0.11169100489295908,0.02157083643813622,0.027183816030949107,0.3155607692570282,0.13735056791541253,0.031039763547423656,0.3837249979071914,0.06888945715313685,0.07505580794180226,0.013149774554368079,0.027911310290729578,0.21991105690650492,0.02417306512481752,0.024535137028992418,0.07572715158527889,0.0,0.15379560838663206,0.3227465021953293,0.009029799609453609,0.02093095522248301,0.28078347177642876,0.02737979720296541,0.018103190772726242
11009,0.12180130974675393,0.13629765651291806,0.022672984322818533,0.038100275207546865,0.35545265067248283,0.12358398242432728,0.03943741077070026,0.44869389144599947,0.06265457200617504,0.08431157461239236,0.010484074843664268,0.026356503748372857,0.08234875879670459,0.03163508077725766,0.024817219823723854,0.06362336616411905,4.987531172069825e-05,0.21878684449919356,0.39025599879808204,0.010956956809628233,0.02257436774398065,0.20923613085152565,0.022570100118347147,0.017309922693178815
11014,0.2126958330038132,0.19621355550281017,0.0249389246019962,0.028104440828934152,0.5320756881722771,0.13116134433424104,0.01880697022829135,0.40288140501615816,0.07394885320777807,0.06985043365621008,0.011645342438885497,0.02412765744894752,0.09743454744429583,0.043725088445727076,0.03503100189262884,0.06999212067853758,0.0,0.2642631001402887,0.07822249322456931,0.010033716257783409,0.032821219956967525,0.20528317715440475,0.025651944678996466,0.018043052143745093
11016,0.14638641373531422,0.09830905420903874,0.021499801922924545,0.11508747312618844,0.4197855261847259,0.22422731784494812,0.05297698712685671,0.4935213122992855,0.05830922412677782,0.0665939328889604,0.022720892113122133,0.052005012948319856,0.0973264060633093,0.03576476314749595,0.023511469115217794,0.10577342630564358,1.034126163391934e-05,0.17457998992831933,0.05711547163740601,0.023886150625081558,0.020608050282468687,0.29869345168241684,0.02356469573264536,0.019574331034942646
11017,0.13907729917960476,0.10948105845668053,0.02192024989300566,0.03556617854606033,0.3377693461935477,0.1233853059041298,0.1287762270304698,0.46880294407484385,0.0653846234898375,0.070501833727555,0.010507068925579647,0.03936574484195403,0.09534174130566925,0.2737110546034165,0.03493880053940504,0.06413119049274284,6.988788313581287e-05,0.1809013395102636,0.0880594034764187,0.005231554205253344,0.02013984290638483,0.20588086995888685,0.029421001008644573,0.017471372830731434
11023,0.14484672124214662,0.0884587077832776,0.02342532234410698,0.04069709621926159,0.4374220493213232,0.13836943883461195,0.06636599125740782,0.44636367350778805,0.0643771773778055,0.06376276639529671,0.010103956017084671,0.0270284372403134,0.09322841751510108,0.029487499196472578,0.024385127027869453,0.06036707430622459,0.0001243018819400214,0.15732518131697995,0.057772854436866306,0.012697958885313616,0.020333669353191423,0.21714835595887994,0.024434789306050333,0.019284603019178944
11027,0.1543230807411443,0.11635168250611608,0.019813963889540594,0.03133689792048653,0.43673972132773314,0.13915370451641654,0.01620022315334507,0.617531115006212,0.10069416020847376,0.0621115319847274,0.07164400649187708,0.05590963397632243,0.10122374438871987,0.03880582958821702,0.052175127282584555,0.06862675290281538,0.01,0.2742662069462868,0.0705179949273328,0.014326986527626531,0.04842747937466133,0.2101765683068696,0.09979158406701011,0.03891137613596611
11032,0.10715232218824797,0.08295584071945213,0.018505076082267948,0.027359448749113332,0.45915340405439886,0.1668718592396844,0.006595159124717531,0.6278128938430424,0.06171272485700745,0.06739452376826423,0.011541177628658134,0.023451336534046723,0.07409564657057774,0.0214802837433743,0.026399515103020018,0.10786157433336767,0.01,0.4094464348787942,0.05176299178101606,0.019883563383470294,0.02195643427004192,0.19924597556356816,0.019012338827975133,0.017360131745384713
11038,0.2050395745733166,0.09719995014467968,0.02244360019324181,0.09506536688362158,0.3756197696075707,0.2591875897521502,0.06447781661616257,0.5354871371402649,0.06297616579345866,0.06153585591328466,0.023802042801263735,0.032627439841692356,0.08902174308009077,0.029080858819652763,0.025750553072488015,0.06752247048060096,0.0014399722932028367,0.15918942439416583,0.05704399363259414,0.005100851805695001,0.019755956647790573,0.4321854304225296,0.034860796124549356,0.018033007281456185
11042,0.08973936807599037,0.07620960762153378,0.020286344913103774,0.046599311308720436,0.3750595840865513,0.12107206989520666,0.017370608493906703,0.5749852921326343,0.06362465996209604,0.0638733140304238,0.01131328171594287,0.024091788448896145,0.16950021341574864,0.025170922077858995,0.025569228282100037,0.0787954176775691,0.0,0.2758824667985423,0.06458730513280529,0.004881739261962098,0.017082145428076696,0.20261140277352527,0.021367181286203154,0.01891525040568772
11046,0.14241062498964957,0.14096388326190618,0.04405815664792451,0.1089953098030941,0.4455474277219073,0.1407102004904068,0.03953423550643637,0.5512858014511024,0.09175928028837176,0.06795554004487175,0.018802120949386818,0.045170518779017114,0.08803342971818197,0.04355688543585843,0.026476012310079455,0.08028056838834637,0.0,0.27537812526684047,0.061327089467147794,0.011447806039295261,0.024989089826658394,0.22907448187119203,0.06325060005496969,0.025217816684292935
11047,0.1888303664229877,0.22667030952093456,0.022627324262028223,0.02487005621448002,0.36381576760412027,0.12677260959025385,0.018476553405371146,0.45555246801615296,0.09841050064481903,0.08390142265469042,0.011119693522146274,0.02538104349258781,0.13544507328601535,0.025154468200052685,0.024791750005679597,0.0848039727693793,0.0,0.170138722768863,0.13748298104407897,0.005166167917924922,0.04338336537952537,0.2163761925383076,0.02429581250862778,0.018292920559159525
11048,0.13619528767367586,0.13211678863799695,0.016446608187731596,0.03890911674896337,0.32783147470381313,0.13931047939959504,0.02947696628384165,0.6801578189470149,0.0749926185615752,0.1354275631194636,0.01511380585293158,0.02503180684468135,0.11430728542369029,0.03616528909364555,0.027633690243369778,0.09276996869073181,0.01,0.33754518727616073,0.10767283529712818,0.005617113708042586,0.0184634080601726,0.25385434348797664,0.04612137669732845,0.02826052571058127
11051,0.19957913253408663,0.28137790228359466,0.03257122241971845,0.043710804095290615,0.34767917148632926,0.1737516958311777,0.028202914072253202,0.48710867038717376,0.06854848574198624,0.09978235819812152,0.02063676951130717,0.025663939295503327,0.15876210667434904,0.03200260206162108,0.023250535388246018,0.09778752928538799,1.034126163391934e-05,0.18669689556606625,0.21378752272043194,0.0024199925188618495,0.021542265082711228,0.2743186546122443,0.13714617216945427,0.03905381657110955
11054,0.12709569914453148,0.10868886409248849,0.02194377013554756,0.04875022216464437,0.39210858651032693,0.12443594086594637,0.013137862281800392,0.4883455459195685,0.06404411200220238,0.07375324893791334,0.01169204530667253,0.027790632271267577,0.14265567910320262,0.024745265598424424,0.02518597457598242,0.06925397633571119,0.0,0.2790395136149028,0.056110437877150705,0.010363998110783762,0.020606653690607327,0.21204781895763433,0.022787422250788437,0.019128117780959516
11055,0.14272062861412693,0.11178708633285657,0.03224903000729762,0.03425182090666748,0.35277230266710113,0.19355435770600515,0.018499784341587066,0.5413135280420275,0.06893632284359819,0.06479747031908006,0.01142839946090634,0.02471111200629927,0.12148228291398595,0.02431577674471895,0.024876793930463947,0.0695958847349897,0.0,0.18012045241613442,0.056203854267184286,0.008301754550404893,0.02021245344712053,0.2730980876841008,0.03741533199979494,0.019140240039719324
11061,0.24726612914396626,0.2052394262612933,0.08415365874510887,0.05757346943835064,0.3262367502092204,0.267262713242015,0.042020680782258,0.39614202266715376,0.12880769313860815,0.2332865971399676,0.011251600379091816,0.06079059271353891,0.2164443964423369,0.028222855448956436,0.039886219227555225,0.12939200939959528,1.447178002894356e-05,0.21911992338140363,0.09640520165742901,0.004496166458701162,0.03155087361800669,0.3495188278712809,0.03335561068897515,0.016461196486508158
11063,0.20076554370942484,0.10218593666901893,0.023479767063115574,0.045078722587190256,0.33230523371392384,0.30418202648891035,0.052491560219506475,0.5247051489979092,0.06841715997466742,0.06695171911873647,0.02690443620506319,0.026763743793151332,0.0855080154241913,0.03881003824706399,0.024139045117828196,0.13927574273334942,1.034126163391934e-05,0.16463733103299577,0.06229638573762055,0.010288377063460571,0.018657086904558612,0.33653699501023987,0.036717654570455845,0.02926059974928996
11064,0.1584257264509506,0.10862485067339218,0.026065638045111434,0.031279414953182705,0.46286069935303614,0.13506647314805972,0.04190135466018206,0.38634621355918924,0.13592707714237343,0.07240958893997583,0.01131103073928518,0.05895626973475844,0.12707568781537884,0.025427937289677623,0.024999236902360798,0.0671045202330433,2.9509374013905968e-05,0.1833001796417192,0.2793566690479439,0.005888816258874856,0.04830322866902421,0.21496831503625227,0.10425828397008134,0.0407931282088757
11068,0.12961983828332915,0.1364346852902647,0.021429749345877745,0.033728058802572965,0.37047022712708094,0.13307467882841734,0.03075816378213358,0.5332361093424945,0.07264321705630535,0.06634656435663451,0.012119782321843686,0.04770471670449462,0.09041731979179046,0.024642720481878058,0.02786138729141447,0.07798071915200926,1.034126163391934e-05,0.23569203798335925,0.05344139191002996,0.006127702277243501,0.018208776802233765,0.19902661247760553,0.1352144959486921,0.054560824681165195
11071,0.1346861659906273,0.09956103753290294,0.023326019986304306,0.047671692120710166,0.37325882317233744,0.12965167190102414,0.0944297154072056,0.5101390721452355,0.0756953257314303,0.06343429724109029,0.012557149212760492,0.0419773866324231,0.09092576795632565,0.028500131530847024,0.02413845067129976,0.06290716393073627,2.9509374013905968e-05,0.19331170828487174,0.061236633765642826,0.05368132794285895,0.02050320053101176,0.20053902528740192,0.029366403591926125,0.018768934386825226
11074,0.17939473740597456,0.09557702753426169,0.021473394347258368,0.06063005481038801,0.4785960668996701,0.20731720066468712,0.11844807904442879,0.5755511321161495,0.07588987335696232,0.08685918038342588,0.013708959875848968,0.0340134451731569,0.14553176460155723,0.03645233892983473,0.025235657662110077,0.08898439791368651,0.01,0.29714934154000605,0.0659934581598268,0.014186423680614567,0.08312403296816387,0.2550131946502875,0.03455102063111969,0.03538019762268197
11076,0.10368137572543823,0.14092469674599545,0.019529263887843935,0.028252108756992335,0.3481730462633433,0.12432874264897224,0.028476602869826596,0.5566693745050901,0.06512521069628782,0.06594090527600961,0.01099695766943059,0.022249711486063757,0.14534577075670374,0.02494061559377185,0.025043799608684678,0.08327587730440285,2.188183807439825e-05,0.28175550916964814,0.0490666435024292,0.0024589748996305385,0.016668429841782562,0.2213501419830984,0.02236167880326856,0.020547486866164047
11080,0.13558844439417655,0.08990020624273179,0.02232212250836423,0.02974313242821122,0.3456852049692848,0.12971151911883838,0.02438834012563459,0.5266565170416077,0.06678343138181375,0.06653615705266526,0.011549285979614016,0.03479487013734702,0.11765876244805351,0.025294734320987996,0.025755013679658142,0.10902826915209891,0.0,0.2094150914332138,0.08216315831517078,0.0073435894507685485,0.018763224237178938,0.23698252999662792,0.024315637103462535,0.01874837103840886
11085,0.1484962982873011,0.12897663962376538,0.025671364329367515,0.03371783275827642,0.37140331702286516,0.12651533847454538,0.04546754117674077,0.44007481001224263,0.06436445841751373,0.06553612732099633,0.010257831744268335,0.027417199406449946,0.09488350741939816,0.02709500830317448,0.024973487057882823,0.06474080756204577,5.27023774124577e-05,0.1541682165935015,0.06907399563388657,0.008939076270276604,0.020942962649566493,0.19448061543100137,0.03650016530868338,0.029334922667710442
11090,0.09780876089569271,0.07663477678739092,0.021594235578995362,0.030948439183627774,0.4268910391130038,0.13513143259766405,0.012307030751753016,0.5330719025667425,0.06126342908361845,0.06817393583395075,0.011311544767249779,0.0323818395034436,0.1200557531320219,0.025833892019228942,0.03881617144397308,0.06858217108500794,4.800604506141463e-05,0.3324546664968579,0.04855367230539381,0.005185479392062987,0.01680885436713316,0.2265541305530725,0.020475578018564103,0.017847387781173035
11091,0.10656836861350062,0.18061837813555448,0.024166477296816872,0.05200824937495365,0.40379551236328026,0.11208562342289433,0.029287821228005998,0.5458159879763398,0.11541393125741235,0.09689580807952552,0.011379037177994631,0.02333415448665697,0.08983479722582201,0.023969763763834338,0.031413222945895575,0.12284564234236452,0.0,0.39848921055038866,0.09511711917964158,0.0023109486369318174,0.017891393814376176,0.15929729914522694,0.030466680720383027,0.01807846653344678
11092,0.13036724960500445,0.22141634924831785,0.032507942996804935,0.07127548052426694,0.34141900773136846,0.1325683115272975,0.07156912224682434,0.5386279716104622,0.09623140630570141,0.06364898603885821,0.011166067834279526,0.03118796165842586,0.1096504325050571,0.113389775444405,0.02577327224162179,0.08881755680774378,4.1841004184100415e-05,0.18029695473561452,0.07047071255425358,0.006393689228873154,0.020731648312949536,0.24318965034964213,0.029554803220795126,0.029249814071749317
11095,0.1795858182151927,0.09808919662106833,0.019182968505782872,0.027168622577016764,0.37312978347766174,0.26342341029675115,0.008141011954213033,0.5447892898994522,0.06873131976295851,0.07173953665853552,0.014019899976627982,0.02179763538094678,0.13316135630625317,0.019727875409993174,0.023764106723101065,0.09653441216994972,0.0,0.24318146791304798,0.05645218239776342,0.004556813913667917,0.01983489833578667,0.3302396887624027,0.02515073455294354,0.01761662245314556
11096,0.1786471429810713,0.10085532353381056,0.023971822753612898,0.05052849489745503,0.3106186429045395,0.1495945029303661,0.13012546397532293,0.434151547356799,0.07196894805520115,0.06688699323489013,0.010166439497140689,0.04445939983117617,0.09692687226883417,0.24374336518543654,0.03970172074581273,0.0633517203706778,0.0002281862252415948,0.175755529564852,0.05972433359495478,0.010267184344264458,0.02246257076317681,0.214401431804789,0.023984493408749724,0.01782677933663109
11100,0.11640132628760894,0.12088830569473318,0.1058406143951509,0.05274830143364376,0.44514330304803457,0.22199877006377366,0.01970189898710546,0.6223159926855907,0.1727665356637752,0.18490101658898225,0.02169004519710327,0.050848599148080424,0.0821961695596635,0.09329231823625035,0.05708603423086814,0.13166837475988238,0.0,0.388537388355844,0.08854572713670901,0.0009597098177660176,0.03484868542531695,0.2093336753761882,0.01826640681966046,0.07493728136925176
11103,0.26837623968910873,0.11516772239720956,0.022095612481226774,0.1071206869343986,0.29585201606560546,0.1872410026376144,0.07408436396894263,0.5525077519746898,0.07290928408844558,0.08903671818857326,0.01380621802127359,0.04002981128309303,0.1367190799451547,0.03253199553216777,0.025112042739678132,0.07404316009501984,0.0007407407407407407,0.1521776090959177,0.055608948329054046,0.008494266207929433,0.020550034351016818,0.4444957873914944,0.06914985342424675,0.018274179589192942
11104,0.20222985731033907,0.08772054851989954,0.024094953233532355,0.038212945782836454,0.40331846303683067,0.1567324871248209,0.09437438840707132,0.451617147300463,0.06406561896015395,0.06555149463407997,0.01003925072746217,0.02637475533923062,0.09117703409356209,0.03355413640956924,0.024512596718192434,0.06074667470112271,0.00016422754911304157,0.15478921119664016,0.05861679206867515,0.01620072857238867,0.020213934297738913,0.24607678427422955,0.024045930509366292,0.019560601842693034
11105,0.3791000514598799,0.11478563060400701,0.037127599186288544,0.08280560695385455,0.34520009569591126,0.47687111700109147,0.006245763372643428,0.5954600261118479,0.07132401963140145,0.06641908510956518,0.027446314190319048,0.07754414796806058,0.09197672947590341,0.020415329717262308,0.03613470801924717,0.23514099538346322,0.0,0.2868831743610858,0.11903678577039799,0.03260813402829131,0.02715319471671047,0.5439932348967241,0.04278139690093683,0.038924833031295084
11106,0.12337458456379481,0.10045381725816009,0.02165266612082117,0.06401762894696116,0.4253196225193082,0.1271349958990663,0.018224537948846455,0.45106800184123846,0.06450339644608293,0.06992991660773154,0.01124292692984969,0.02468757999499446,0.11409484273936199,0.03582682046905251,0.026798764622496495,0.08814724185440861,0.01,0.2068817962912631,0.06134984540686168,0.007686323544055347,0.020461656941141618,0.2086677200358566,0.03338990672322846,0.018586430502940697
11109,0.13397910143376354,0.09292666577489841,0.023673737662919424,0.05287182578016591,0.3528144569090151,0.12826328536459053,0.37131114188239045,0.34667340002276503,0.06436323502953925,0.06453046500949279,0.01006967239795441,0.03440169155163065,0.09109466600312854,0.042489972069287486,0.024512596718192434,0.05998571282090436,0.0013414105495163575,0.1468657761179235,0.05895571889385684,0.012714162743656984,0.020005494595848442,0.19179870609044458,0.0275200225896213,0.017307598336171497
11111,0.11319403594312748,0.09147404708013969,0.020028879638162647,0.03032396456208749,0.4091816515295499,0.33192312482736885,0.021429173166567447,0.502237963477034,0.05481640133437912,0.06201382509163695,0.018435213960091887,0.032831650825266186,0.10565249701716416,0.026312402112222744,0.026430126080685894,0.1050785479999297,0.0,0.25555319983361274,0.058328536957583055,0.014522277857267805,0.0150525054473552,0.3492222621240914,0.03337575555022566,0.020042068034137283
11112,0.21976628788436872,0.21480406646291217,0.024411144233975043,0.032641218408099595,0.3550498387784243,0.21883306225897584,0.017472065003255443,0.3843711806455869,0.17927783506792647,0.19968137130858188,0.023409773870397464,0.025814825702670616,0.18926288824976845,0.06084182823953335,0.025173119430661254,0.10207039480298198,0.0002857142857142857,0.17183844711822607,0.12388771599154676,0.006010178235958903,0.020791163474466617,0.3219750860873678,0.023108165150414806,0.01838245286596748
11118,0.11295504975622822,0.07899863078982657,0.020788391907890853,0.032510696357247015,0.42716051749922945,0.12499591172926262,0.04110776486746911,0.5013111585384028,0.06426578893611537,0.06374866892769536,0.01190422680975915,0.02416620578343064,0.09013840210927031,0.02655796894608426,0.026988987932420324,0.0653334568298078,2.4813041662862895e-05,0.31179564533585596,0.046041411509552516,0.0071200440284340675,0.018151178323647748,0.21244415440710637,0.023940575440202415,0.018953797245629084
11119,0.14404983380014355,0.09996059550380922,0.020148097443715332,0.11544789563115623,0.4085400298684463,0.1609562551768918,0.021573307248064378,0.5458348656080145,0.06149089980179113,0.073062812851712,0.015185021988161202,0.02724121572521779,0.09634612919485785,0.025452926879061782,0.023995899002867964,0.0621988051002894,0.0,0.37366626733624264,0.050985903482678153,0.00562823587259488,0.020095514837596407,0.2200776209147191,0.021583180715689796,0.01645950455376013
11122,0.33324355601790595,0.15864647761205825,0.0242652605171967,0.03159539633497419,0.32880284619465927,0.3262295419197435,0.03372319674656439,0.3522463280919474,0.06068175428506619,0.10155316530963615,0.03165332064556388,0.023732022165490224,0.16126422737021248,0.027650863438471368,0.02388643958131669,0.17036212935389508,0.0,0.15412055089260474,0.493815422359137,0.009366706835708845,0.01914041763049307,0.3385999875237463,0.02403556758209504,0.020473940931781124
11125,0.15871056295256739,0.1134222788970068,0.025213781999315378,0.029674347233863866,0.4009218627700678,0.2313509701197423,0.028228096999808168,0.5074700126190613,0.06037414159485387,0.0718889159406161,0.013853512698564038,0.022940685933312624,0.1246188673310634,0.02098281613751858,0.0561767578770658,0.09738759740386012,0.0,0.29963585473731413,0.0605229886816946,0.0037846772293923508,0.018755588836875593,0.3240809483238345,0.024295462513542768,0.018488999630099846
11127,0.1394400773914567,0.0928205310443332,0.022254598221767757,0.0418265770287817,0.3109817067214408,0.3138551926223938,0.0752664984134273,0.4771356868291489,0.06391558866386043,0.06891143353093518,0.015531823218187395,0.026193064130642995,0.08546123044815973,0.026436390641389678,0.023635214338217535,0.14419503974885572,1.447178002894356e-05,0.1504645902767271,0.0627996521728496,0.02850314989907413,0.020872344719632636,0.3074278919791055,0.024785995776681658,0.019418367245293097
11129,0.18825975274229037,0.11586551957286302,0.020299639240267564,0.06808701151966519,0.30669885272848,0.15471010181695782,0.027670586755506404,0.4964388244876315,0.06465828432514288,0.07790319287618414,0.01184630626033026,0.028771252101953713,0.2009409489330254,0.09445160634071344,0.02470988177385996,0.10357712250337184,0.0,0.17071470729718066,0.07849325783737371,0.006279144767179478,0.032540704338347964,0.25904175493693765,0.043455109000387404,0.03542460135732359
11139,0.11479012895043571,0.10519742339536942,0.028483665049244627,0.04275979595862105,0.4798755636677497,0.17499620735422824,0.015582966769338616,0.5257258837580422,0.06347092165763207,0.08639978720072912,0.055064597399267015,0.06559742489268144,0.1283847574699718,0.019671902557228317,0.0406494474929813,0.10583035810909833,0.0,0.41290569491260526,0.04787321181563598,0.03174121335666282,0.01727831710541677,0.23943994281425915,0.0709359291978214,0.033326500436341645
11143,0.07313674029825454,0.0831624503043637,0.034897746220212106,0.0680433491072797,0.44736855695211475,0.18197542013002044,0.03412209971466571,0.7189368152431002,0.0754479401241246,0.08669673112294696,0.01374104320389398,0.051656558081076734,0.0614135038871528,0.044881508017806125,0.04049886291435989,0.09281650552720051,0.0,0.4910534803376049,0.045771640902353854,0.012175326077953286,0.026033105775350465,0.2506897126739401,0.027913750615625697,0.016830010737005328
11145,0.2610543224140881,0.26434962890849684,0.03861498381613762,0.022878802179890037,0.3551065738570555,0.13723596210208666,0.011355797421340139,0.4871350274217427,0.10396733019019369,0.08417196849718712,0.012921246252419942,0.04111471049433426,0.07755258635119856,0.021371514822452968,0.02380961902966432,0.07426386027654386,0.0,0.20356243695793752,0.0944593791586214,0.011470204166701905,0.021575996554292917,0.24349151775939923,0.1264163818626193,0.017347498190469057
11153,0.12287990100126453,0.08929308158733745,0.024168993622829,0.03642541904853438,0.4286594478332354,0.14221112966432875,0.0499060963061316,0.507269814967353,0.06556089508059552,0.08505849149761122,0.010660686851892148,0.03782838990070318,0.13415257446610665,0.030858539191250207,0.024397648193156082,0.06283890348487563,2.1551724137931033e-05,0.1561164207209547,0.05680432098016234,0.01346609564814774,0.030362362422687274,0.20563810417302683,0.03482627478424077,0.01803529067206787
11155,0.12169463917508322,0.08954904540885095,0.02403610293871731,0.06830946758031455,0.3705760824615508,0.11845038252923061,0.06488163476687747,0.5495986875328522,0.06436323502953925,0.07107720255099753,0.01014650699920134,0.034535270751320735,0.12437710202688634,0.033127725360503776,0.026700239704008033,0.06339617195534475,0.0018407491635338696,0.24923898197138125,0.055491635681276616,0.01414730545092551,0.024288813670800376,0.18908202979132027,0.024235945375414493,0.019180457009024
11157,0.16687553115785936,0.10394869867331946,0.022953182686702035,0.03714086205055674,0.4069621304341705,0.48263281617015524,0.07156946090437388,0.44930455919475987,0.05983902485567347,0.06445333569499645,0.01633325144724945,0.027398473871675755,0.10864303220171426,0.02821643425759333,0.025026960375955278,0.09505527397531428,1.5037593984962407e-05,0.15036247583867077,0.07166633593566622,0.013248638434721143,0.020268025245847872,0.3081808434337755,0.03187227712772909,0.01837546357750681
11158,0.139342717033366,0.09163772104378712,0.02919778822387138,0.04321086368731114,0.2986339655556116,0.36100245383215745,0.013934566343533641,0.5353740207388324,0.05811332317446011,0.07341357390416914,0.08386897003412004,0.026936221005659573,0.07170194302820938,0.02900967462207195,0.02424483425004249,0.19073226463218787,1.034126163391934e-05,0.16155639548816897,0.064738500730189,0.009671843637453893,0.019853495928117852,0.4719054632759844,0.02261484076601312,0.019594518740972657
11165,0.25162280587620633,0.09700095194174736,0.023717751693811722,0.08324400019570664,0.3630082765478457,0.14175870353984268,0.05130161598753984,0.49770431676168386,0.06349138847443106,0.06850816641603172,0.011860365987363437,0.032493404401011124,0.10985533250604643,0.04200560979509491,0.02533315429062983,0.07913420068694975,0.0012355364270954477,0.15641599153010843,0.06731807803688086,0.01349787991427466,0.023474176909696075,0.3499879940271031,0.022933442148913397,0.01991021205032678
11166,0.16285701091892665,0.1892478220946779,0.04674633099441979,0.027025702720215948,0.40906376123476135,0.26961979995298313,0.022299265888475625,0.6422539190078058,0.11270189703830492,0.124044571874648,0.03542736729751716,0.04421496047270927,0.08273514286751107,0.04058094419036238,0.022809798430550927,0.18428828799054134,0.0,0.42460023457629076,0.0805006846727012,0.013042352416533887,0.02972305450836074,0.2788490458139226,0.04854509595169989,0.041971519841099134
11172,0.17103132748060165,0.09388550991345065,0.022464661537727464,0.040203377853880076,0.4384273543412531,0.3321186561764716,0.04314916578078179,0.4725427705292081,0.05765271302433535,0.062393043590695106,0.02754630675586056,0.02567690483256565,0.09392004494890507,0.026231852700103638,0.023727536524977357,0.09439619079823151,2.188183807439825e-05,0.1646706898745587,0.06227034972474581,0.012679118718553628,0.018385549185828964,0.3697977067700852,0.02361495154911898,0.018625850450247616
11175,0.11005090995516302,0.08392672893645922,0.027197582161288883,0.04713058865815813,0.387456402324883,0.12321993868334405,0.02959928295227239,0.5952838237153322,0.06302750243263959,0.06589650449853372,0.01132356197928355,0.024012245459961782,0.09674495843474172,0.24170384253442515,0.10005263344893468,0.080926104676712,0.0,0.4912405277548844,0.04980579994033801,0.0037739136721203752,0.01912519821750278,0.18136181140798713,0.027956150019738325,0.018732040560396675
11180,0.13851516684477902,0.08409323384742053,0.021437804766645766,0.03842021184629264,0.3866386976497519,0.12815854163537366,0.06618211618282624,0.4592787504878105,0.06406561896015395,0.06442596101602631,0.010133575312812178,0.02495434762817923,0.10048170257063271,0.03540204109660212,0.024775591749750765,0.06694051609547849,0.00019732033586574097,0.20690556088760087,0.05197450869997972,0.012708558245995866,0.018333216046525054,0.20627463620973757,0.02443769186967196,0.018501193386110518
11182,0.1768855165151821,0.19490254120389086,0.026639831839176637,0.03313593939046658,0.29871763296717224,0.19577634307480266,0.04237531477871579,0.4681958695304933,0.06374814845655868,0.06837366649085604,0.024448699832230577,0.026761169198759885,0.2963755364555026,0.025104657317339393,0.025512711031394707,0.18237475004370224,0.0,0.15248637100291443,0.37957956739513166,0.011708937170632996,0.018400619567240116,0.41601432473028377,0.023609774041310684,0.024187835089535703
11193,0.15406137233650166,0.10035818242705517,0.022384005273705977,0.21398707555684357,0.3332365488784953,0.1360480394479272,0.1513198221573422,0.46881905598089035,0.06268434062280423,0.07972352703018704,0.0124776762456161,0.06602180549295555,0.0810723993361782,0.046086940240867055,0.024155153592833004,0.07459376990336464,0.0,0.17397482813836848,0.05953423225270311,0.003782851942924148,0.024497566716289866,0.21140141388552153,0.047985962582564747,0.01866817495625908
11197,0.12759648263134113,0.09069354032487713,0.02471430032608049,0.03754754495191488,0.34434726280339384,0.3244752267150279,0.08394940812675439,0.4667349429386254,0.09854928713247514,0.06350916033243909,0.015633958084195904,0.03125987724359978,0.09346690620398052,0.030347884707526016,0.024512596718192434,0.14391385845949936,0.00016422754911304157,0.15049057173642763,0.07560444043343473,0.015221121073889848,0.019963443825838152,0.3094282580988075,0.024455175896204367,0.019188207607415325
11199,0.1508481046214399,0.11586741424147651,0.06670160332152911,0.025092246072218126,0.421973188780125,0.18738250692593528,0.010055797295302314,0.5443166001429476,0.07915597062906043,0.07402620000050054,0.046533560407397284,0.04185397904879485,0.10791981769486583,0.031467523510806415,0.023813336129385534,0.07682242450444646,0.0,0.1829441547786364,0.06030255489735509,0.013658704718865265,0.02197690080260304,0.23352093359805454,0.024601354525423846,0.07963413664319123
11201,0.32341329039640226,0.17148949529396482,0.04218864830270291,0.02649303896323098,0.2792244402611518,0.15280337508416084,0.010674420833921495,0.540240630754742,0.06434423849426736,0.08322084893937581,0.022981781999902928,0.058459711540026875,0.10718972184225706,0.028404221748630488,0.02701241285399973,0.1783873085171209,0.0,0.16695067388830365,0.0693397565491618,0.001456127565041876,0.01768812884619708,0.3367136559188237,0.0994772058599709,0.10338448016569193
11202,0.1422812240135354,0.0861505376104224,0.021609139843307257,0.0314878812517793,0.4156747981289785,0.1351427757880109,0.032555821105635194,0.4792129182273902,0.06457356167629259,0.07777605562722342,0.010831799432068787,0.025826491666054455,0.21449203411302833,0.027088618488423172,0.025622961503154195,0.07468329179560264,2.188183807439825e-05,0.15353884400696566,0.05620444862976979,0.00997975180500078,0.020325408465779366,0.24529942739068425,0.023656631234807986,0.018490315581849093
11204,0.16577682797096055,0.14656144783971017,0.033173068804478394,0.05988146672638374,0.3575864494911319,0.14588487963515565,0.09997865659256014,0.46578469469887457,0.0718179443460384,0.08019642408686298,0.010277396653204757,0.0314265098219812,0.09270403358159507,0.03140790309898443,0.025672014965803354,0.06332055124611535,0.00018018018018018018,0.16587454442394275,0.0670387299377197,0.006339163647469267,0.01968671255150314,0.1857016485141658,0.024354330997509187,0.019027301406539018
11213,0.17402108084900778,0.11427288328687242,0.02105572286778632,0.02716108424463372,0.3979032045814012,0.25504748510693076,0.010509035680642615,0.45307124410279515,0.0647082661852721,0.07461469371960316,0.02106603167319101,0.025552985474122023,0.08700231781919737,0.026171167749183696,0.02697105512402004,0.16085093244098583,0.0,0.18683146487605548,0.08051005198911991,0.007274568083377631,0.028505771135961092,0.30924933599218,0.0249766273382739,0.038266510196972255
11216,0.14437016528356522,0.09419271844466909,0.024227680106029253,0.042198999684668934,0.37145925268941027,0.20904147098461226,0.08807079080193386,0.45323551183523186,0.06337371570042735,0.06565390636855392,0.009949802063426131,0.03151581938978031,0.10732138874515072,0.03338808340833455,0.024973487057882823,0.14430967575362585,0.00011028462769988235,0.15103084489041205,0.06309909488238606,0.021967355912647826,0.020146317423174843,0.26467967540520865,0.023728653461869018,0.017993075657844804
11217,0.28261590178036644,0.13670249656635086,0.02137566935347687,0.03569185846107114,0.4175014039047735,0.3592630571559565,0.02376834971447458,0.47648976930236325,0.14140878152317413,0.09081991361673522,0.030638750331489523,0.026034727211262036,0.11554300767442274,0.023378685005254873,0.02616071724587602,0.09332741391555485,0.0,0.17965847314021313,0.0738724287542984,0.0036522692073719144,0.029799329136154514,0.34148314756966536,0.024418900981902594,0.052503903497180884
11218,0.11432361717338466,0.10080082929049611,0.0373009942647749,0.03533215269193209,0.3673784239092469,0.11968668343510913,0.03920987214141965,0.5962848675722267,0.06358808911126977,0.08940130319463455,0.012660692447591064,0.026149014513300824,0.08236967671157411,0.027672231855272404,0.024249673367033785,0.07270080835260066,9.98195165640053e-05,0.22024990703824593,0.0670250946095538,0.005313458278775953,0.020375586044524566,0.20386755521355396,0.026492145529596858,0.023362936030872423
11219,0.1420944936026665,0.10384380967913855,0.03589530984399562,0.06356710611052271,0.47021474645001016,0.1330007065499698,0.01347910999885755,0.6028145453693611,0.08943063117794946,0.09806174619942302,0.011919850909088455,0.07236791889526953,0.09735101147882315,0.07106960864247715,0.024331095175909624,0.09450645265411885,0.0,0.3415795444898291,0.09278036018979142,0.002406012140992479,0.08955277658057033,0.24305094239751046,0.05633583105938914,0.01719541302629282
11220,0.18257471867221065,0.12322660960806756,0.03595156403886189,0.025708109662429864,0.3537965086278585,0.24999998710895593,0.07463206595167747,0.515972874248489,0.06907605441148722,0.06351116548121837,0.05161121235157991,0.026460190112173793,0.105589543142306,0.05153721322609219,0.02343573780012401,0.20893376985738862,0.0,0.2028886431517744,0.05651709468496459,0.01544033722455789,0.0303753635022363,0.3519299891335348,0.038691716057540904,0.01970779749211828
11222,0.18717677566643298,0.32966583993939935,0.08557713298517919,0.05565080757960769,0.36060196949293627,0.1313212167804914,0.01875656002556434,0.5439201487862294,0.14068951624467563,0.2937329637481671,0.012706549830698024,0.055096483268233805,0.09531404471485852,0.024378568635559122,0.04969319866574164,0.08655002331920708,0.0,0.19323149658204564,0.08397340215651772,0.01362363300699473,0.03478016199388819,0.20656702971630891,0.025266701321207844,0.02989733743871586
11223,0.14694407555570646,0.10847924967326536,0.02273955701622871,0.030775710106719444,0.3175013214998445,0.13809371630009062,0.06764130865941526,0.4409640101820929,0.062053993813851266,0.0666849915910536,0.020337536138234028,0.029139469395836223,0.18442052435932596,0.04734133604146531,0.03566360853440945,0.08523819909882248,1.5037593984962407e-05,0.1502058687716962,0.0638436054577337,0.00413179741663275,0.07244320169723423,0.21835088936695612,0.030781310331378865,0.020529924178076298
11226,0.2657460063234371,0.14794966244564853,0.03128889974726796,0.055676964432995274,0.2897215726703753,0.21886159059443291,0.009488458751500879,0.4339742270361887,0.0874786210904241,0.11719742387088161,0.032479112124018376,0.02326160908989366,0.2022327016917985,0.022594279329782307,0.05950706335597444,0.1206964248081524,0.0,0.2562277850587473,0.19952392652837275,0.012082324350611346,0.015545794912002309,0.38290071771104733,0.02818518586313753,0.02775439796486491
11228,0.23295950065894228,0.13496319419294114,0.021249328859507657,0.029138587931778082,0.3970055775643302,0.16191984962619096,0.018195644082756396,0.46578176130220883,0.08227924773645676,0.08702903483964837,0.02610659241136136,0.02280281813517306,0.13129418550078614,0.022402341620353403,0.024623918456593254,0.09601862683184618,0.0,0.17481414798911757,0.2846056094271086,0.007372663539192681,0.0181969657611934,0.24552162554947382,0.025419200100113847,0.025454186590057902
11230,0.26884856830195025,0.2258634816835002,0.024182951564731194,0.036023496286291555,0.31755577407542934,0.12423782515788073,0.022989414558778013,0.3348299110756421,0.11112975595897805,0.19847180852315638,0.010907326429422104,0.027927151221186938,0.14716072013650758,0.02411835376142927,0.023980273031659366,0.07878449392336663,0.01,0.15664424076879865,0.15922903457044663,0.004379025688097925,0.019727402627502805,0.22158975676877982,0.05256491696863293,0.020478296047155994
11232,0.13321061482743116,0.24799077157924423,0.05573765923985537,0.0664932172732687,0.34883121298438163,0.11649256556514212,0.0593237879172577,0.5014377870248574,0.13488661027610876,0.2423842919680289,0.012490870454685101,0.027600299368925794,0.09297670567245446,0.03139496086873514,0.032825302849268906,0.06205554717744302,4.800604506141463e-05,0.2839247212656782,0.05833178597824658,0.006231165073392034,0.01914574707187876,0.17314626068799083,0.027634340110683792,0.020906345469526976
11242,0.125221313295447,0.09428823110987032,0.022309380368075508,0.03130853866607058,0.46270110384162805,0.13576471173531177,0.030016428787497985,0.4856498655878633,0.07269681372728944,0.06440597653386916,0.011725442645957483,0.025866288414192886,0.09585324187230336,0.02403229685315509,0.024301082760124552,0.07196893084544553,4.800604506141463e-05,0.17656306392522775,0.07278336921804521,0.006080246228381562,0.0421086981299076,0.20758688317149146,0.03284059811580758,0.01748598970122204
11244,0.0992433314042347,0.13625278884249015,0.026724207049285877,0.024646969140993628,0.46565835427358676,0.11197115934614649,0.04315748141717233,0.6395624324726277,0.06425879935427777,0.0697366515668644,0.022728534090828822,0.055728269595935416,0.10181754862838209,0.022894042967144673,0.07747952575215775,0.08255467441608069,0.0,0.6032678622844614,0.056180116379991166,0.0018865533842664303,0.02639309124864994,0.17465933759102736,0.05418871035162383,0.03796116789298502
11246,0.20408831517645035,0.1894374403502694,0.026498642826500687,0.032992177087458094,0.3216691991898174,0.16538243427077914,0.034351023571905316,0.374144840858078,0.06555385569689431,0.08710031164133543,0.010325857714335902,0.023043390295455334,0.1701120777548177,0.035687410027104786,0.04071852106547318,0.07593212484314306,1.034126163391934e-05,0.26543628035801503,0.21710273321016932,0.003414171311182656,0.019422508452660792,0.22076062192569754,0.03430105554493788,0.029699734576353526
11247,0.17758690994917473,0.21441310740467487,0.03364104660056569,0.02748460979401901,0.4044012583768797,0.1348891128811116,0.02527079699436995,0.5153663111859392,0.1021171848198634,0.06698712228858511,0.010923479062241575,0.028034699274328362,0.08112908272022358,0.025874874317714614,0.024512596718192434,0.061504663419435175,1.034126163391934e-05,0.19994715401663757,0.06659897287869453,0.006732835200742737,0.021539374955769533,0.21939620179619998,0.02454763950702017,0.02921663480812847
11252,0.1569757058029869,0.10403864276333799,0.024725319840378335,0.040275301126438394,0.3467124359436229,0.13011089932113779,0.09457438406818218,0.5377467176721245,0.06346553204811257,0.06114614333963794,0.011551536360622516,0.029430997761867826,0.08506741595552128,0.028777899963312672,0.02465789029174787,0.06278975432978597,1.034126163391934e-05,0.1766570192925856,0.059906774860004876,0.011047450033289122,0.05002949382657845,0.2107583563818647,0.03809907984470809,0.01825036855704965
11253,0.0963605960534678,0.09628637484978013,0.023379499023315424,0.034790984028246125,0.36414421390964036,0.15418872946838957,0.010275771903558786,0.6005577248699402,0.0705348485173902,0.06673119099947038,0.01406848083846706,0.05966835877612607,0.10742887946746178,0.05340885257423156,0.02553667044323547,0.10106028969008973,4.1841004184100415e-05,0.3470697020543514,0.05062290588540013,0.011345501608117288,0.026122278463094718,0.21685046948278697,0.09381434041718627,0.05341796546589918
11254,0.12109338862397921,0.10607863076503826,0.022197314652292244,0.0473828141717201,0.4675939270410933,0.19097815714274674,0.07109275695591637,0.5104355220721174,0.06397726553413696,0.06823463545016088,0.0111284505572189,0.02614081500119539,0.10297076263640197,0.03300107019638144,0.027069278422412704,0.07188223911268962,2.4813041662862895e-05,0.23254782050637857,0.056847460212015914,0.018636568704147212,0.020934918077307477,0.1944476526965454,0.023420327442749637,0.024016655451359954
11257,0.1704207420241689,0.10968026704077374,0.024645426374978508,0.037230938007139336,0.3042843189414526,0.29239155323233773,0.07069652107435502,0.47370127783593863,0.06172715049707299,0.06448676096482246,0.011737069743502306,0.030930709145730727,0.10780280912857322,0.025735424610647487,0.024155153592833004,0.10896076837524199,2.5378855618881745e-05,0.1679816860613389,0.06516389941209004,0.0070317180885782395,0.020341677250932264,0.3361811489053333,0.025240345651115752,0.02174249061629634
11258,0.13789551575905235,0.11516953742108135,0.021051823332432305,0.027019945370441133,0.35285397175597377,0.14665534025369087,0.01128944807340987,0.47166662370701906,0.07820279133669764,0.07807257050213265,0.025473557930303446,0.09194209235746896,0.1820599768485657,0.02419593471072695,0.024410583541668193,0.17992523317528467,6.215473313651003e-05,0.25416248682193476,0.06332187186129583,0.012316861280882638,0.016719570658981765,0.3011346515449604,0.05620300612357677,0.037478120141457565
11259,0.13104633805109486,0.14942252095365607,0.025406450682502336,0.04090196641976886,0.43136505869677566,0.25949939276560263,0.031555377401996494,0.5100516407189716,0.072415010164227,0.09916140886449613,0.011396644762809216,0.026332296438936132,0.09068197511840856,0.03731925292956507,0.024605705865655976,0.06286346254196505,8.402954922828921e-05,0.26735086570004357,0.052757866868141594,0.022221417408491973,0.022713814326245484,0.20922644835762338,0.022304566861850682,0.018027073373926488
11260,0.1388477298689319,0.10793737494960838,0.022912154864342473,0.07181387730709893,0.32358968209310496,0.15995935326656407,0.13101127041120347,0.5768144998304395,0.06673226469894038,0.06621822273972383,0.011062929122175968,0.045430222781867056,0.10282502430816445,0.03384654620010706,0.023845450337711852,0.1293653922640267,1.447178002894356e-05,0.1752486546141625,0.05563217353853704,0.009503279090915561,0.01929738498292576,0.27508458470973346,0.03933461688671531,0.029134582549964972
11262,0.10726370669647434,0.18160821814502642,0.019659434783625113,0.026080813077144254,0.38041609156864203,0.14694453122857237,0.008358955854696638,0.567173421844757,0.1456736079004254,0.07818508053686092,0.012721449707170516,0.019791664148975433,0.0823454551634293,0.2055576016637162,0.04651309531975837,0.08185012168017979,0.0,0.39834670766233127,0.05093418704758844,0.0020635559200454933,0.01638661737772424,0.21715324994412452,0.01994144279564571,0.021428055043709437
11263,0.14147927208995598,0.09316277101921354,0.023048822767873137,0.04063655850770886,0.3753518023174515,0.13191691310100429,0.07315930684300827,0.4657330169330045,0.064983581914117,0.06477661678860565,0.010192636436403437,0.0276002000014322,0.09657702499211221,0.031350329265598435,0.024512596718192434,0.061917562520737705,0.00013827810134618238,0.15014821337721126,0.057919176645032336,0.012565099193457815,0.019866116228082997,0.21022853605403327,0.024429808763838746,0.018973115308040953
11265,0.14601978278057173,0.19356144269657524,0.022715214202074372,0.05241834403664624,0.3562472620552526,0.1218312462617629,0.11366638994259111,0.42951969542431356,0.08231996577889189,0.0964734892799741,0.010283123444756742,0.030210929164886532,0.09570531481002124,0.03465297682809204,0.03326091536764982,0.06745262327907106,1.5037593984962407e-05,0.1976988596052401,0.17713382518102197,0.019124170259686078,0.03125387870918606,0.20452039141975897,0.02337256450154672,0.01729393840939166
11269,0.1251828777683095,0.09725846979073947,0.08667941368938724,0.031093672738230282,0.4236550663792585,0.13618441997223785,0.03352058860564336,0.49116723506851334,0.08102313238431902,0.08421876333540755,0.010370183610035624,0.03411954097608812,0.08971183494745888,0.026369707021633642,0.04698294022526589,0.07215593163163335,1.5037593984962407e-05,0.26241375535266925,0.056182127261316196,0.010442044890759386,0.01982256527708443,0.2085048985236043,0.022160975072894454,0.02790368431857875
11270,0.24382980857645786,0.22915036476409367,0.03135423714995322,0.045684974297287864,0.42700458727618695,0.13636240420504506,0.014327136012980732,0.49479762880049527,0.13017775562786885,0.09969970556865912,0.011935238389818699,0.030512866541563943,0.1262164053663976,0.022698139528053118,0.023653634468785985,0.06788270145378415,0.0,0.22543410694290666,0.0852012013901069,0.012283434167364795,0.030134183508684454,0.23412311938327346,0.03847244049276169,0.01743673472402418
11275,0.1486469702172563,0.09483126672422029,0.02512279758569117,0.03574645533726908,0.38757983246828265,0.32615331396381303,0.041132628433324596,0.40055549337783725,0.07473215343269847,0.06523335964080522,0.01748880916539848,0.026408893589642955,0.2319313345514936,0.028083032967761875,0.024704773046366507,0.17262996104769898,1.034126163391934e-05,0.1688141142343441,0.20711595956230713,0.0111910765832281,0.018453584498819554,0.41020782439051184,0.02343871175819447,0.017978406395996353
